people,trial,group,Fp1,Fp2,F7,F3,Fz,F4,F8,FC5,FC1,FC2,FC6,T7,C3,Cz,C4,T8,CP5,CP1,CP2,CP6,P7,P3,Pz,P4,P8,PO9,O1,Oz,O2,PO10,AF7,AF3,AF4,AF8,F5,F1,F2,F6,FT9,FT7,FC3,FC4,FT8,FT10,C5,C1,C2,C6,TP7,CP3,CPz,CP4,TP8,P5,P1,P2,P6,PO7,PO3,POz,PO4,PO8
0,0,4,-5.303234886196328,-6.274741236483909,-7.333361091455673,-7.901428254094067,0.7076802472924679,-9.089282903615842,-8.640151513189574,4.289055753590133,-3.3157639301342243,-8.031694992723667,-4.499626165042948,-0.8905181659430983,4.209242467700341,5.915446364466699,-4.136264634295936,-5.85594022840761,2.395127601376397,-9.429083022714888,-36.14091612559901,-8.208026887803547,-12.355239497724826,-15.018293049913357,-21.958227848634124,-15.54907156186314,-11.483010562664898,-7.606165674946654,-11.686421159700283,-18.92917434269954,-14.345200993041162,-8.203848020525696,-9.2461175113269,-12.273370045725619,-9.190963871436336,-9.519647569304745,-2.976816956828371,-2.511020998833929,-10.360718463910976,-3.5780088589422006,2.3649835989969556,-2.5464599921606563,-8.683856465649313,-4.038348789803865,-5.262380718662428,-14.38543465501834,2.443412407051501,-0.3279888488624887,-5.761510966936266,-12.134873171495949,2.7546778720371967,-5.884492749598149,-16.01924571474423,-5.4087346724984116,-11.943899780832702,-15.557194370583337,-16.47960080221727,-13.738558255255269,-21.360216018085076,-19.66584402766852,-20.571757116627587,-20.512299581612574,-19.75519251380479,-15.903528494124371
0,1,1,-8.061458251984195,-3.332464273791853,-2.160132371562125,-9.325338116375635,-3.332106765972952,-5.600461753301055,0.8094634895053927,-4.123945004102296,-3.7804819603348387,-6.01626662092238,0.6629050321558982,4.738462820879136,-4.161562930020256,-5.478509485732948,-2.57527303553709,6.19907378993656,-0.15297755408214309,-2.6358725915367662,-8.587973724641815,5.266983699394253,7.492458885223269,4.378966285619979,3.468613744588434,4.879488712222112,12.64891842139385,12.744846959717618,15.03941732249791,18.476967561152392,16.8813210168524,14.038173211816188,-3.7698992667946856,-8.131217569158201,-5.899777889745764,-11.47693124122736,-6.707307732277889,-7.321690219976915,-9.997454129363884,-4.225161174039649,-1.4848617474866534,2.5606162066276132,-6.6986970521265405,0.31661174650639,4.626702435269224,9.525466315266558,-1.2941028513326653,-3.8001658607092565,-4.399809768832312,2.267532640329858,4.794878418012187,-1.9683619353426152,-3.391676753759384,-3.784901022729345,7.826956153824566,8.637331492051748,0.7508436012956343,1.5437293964460856,11.273451616692286,12.752951809670776,10.38844849547462,10.321450412318832,7.3153299186435525,10.904414511387937
0,2,5,5.461500094658358,7.424663888903836,-2.953758812077891,7.555454143800025,2.923236874224642,17.42479228582688,3.6908065043389797,3.101729712131003,12.654154707018915,23.325737703750598,6.378593481962661,0.24906705331238932,11.516086791096841,9.36200059341585,11.537898338513402,6.655809441853952,8.462795259612728,10.517259302526345,33.18938734346046,11.747740847581042,-1.9979542137191786,8.579991158417416,13.731007674845257,14.442120882886933,3.8631740191428934,-2.114999561502441,9.272457958630671,1.4809817386018793,-3.1035969140825834,-4.740082435548398,-1.980735172994615,8.80320848354206,16.001166022462183,27.629731246247513,4.131633566845802,4.692351932705539,25.714525422388,26.33381714808141,-10.38543430715231,-2.1036428761918384,12.903471981470544,16.22228087062618,2.590545550386264,1.5421839602882184,5.730000505473736,8.753641201342202,15.15178072148161,16.66766754674112,-1.7801573769552865,9.826672749994207,19.407422739194658,9.49860994342896,5.940637337103509,2.686499685923593,20.302898777875956,12.035720753233605,5.497710517630342,2.8285470700754605,15.763189773779457,11.333361353725195,8.813747639427103,2.583904333548936
0,3,1,17.05389798596138,15.265329052012692,7.043327421903969,14.124495000919186,15.125979131905408,17.104088500369247,7.714191786706354,11.208083350483962,13.051251535866088,21.672799672454406,10.98408471089902,9.370647188608263,8.729349367275116,8.103740443343517,11.851158937700554,4.778106494573876,12.91632302182659,10.854188347507906,18.34939812285053,8.715811293844771,6.5351903210734825,10.190419947501367,5.554718469817575,5.885026641854468,-0.018217528852204234,5.980459643627246,9.447599514183114,7.995369579229876,3.4283264472160666,1.061273809704112,20.212194044052115,19.527615240070876,23.330023853244587,18.02361114759271,7.610457044730823,10.709226404680175,22.62329643946596,25.73452068179301,4.3099630356982095,7.7834810766096085,9.873325462285548,18.893426343310253,4.5041371178075025,1.3300604640347196,17.4139440930051,13.303013404172548,15.281554488749125,14.369132851136895,7.0198299163361915,12.435129303576009,11.768781188281999,5.205617923980578,5.185681201335857,7.868035218935377,13.230574588359497,6.255841595637496,4.039901794093412,10.404870349981984,11.798179195148917,10.961144108472887,6.433558017765055,1.5201219873355207
0,4,6,-6.860333869074721,0.5943283950001346,11.501491344090923,1.8644561326903517,4.632079443553603,-0.12762560366039358,1.5686163346669275,12.816258986582742,0.9054226615301474,-2.999964373504242,3.160781249846905,17.56489336518741,5.854938849352489,-4.153194953028752,0.3781509838271423,5.218829102706305,14.379774204949388,-7.347926102646788,-5.47065735135863,7.384920810394707,12.71287148450387,6.215436740346802,-3.2695941389879106,5.946080703288317,4.316931379050376,11.409797792527364,17.99447638936704,15.244843204551163,16.325374402957618,9.61226570021032,-5.257884996329865,2.249935754387431,-0.6988294402182809,-13.835820228292999,0.6132918718021073,3.237656951768371,3.420757954667614,-4.036456010486116,7.068717720452696,19.60212567550833,7.703639739442885,7.746563095670407,4.408716886667769,3.4814518399809176,12.45315029917332,-4.307625736916298,-4.763950351216806,4.558613792625433,-0.5097998539894455,-0.9877595649805031,-14.368116050368036,-13.159890490635183,6.064605066348321,19.2749286646523,-1.1786640332557456,-0.5401225686981936,10.678995649466621,22.120365301646835,15.98534417773664,11.658073120943575,10.362261126499343,10.340942779419624
0,5,6,2.1505433875703943,-5.932563104734917,2.844031598191802,-1.1129126658708577,-6.173604342813897,-5.028126368492204,-12.317682897921928,7.670267188285548,12.508245049027446,21.386778793013757,-7.818779642057675,11.677999509339482,12.412714942188073,13.102348734653095,7.716850879897435,0.046392156515360716,9.167336053919142,15.773374266161513,36.512617253334966,4.881570614387756,4.927571716241358,10.51704232528715,14.056567298180257,10.909434000348169,11.10897709376451,1.5034830014607514,0.7790871007061315,4.352883844795387,14.859851544768334,-2.5189777397573345,17.58960409128538,17.72550831914157,-9.378417434170842,3.3802867786981503,6.2500661645629805,-2.2124046421632517,7.8274338255613705,2.7676743702798303,2.9051214233267935,18.449365208243442,12.309291857590038,-5.744087768582311,-5.111891174575361,-5.928986960499571,3.0733995680333814,8.96986961512395,9.939043703250492,-4.250278070665578,7.1233808149969775,12.15801050975102,21.88425631434996,42.3527667354906,10.120320790651725,12.449921575170478,13.182164685618945,8.7981200626279,8.213357892796038,13.78286857142187,5.681907245207852,7.3559186188958385,3.7680346437434604,5.083029511134801
0,6,4,-9.573914711965562,-3.358889026064769,-6.21359016997286,-7.226497246009274,-7.523624481860453,-4.293855417565238,0.2128718855063898,-11.702357824289846,-9.436071661141947,2.449192968191485,-3.1474092105210465,-11.6839103204221,-4.35667452438189,-2.59004238820294,0.9074482349906026,-3.7085617339102246,-6.857429360647161,-3.219894024940976,4.210169698963539,-4.6157622380386565,-10.651735577732325,-5.633203395301618,-9.914317676786146,-6.435880088406369,-6.8778131565806,-12.966201806526144,-14.513890377972743,-6.9782706440948905,-15.722243649385335,-7.852987495682585,-12.830305339708902,-0.1830498356054108,-7.187890854164409,-10.395212474903767,-7.872050640763858,-6.560238566868602,-0.6217952710590555,6.967529640623893,-11.576436034562747,5.555627796196992,-1.5422759009170248,-3.373362032935114,-0.3051069439502391,-4.749806888923957,-10.969458358759827,-8.803875020103211,-4.450020520334562,-7.344942535478167,-10.02529903692079,-0.20809260751234193,-6.697153965329249,26.03125444885981,-3.210586022176756,-6.033799568100308,-10.629140005884235,-10.340321860435171,-13.705747665417169,-9.508469733954751,-10.574172738797543,-13.913245075723015,-11.850773080274829,-12.051746907621254
0,7,6,24.21938757021436,15.198228988251303,-11.940461497620406,21.105207663426953,26.59044276618557,22.122536470795563,16.0760059090354,3.964009554744353,24.036879123699652,20.109920438288196,13.777690810037823,-2.1117528841558197,17.768444490323702,27.997417019146344,19.830607203471413,11.010685721072996,-0.6852276248164562,20.04408190774209,49.034847521291276,9.753495750108325,-6.8828604020541775,8.092940387622704,22.2652759745081,13.792927757212212,4.8968378030127155,-0.7465752643964646,8.794168684359002,3.4181908061955015,10.181842433816824,-2.3621993588238253,3.2543062799632896,12.623216466830543,19.721396026724005,27.056629494275523,7.154273057935712,28.309517848373538,39.37271088966532,17.303202857785834,-12.385633749486994,-13.882730862662404,26.361677514230145,20.213639727498343,7.060224451493788,12.025679860105058,9.688579578321741,25.121778214986378,25.30581644468191,20.57641871305318,-3.71791063832324,9.973841492540954,22.115279373190383,12.387056592851877,8.777100448627253,-4.822301812469959,17.868086810473628,22.93793369200444,16.939859068475474,1.9037240307959848,11.063941193789969,30.290684933865023,16.273761071666517,9.904345444730124
0,8,2,4.606137420499428,-3.756402157746802,7.450728413133559,-1.7871231291125107,-3.7211240533648495,4.575768895220105,-8.777578032598258,-0.4053115687991782,-11.888733310761246,-11.782056271484716,-7.3463805532764415,-1.0505736231713036,-12.911628231951378,-24.93814565629766,-19.303989685072402,-11.564287530905686,-11.944017123226534,-20.572944602656474,-20.725534327509926,-19.331479563002983,-11.651102248238542,-18.464119018350793,-25.403852459224982,-21.48286589337852,-16.169727616296033,-5.112399457990784,-10.314367320979157,-9.872612731394977,-7.6184165335555685,-7.842409954806671,1.6883516091762543,3.539241418696756,2.9416818930426727,-6.397488058794558,3.8725637424106814,-5.263180180929785,-1.3108084072336208,-0.9722368537970804,2.9100385637976567,7.111643543654333,-2.892886078484903,-10.65862717394285,-10.008708556137261,-7.096194840394097,-2.1243842637575256,-17.65390744076746,-20.304280737551263,-8.007658606667711,-7.122193046822783,-14.978442420001796,-22.41538247802271,-20.762513737148815,-14.507550466760275,-16.166013455858867,-16.79753857233175,-21.46543473477771,-30.92651877263506,-7.788735343007056,-16.49293974646162,-16.618726142832625,-18.9870996136167,-17.78826356624684
0,9,5,-9.694648562794237,-3.885539986829202,-4.15596632646942,-2.905090832991935,-9.755184044107434,-6.489373172519777,1.9352882025627107,-5.366253308815562,-11.308834541793455,-3.437997192269324,-3.8892002066188507,-6.654946055104277,-10.201832656816746,-11.552943554479723,-6.883289768249823,-3.1110276621028135,2.5286127427910925,-6.152014973141802,-0.20945671627797552,-2.581556801093604,4.249486270437313,-2.2967262831516564,-0.06184868573597635,-3.6079383007273416,-5.119625851761823,-0.49494114640259634,7.233986699453938,-5.897310453217209,-4.058645652175497,1.2519305930614877,-3.892035599196007,-9.115699974638291,-0.38668523837880403,7.461781173027342,-4.829364697710133,-9.196930919705725,-3.4130540279296735,4.239823100770393,-3.0568166297417503,-5.820416812058085,-4.091553306150274,-0.9430890819341755,-1.914495854445435,2.437184927302729,-1.1455239961605228,-6.6569769010629285,-10.746606739056178,7.035623591529521,1.8312188480773415,-6.491117597262304,-5.505787185779433,-9.147787751561797,1.928779725865574,-1.2562985625118006,2.4342194040101486,-12.415054694158814,-3.414671041210542,2.1030936988990585,5.195505258854387,-0.38368641528891656,-3.6585985205772285,-4.100628923306743
0,10,6,-5.323771895613615,-6.357568673789501,-10.594770989119546,10.600298663482024,-10.82099700600999,-1.9677182282434718,2.3626846749670563,-3.64118564483233,1.3561812169032113,-2.9851644980244147,-3.773718106478068,-2.034654966510105,5.719336123989394,2.7092665526561612,-0.5380687770865321,4.149652163475389,12.68715946757938,13.49348883798755,28.787411234591435,12.391999284327937,2.588261992716025,13.807295809295493,25.72722046471359,21.465733543901546,10.278861773041333,2.5457269149582538,13.762936903436367,12.922599070570962,13.614363260538788,6.951715646572865,-0.9267669067513669,0.41395808747265406,-2.183954272237492,0.34878123097303415,-3.3342496613722004,-3.8435539739524445,-7.13970812918936,30.281146890233916,-11.19686468436224,4.3968339170124855,3.554296841958492,1.5881110871801287,1.020820613098671,10.566098509390452,6.2527074009725245,5.927965321555371,4.213715191662208,13.211301924978821,-4.771000271313824,6.882722688547448,16.38705681223513,7.7627525117430025,7.753421508956971,9.203646273829234,20.21095767413924,18.957841961122135,22.449804771191825,19.80354129275444,22.961862899732175,37.529131383317086,21.8274909627692,20.246077409831855
0,11,1,-3.3294092199606125,-6.693281836467001,12.529855030811692,-1.32024913104024,-3.5542074358871605,-0.9478834773209419,-0.9942068238061184,4.346870957657964,-3.7801295913665034,-7.656540031544864,-4.345029132077244,8.227823100640533,-3.9504179326908258,-6.535029452793849,-10.79933611924828,-4.310571027056475,1.4369396304813913,-0.6498624620186848,1.3528401876640732,-4.395694661976362,-1.090462490371087,3.1406810320005167,2.2228595191022276,-1.5703915891595317,-6.706188914388777,-2.4314912456632944,4.724148424364987,6.155207918797864,-0.5613184888370162,-6.096411833585033,0.649040053377108,0.9554267111347924,-3.8439755065866357,-1.1678235376162862,3.999272327393111,-6.310019402537586,-7.857184241616692,-1.5070845620116127,6.282986734488339,10.523057651001865,-7.285247443652736,-0.49768958407703867,-4.646485943846953,-6.0975638618905705,5.853929973570862,-4.993305455419098,-9.097357141535456,-6.363829408567852,3.622426404552418,0.33617552487952057,-0.2344869287093978,-17.08139299808024,-4.5895188558312885,4.489985949978826,4.378611181431067,3.207799183539815,-2.6427997915846535,3.2021897814191167,6.456789755909821,-0.4902691639868948,-0.5112073343338039,-2.8708471327838367
0,12,3,25.60261651630537,27.10636001545936,22.537592948686974,29.17323823801311,32.093340972483894,33.24428521712287,20.646162760443985,24.35895433397283,25.216628700949062,24.9642204355176,20.554640366673098,13.848040120721585,20.604255937948455,20.37267368613947,10.936423073227447,11.092537327237968,11.738039457704872,16.7970734830128,14.143639795334517,5.748095493899979,1.0943422909916904,11.554946299239134,13.51654945073149,6.263548132441031,-3.1082128016959585,-0.27428871429547996,3.5599317260586263,5.834716147799952,2.8553677649214526,-3.015203752077936,24.5517005574245,33.61227269402547,33.437644415648606,24.108656281060206,26.257935257946563,31.871914613114583,25.53675012699352,27.054243649287933,15.9143206976122,18.19350361105101,22.19193562163357,26.614269580056014,16.86753261975218,11.972521186329237,14.005015297460645,21.184931437689347,20.252716231182585,12.985323688486686,4.6885664042812305,16.39184093693408,15.654469316688973,-2.284501270913495,1.8739455671435803,8.201691978542907,13.269914202573826,12.421903079625496,3.2276822345036034,3.1674992097768824,8.479066633210493,6.094572698708807,2.450214590434348,-3.0957424548545447
0,13,3,9.723275242736793,0.5671041780974853,12.108576165943797,3.536411251475262,-12.446192398485609,-4.369239339582261,-5.224520230143354,8.38341888537767,-7.754660430523317,-3.3159810465010935,-0.29269024566179397,15.171957339500866,0.9393572442051834,-7.449579069731616,-1.1284992516767707,-2.572368744601746,6.1405586384736575,-6.378999594599009,9.62332595285119,-2.3982488847587544,-2.6787064355321033,-5.833990603049356,-6.158436750561545,-4.452000281796219,-6.924491435380245,-13.134709728790865,-6.938829030818877,-11.366986903838999,-7.435292349355979,-11.405000682329618,15.465265781982103,-0.20686920979855428,1.0194592284402113,3.829571479340882,7.572841692471695,-8.815630199705693,-4.359113863941922,1.7925640408222276,5.490514819851006,12.839130517799502,0.8973842870171467,-2.2468651939842217,-4.222210920427176,-2.0998624634344085,10.01271137704493,-4.479640756120404,-5.155345670015714,8.648103229372147,1.1919058559564637,5.1260677494290405,-2.5964461136155013,-4.0033542348480795,-2.0364047822786664,-2.164290757066138,2.14940429020037,-7.461944505481457,-0.8582440592893747,-10.478251790582412,-6.498384771641437,-4.003987673170319,-8.792321760979736,-10.010752077577868
0,14,2,-11.737163434912475,-6.252904273331073,-30.95920948788705,-8.480747237801552,-9.044252305149621,1.7726706855422103,-3.2053240354133123,-18.083934733524874,0.7729132254607975,3.200125981190407,0.6161118849385064,-21.33024602249356,-3.097711778927324,11.72828701331576,7.958379990807394,0.7305825788800309,-5.395735810306377,10.903421015606451,30.5078862547284,11.660951742856977,-1.6924998562714888,12.676318836989024,21.310825099396283,24.703449398642643,16.815204234543906,2.350753314134367,19.359258211535845,13.826739557519025,17.79994714932469,6.848851889508162,-23.13673110190416,-5.595794976484484,-0.44915447752104853,2.7217624964499136,-20.491083189481635,-8.110448140105825,-4.251029069330997,3.88231370602621,-25.776128597583114,-20.793576999834354,-8.18554356280805,7.1662478866737125,-4.808651428794628,-9.783537371047183,-12.205294054319577,4.843433949596633,10.311920013346874,7.590387506029998,-16.78719579664672,0.9884160830661999,23.14053704624814,25.60438162074764,10.627221542251549,3.4217616006328795,24.640267697628587,23.949326064891924,20.9584600794606,8.506633072364618,21.281858850702097,25.247873625013884,25.33739574889583,18.38268138672986
0,15,1,-9.883739448470505,-9.797829032716596,-9.955823245117584,-2.759301225132332,-9.577618528589069,-8.97181347629237,-10.376591227766939,-2.677173842556727,-9.36360988825015,-4.116468520224571,-7.9455980397363275,8.185681414375894,-10.013219303292477,-14.868671747242544,-12.989459162589352,-5.537305497024891,2.736002990975976,-6.573863530486102,9.623701438762065,-2.239238081261422,8.321475714831275,-2.3707640374238377,-3.897215722355896,-2.5296728608664125,2.9406013987140676,3.3414376748487262,8.253356371506504,-3.6913096241471237,3.7161557924842867,0.9226160287493608,-9.857393949928623,-10.460693227350804,-2.173261680185974,8.088066909166916,-8.534633787326152,-6.985619557067393,-6.697797887072687,4.03406770186635,2.3807030800792437,-1.3780056161737846,-7.240944861366248,-4.897642468806451,-9.164866107243407,-4.623570873097179,-0.5129774747098359,-8.512801840696948,-11.167515217167585,1.4421019105286135,7.223927619117431,-1.1218733094723485,-4.138321146596128,1.3156004448807446,-1.969493498166074,-1.5783943161141252,4.1721278140094205,-3.235135891417997,-4.871422124532529,2.358600379762856,3.923689058777399,0.663344205709221,-5.318029769276057,-2.6868420213705146
0,16,6,4.463152447124802,3.4144180897032728,13.130285639577082,4.1229055143733735,2.739875388240849,-7.60552208791146,1.4980140941021616,-1.2791394506831,-2.1112319168566547,-1.733254415414683,-3.910705344535685,2.6584554407859167,2.380245861762045,-1.0393063883955875,0.2894257693210742,-1.0369665883481503,-2.5831251819504475,-3.4415451936741848,7.822759263660396,-0.754368666326626,-10.94419088064716,-3.0337840227705484,-3.196897219980088,-6.157997244301753,-2.86133981396149,-7.009364738174505,-8.920570615505822,-7.7583973724718,-4.569490118451962,-5.949661902470013,13.881280059415127,-1.428224102855183,-5.478540044436912,10.799831806011962,-7.398236613470788,10.289084233888772,18.424810273056025,-12.101017731741614,-1.1465712536705608,3.946106083100523,11.48757787257796,-5.952479315103916,1.514461594929055,-5.078607968775915,4.556863981310464,-3.7718304625099073,-1.505352623374543,5.453456338813028,-8.230119475685967,3.7709620377594026,-0.9694449269701148,17.688930056739324,-1.4264232745257805,-2.9645203734767964,-2.3613054081343274,-6.336515728043534,-5.153652204723074,0.1417204572268318,-7.267956931794224,-5.1244227112691085,-7.6016088141718985,-4.579240143344534
0,17,3,-1.2076304375262155,-3.4991612345868965,-0.9318984701616196,-1.390728861479678,3.0751083609534424,-2.2554070423470756,7.0409646363710285,-1.268794401355723,-0.9331783331112873,-2.722230036146712,-1.4639007191900624,-4.15664588550969,-2.200560089904906,-2.1316794431427626,0.344165476973216,0.82875126913735,-9.12301055689501,-4.973378817323686,-3.9594985178512756,-1.8715777094362367,-6.727576527085796,-6.18325986599595,-8.826928087896327,-3.0224274316484627,-3.323598096601486,-4.091182964694936,-13.9816684877818,-3.081177510673226,-9.449178051564095,-1.448807014743003,1.5995240029225848,5.946098584295585,-7.136962257598233,-9.256595345094754,1.6760165849019144,2.8714551256242666,12.604329546393897,-9.017010058128708,-0.7556100450456141,-4.8084674861435435,4.106123404911011,-8.096616333418686,1.2834154697612106,-1.532957602310757,-7.126336164204634,-6.607619050401833,-5.165570802259736,-2.2012037352102283,-7.316313453291251,-4.263129009797078,-5.091178043949895,12.197909430214555,-1.2872111470006968,-7.812296721431218,-7.487707635842081,-7.072413755081046,3.19374772478264,-9.067476401809696,-7.372935693801903,-7.3294223300749195,-2.701629158336574,-3.879498838356171
0,18,2,-1.1054206938687234,5.462309661503066,2.881189670073003,7.30610618822095,9.667334889808508,8.035219973452936,6.921257575008472,4.769613338339073,7.105472277673869,8.191776073469619,-0.17388482894975466,0.912602926172862,7.33556811902786,-3.256206684848064,0.40646362849851825,-1.4146784688913958,5.251754610163228,7.236855189520412,20.310375618225905,-0.7201964353642807,-0.5352870841516264,8.661659095123998,9.424666558914794,4.218867187183804,-0.9411708161961754,-2.6933504359955664,-2.309337116232729,6.431098100683858,2.6683918941402576,-1.111722255250575,6.945345093666504,11.459630613578716,2.065335298275074,12.562601740085864,11.268813022836852,8.639191169064583,17.963949253282898,-0.754335454716232,-3.532265530740162,-1.6576149725786808,14.618445137734291,0.9209351365613515,0.6197569246794998,-0.11814380430179128,7.264470258602736,4.094184230740477,1.2003224031409137,2.081031767855876,2.745012296590863,9.624705342984782,7.5160585780324185,12.055683183824504,0.8198008432348317,3.4209775923223873,7.832166989220354,3.66143392121828,5.795159441441659,-1.4002642209369047,8.097211468692231,10.850348999269492,7.8700556432169595,3.8175303165051275
0,19,4,20.46467623146385,17.59784201278193,26.482245594263077,32.70003220011913,16.521975080868813,20.86136938922289,9.225455296794614,19.28539130632289,15.336942957204883,11.643423782616134,0.3287627793303352,13.229511954980648,1.3900902021290142,2.726255603134632,-8.896958185041816,-5.979711309609168,4.588507279610828,-2.616541180941393,3.2823531152453356,-15.982281646441388,6.111247382830923,-0.8397810940698903,-9.787828793556129,-13.787126534164141,-10.053527080749232,-1.1568193436577565,-5.6344320436984985,-13.04955021805335,-6.793780172175564,-4.8371758807990695,17.73756744040223,29.637787788424923,17.065114224738462,18.90161818543039,24.29321319519021,21.39801797052709,22.90698768948092,5.619052323626307,13.821520916890448,13.64814965488252,16.068792446482387,3.825453847947689,0.04228722245046265,-2.023139996726702,12.179676520950503,4.301536254403067,-0.7406900981043644,-4.720023163105933,4.655735208658593,1.4514227723646012,-2.812385775194297,-9.889085804611282,-12.24153761783752,-0.8997648758416247,-5.307472600632848,-8.84115075392695,-17.454476396076195,0.6182447525206953,-0.36229880007620063,-4.372715767859145,-12.481909800105075,-11.470857115096134
0,20,4,4.624503121438729,1.4805321409934893,4.6494796471897395,4.992053756581212,-7.1589679931540235,-6.106146480070379,0.7758149377115768,3.0350356417191335,-5.237192367748702,-5.996439619035245,-5.498806208917274,2.7702850069759815,-5.197490010501404,-8.594520695689253,-9.715300614934224,-5.147864204172688,-0.8733298558423774,-8.651965357953825,-12.19368454892324,-0.9691536775449401,-3.3053856358022893,-0.5985992002051075,-4.340334265879016,1.2898192341189594,3.153516733451042,-5.726008071870786,5.38639951956163,0.8970674325416738,9.718327442502105,-2.0816039727296594,14.269778782728967,-5.391474999123945,-0.3725008786451541,8.46438150521277,-1.8945386920993115,-2.1243817941626353,4.684949351338358,3.2464209749567785,0.07192027028195724,-1.3238074419474808,1.7051412834354331,-4.546235309970541,-4.148798853806339,-1.336995524036268,0.080689276049693,-4.7921553274116855,-13.596477683997021,8.360404205474456,-4.812454849992674,-1.15874294336976,-11.804340067705725,8.97570115762547,4.155350807949151,2.4062797558925473,8.216129223089208,-2.3900620453059673,2.8920661627951025,0.8231469738501576,3.3153756330777897,6.64046036338479,8.305590399864652,2.874691438929337
0,21,5,6.231559946607775,11.142697047805648,0.7077900982666293,-2.590944031616902,-1.267660226036866,6.686068355514691,17.28337575567933,-0.011790896357014025,-0.33614486753486794,-4.443129078008045,14.050633401308977,-4.942622025747125,-3.156518093469303,-4.026644723989611,1.682379447332607,14.86431149161626,2.722459747456014,-3.968341718018962,-14.214581869383604,9.834905459341119,2.8851720102631093,2.1645921355385944,-0.16521016362963792,4.296391842852734,9.853991451741356,6.695762089385492,10.524646502510622,16.351834784770134,8.575894118718256,13.804971289048652,0.2702859963188181,-2.818426864221692,6.343969225440537,14.840372071397024,-1.0565738101126396,-0.8066663725369753,-5.701585940789527,11.535584251032907,0.41599646024974035,-1.3331128517620092,-8.308647940321478,12.925270917098509,11.70421229130248,11.657669453677254,0.619818252573792,-0.9027814781520405,-3.1783475385206534,11.385007848031819,3.5412543279732156,-0.08688879915706477,-9.896971056192395,3.851613065352801,14.72682612466558,5.995308124482992,6.499470504477802,2.1297279205627566,13.029989058151841,6.690911424232693,5.002600780018128,0.965963504742831,4.852402293009729,10.409419648241387
0,22,5,-12.270991981756403,0.17635748554844555,-7.4366820492759,-6.056760579075026,-8.12701057520036,0.29637614601269,8.484908248638595,-5.260015367859656,-8.710306615273398,-13.275033003241731,6.578489277557265,-2.8308997172407984,-10.145465901084588,-15.237601718888062,-7.157231012995284,6.742289536519023,-6.792919309116994,-10.55013891306093,-16.43510434597095,-0.6911663488519004,-0.6859529310973675,-11.720115678793775,-7.428178642706086,-8.641469512543665,2.125132653300038,2.58284163034362,-1.3210333882655019,-1.2489674638122035,-6.301738165364389,6.602533370099193,-19.678562060271098,-6.916424766591774,-6.418239568337437,-0.43989743493928946,-2.800040514117513,-6.317327322302071,-16.01483426061345,2.4170566329607595,-4.861521496233053,-15.332000350068531,-10.800585295493924,-3.3409778978675604,7.663567103468243,12.88409994292732,-5.023730369784484,-10.294366650499128,-11.274343150508845,0.521146203325948,0.016197140442161695,-10.526986309396756,-11.69781857660813,-12.989903658702294,10.414405767101702,-5.145153942190346,-9.769526859518235,-8.232901211759842,-3.384731451310671,-0.3517570290033054,-7.265448648975734,-5.613808333947585,-4.615772458883692,2.4967318972254673
0,23,2,7.811119208271366,0.17031380681820743,10.525249356074577,-1.183313065100598,-7.257473943573303,-5.379584495069053,-7.026062522174384,3.052980033511853,-10.307133193298172,-18.845688021764534,-11.59861550271148,5.230042732116289,-7.962211527089345,-18.87667486191977,-19.5539889257492,-8.912297045289563,-4.33030327827465,-11.784245092467192,-27.9489840161873,-13.147908078597439,-7.00731857214123,-7.314969834917012,-9.972587439606384,-9.84417252887676,-10.421228460961858,-3.5545445477885247,-4.435915481054975,-6.342326895600733,-4.382963897001633,-2.0459222139381774,3.941086796225932,6.6568005168058075,-7.032124045236807,-14.122811780708677,6.463944555589611,-4.443777750087225,-16.301565282046795,-15.812621875569548,5.43045186962387,5.196705772473316,-7.968321661674987,-17.61853720811082,-9.026011698436355,-1.2264304749395056,0.6022085614229846,-12.463219490015833,-20.106418296785602,-23.344093240888366,-1.6606342624872923,-3.773207225868048,-18.50355553739454,-24.517285961203466,-8.773835978981827,-5.625313036870665,-13.147634771493525,-14.811916727618101,-5.964896034040465,-4.139176659206522,-6.823190896067674,-3.942346083871997,-10.7534727649309,-8.158980683264572
0,24,1,-4.986605330663888,-3.040655306449569,-0.055000289138860126,-7.458074703222002,-7.002386276742933,-2.947040936591605,0.647716856209515,-0.25936368899419904,-0.8302225850227212,-4.298386732738168,-1.3438309457539235,3.5218208651626246,8.175221380732234,1.3604904874795811,-1.2975257085962801,2.4255574695686453,6.3995876809377705,5.347019120959972,-10.109232460719348,-1.8970215276661686,4.556731108422734,5.861204767423658,5.15956046426578,4.384327905684161,0.07262273855711737,4.52485032144809,5.391027944423712,2.952706511561168,6.377298386449496,6.969825985500728,-6.01566114820676,-0.103139508879039,-19.16692823008066,-4.227641403618292,0.7161299887272286,-9.216254551497453,-15.664857665360786,-8.734713512949833,-0.8473699821568121,8.30662738640861,-6.9201872773445805,-6.183328720008407,0.7360667011178128,7.706985955876179,2.0859642481749328,7.043823013400158,1.3929868831594525,-1.4166249300285068,3.994012912036851,2.8020993807509598,3.264296374874325,-7.5815009297121545,0.45873072038677143,5.885935911193219,2.1138756466211706,4.654613969296719,3.0928686789807345,8.638266347802992,6.5617532152341775,7.766382309063003,4.505930363427754,5.989417841135548
0,25,3,6.558235890981627,1.8739531345142981,2.0676112709021783,-2.11977612449811,-9.28265996863383,-2.1827102545194585,2.519570331293636,3.0078370352729986,-4.550531853228902,-5.330591932302578,-6.107104422933444,12.339167554377253,1.4018019278670037,-3.9542313428913722,-4.9900919543352025,2.5313280816133155,13.645592567261032,3.5715105549954798,-0.5284005040984351,7.426525956860218,4.935334364588304,7.53534639610841,6.875501507643338,14.307437453782416,13.945703235568432,0.45939479218568735,12.15426827238009,11.907592291262276,12.82650696851097,7.267867583423715,-0.41844092070965644,-8.01712761855708,-1.9883958536495565,13.909531047704018,-1.6856745813587102,-11.155915840051879,-15.562471666078036,-5.6630484969695845,0.6678297753621851,-2.2236795263001454,-5.282682642976682,-9.19079796038568,-2.441670406882353,3.768297736314352,6.912812881671441,1.2798623457414693,-2.7892102414242386,-4.884605064079524,6.9040617013858405,5.942673155288327,4.868913633635314,-12.311204978151293,3.016894760836916,5.951454917741257,9.137230623876906,13.934481725653225,15.09039190847699,3.4301809868434567,8.93769502349016,11.051287092631911,11.443510103652754,12.02290066835902
0,26,4,14.264294641183273,15.038525902881942,4.086092111518289,9.601872076817065,9.620168966968066,6.427889916909539,7.407511365724871,12.662387390291638,8.762387407421159,7.3996618769881195,10.771026349813887,11.864505239239918,20.017284288298246,1.4639187054935727,6.140586838978004,12.228574482264092,19.770533975327343,18.536039528913978,8.079136955628467,12.572045079375641,7.995964769773733,14.6452274497871,19.044255692557226,16.636701086399754,10.470662745488129,5.393962924936558,19.027509204907016,11.08020245882387,7.734603608197462,7.376146478328582,8.027730618648956,8.19546213805982,5.556115696837038,5.071805760900419,7.759396177174229,7.470443042472185,-5.45646285949127,6.8454521374050055,10.348444827412044,3.016302097486559,8.178506207447953,8.583871555378343,11.812636754873045,10.010729051531547,16.566599604548745,20.535431670751883,10.198174887291362,10.038589371552854,16.517264820919255,22.453618488524384,14.382463874403248,-14.295151129353602,7.885088059165307,7.02432558412675,18.76364733251493,18.207529663812462,6.083647676698138,4.911461343807053,16.243262208191815,12.345024698675136,13.102923435363461,9.636008463368364
0,27,2,9.451150074058848,2.9275460556467494,5.5917922525876795,-0.06914885486362526,-5.007206118006899,-3.198268847156699,1.9030318441545229,2.780992819946445,-4.207395661928942,-6.173088398398598,0.1622370738172667,1.5173632414137002,-3.1242003975458785,-4.933551510105974,-5.947209686040878,0.150729613333212,-8.107436571451949,-5.365372055965452,-9.537676081424816,-1.5653621763581538,-3.825681383744242,-10.122719397268643,-0.25302892390116205,-3.724866187222661,-6.502607176307494,-1.9709035174966587,-3.737428377825408,-6.884551544560167,-0.8637918531894684,0.9163195434503437,8.751411365095255,-2.6812556130348772,6.143008251322387,6.973925732050615,3.3759673583866454,-3.801379196618386,-12.204124190380355,-1.4970895068424708,2.7704663182858655,5.814008012825694,-2.335084953186353,2.5808951701264746,1.2820131506361971,4.2261267210479,-0.31877274075295836,-4.916736121062285,-3.5709383872951,-10.160255634711444,-5.3669660324969035,-6.962676383614563,-7.091088661631545,-18.52787561451153,-2.3697706213044913,-8.255019383130188,-3.159537263277057,-3.9221846120568316,-8.113761039687857,-3.471995688247972,-7.208213215534828,-3.593646568496055,-5.728495952741403,-2.9301974495160157
0,28,1,-3.515044122763978,-3.6110136457775703,-1.7722312000455194,-11.377163476696827,-14.67768040880924,-5.023066172509727,-1.4592901349362981,-4.240436231842401,-13.691458489836716,-10.764328899270879,-2.3147216173933765,0.13047370925068513,-9.147361144173617,-14.866824880708009,-9.104162018144184,-6.139358212898781,-3.1039034072536893,-11.313761919536683,-9.653998427865348,-9.60900122909692,9.019975727287731,-6.311375760041723,-4.872829425398533,-9.565692061444791,-11.819702178421549,1.5948367321114174,-3.235669755853893,-2.585646307425256,-11.225243412412514,-6.2769048396020874,-7.4900577973528994,-10.864242147199993,-1.910968277694248,-6.051148835546907,-11.224321402018752,-15.406543936625845,-12.46224129181809,1.90841128891788,0.9881274897502974,-3.0948535263788233,-12.044122373458091,-1.174740741404181,-2.6423247167329507,0.04032806401913233,0.7536176724768243,-14.771067571919978,-10.807180544815774,-1.8147203402775456,1.973166708652751,-9.50093180372766,-11.136393193700691,-19.938170992882874,-9.2863230377254,3.066607516395245,-5.470435090919549,-9.895236793178608,-9.711417985625756,1.0060436007816624,-3.3666389443025695,-2.906368058492861,-6.15361904421049,-13.694183977843238
0,29,4,27.14635866662353,28.041581885116866,17.172174705737618,25.53691348051881,20.47808900184748,28.302033518509155,14.994864280517332,17.647881597490613,24.142547209724412,19.174811050432126,18.663757036939806,5.676037387701822,20.707924429690703,22.766669472932204,24.722433432482372,4.522165686255548,27.290538947256966,34.322573392697414,38.25029364623492,18.606033915418156,14.802961330542843,37.697253211787555,42.56460389435834,33.13593214382304,14.576178318207585,5.739109322678571,21.279708122016814,20.956071822835902,11.544307158078729,3.9066898821762237,22.148718531538787,31.07977729345239,32.26818618578156,17.464157329826826,20.546481803468446,20.059436208159646,23.7385793885375,30.677214185866287,5.581700053973206,11.60071760670441,19.62468560303493,27.144149015657604,7.71359919300076,0.1924115663093353,20.468913898553424,24.279396451966367,26.58620254894174,-1.4530728179052832,12.669846205313394,32.6672550248184,35.935890902573774,19.65218072775297,11.271972915975423,27.573849830140425,39.27957670799479,41.97836748701409,25.215126974553595,19.54622640396559,38.53511634800676,35.19051124264554,31.89976976557477,19.878365729685594
0,30,1,11.34237063172976,6.209538944928742,4.9701757736776635,13.704659548571048,8.104902790087014,3.1599612247834856,5.491263304132874,9.663717962134184,13.0448603081267,5.517008276974291,5.4777890096713895,2.7434821339187825,15.289968368824479,7.081218724661483,7.088380899501775,5.471055748020634,11.450841183842327,14.268567854175107,13.714833411910547,10.81717308001912,2.982487517976904,9.311565139035624,10.937054003038005,12.382073153446358,5.441772784742457,2.8313952410911614,9.709453628296268,13.921127932259765,8.960791378724949,5.378889728791826,9.934903120622039,11.202361613387101,11.090171918023094,15.051987238040912,8.265410275209884,7.227161336463039,5.146428282531652,7.210719047568549,-2.230910894520605,2.2438333269617536,10.238860599060613,5.249172186728849,3.9618434874431703,6.8505148266374025,12.167739965839358,14.44021788162248,7.395822796879756,11.129761839603523,2.043958017897862,7.171011671605639,12.616340112645274,5.634370660602409,9.544715888684662,5.215837951670063,13.880922330179946,14.098483938530716,12.947601073058086,10.280618918151035,14.063272392541936,18.812435333071882,13.201807549774157,5.437330738615059
0,31,6,3.9297530816118353,-15.239254370144355,-15.526457781369635,14.723446719956069,11.537385080577572,11.324234786378103,2.923875511362695,9.65585064533928,23.85959676423725,18.512894585819495,7.182169092864521,1.9767861585132769,23.190002008273115,23.280793865387338,18.247461568337027,10.861008404367947,19.467807631928288,25.672598104833117,30.687163317076305,19.79236596064051,15.07894856732611,25.202896528099327,27.9110827588635,31.567035022577876,14.019534204791231,1.6038459895899881,20.65302622917948,16.66434187310317,19.03829364178749,2.92616417281693,-25.72784373600307,6.696926889123349,11.211531800467801,3.9323585450779888,0.18235763311726735,13.369643464752638,12.538866702285478,10.83332434959039,-14.970478043596191,-14.515951803544677,17.785236714663355,21.58230656748866,4.984648770221125,3.3265790139572,18.3884541904781,27.132764440052586,21.884889961742786,19.480832598580996,4.306680675050835,32.77047140078572,32.21000045306254,18.58124638612314,21.390395826296647,16.203738750322024,34.63777255085185,27.243950403136434,21.82652821037463,9.935585072292469,26.333347148108636,33.230637306392936,27.171143409864186,13.722593530649085
0,32,2,13.507100833138379,6.3104357647754945,-7.399697620921385,5.209068862847677,3.68378186779006,10.216451225024308,0.6326793771501196,-2.7724382922766035,4.26064626795308,6.998210100252635,0.3953112720443712,-4.533460976533228,2.4705038375459716,7.200069925747812,0.3683781581192562,-3.2528757917859443,2.455665584562753,5.172791993472632,11.619934009802645,2.862563468334152,1.2734380424386127,4.961856215201294,10.878170941115876,8.417021349208747,7.847978444610973,-1.6170876845263118,8.697151809749077,3.8936422633052583,7.450452484991171,-1.7383580697791245,1.4064993732892792,8.162965594631867,13.565723220545166,5.848627125526348,-0.5009745034352286,1.3904683047099167,6.128004044237571,4.763447088714712,-10.248513544807443,-9.836341004551775,-0.8980201505488021,10.869458229530874,-3.262388207126272,-5.561428670811174,-2.977271572868455,4.576900408080802,4.5042904041048795,12.612122931994683,-2.9828810624823694,-0.9441646565569621,10.868096777351527,-1.0357252029054678,0.535394292597362,2.9215026023547814,12.486195941478382,8.776663684053347,8.969925847131664,4.01621517399326,10.070646367072715,13.588908986074896,10.230489915373122,7.409100263538516
0,33,6,15.992356116287173,5.040198160255918,12.453635649301301,5.778809104384514,-0.585520967943367,17.327622349532998,7.151052019098869,5.423228108613728,-1.7122935089098172,1.4970740623226972,6.505577990092432,6.022443035293777,-3.567014860034709,-3.328027460996691,-7.285561446100473,4.490210821102489,-1.831170435370197,-6.988557193155703,1.6877539078705013,1.8168481792118865,-6.73919114933872,-9.756172849274265,-2.0585865664591054,5.123914330107409,4.394925730984386,-5.01386029330059,-0.7840144367116276,3.039426554051204,2.7824154951405244,4.464802647500707,21.37342712237705,10.18841980765688,15.095086792075053,16.323660397288833,11.103822431720161,1.0523744567819855,4.219304036076477,12.394625051832971,1.901274534135423,8.803226188921206,1.9922936025825209,12.160930013602105,4.422632841575078,12.462808320298791,7.101942143564836,-5.496484335761798,-2.3399203666826542,-18.238886837143358,-8.54473883602711,-10.282703476140227,-2.2112859907764477,-10.075788323881056,7.300361503279067,-3.005420634477609,-0.6292130731318859,2.2190792171693423,5.415182016471901,11.791588809432051,1.3549552990532485,6.385853065041513,5.205842706806411,3.3182466586983588
0,34,6,8.575585076866506,9.306532968511442,5.910978785775626,-6.619545311189999,-4.303370243301851,11.792485607833392,19.91179213382122,-0.08437280358019586,-14.654392408752233,-12.88478197641217,11.561107320904098,2.202261134255224,-15.156312027264669,-20.709334474738405,-11.190790360447066,8.752244005695259,-7.118647552081148,-18.486032923501803,-28.931693785165155,2.1493531107297756,-6.52789300716505,-15.816486532197937,-17.112852527782696,-8.913686616374633,-2.3879778519181944,-5.019954942888009,-10.845230146243072,-3.9309842723262722,-10.398226555118839,-4.385104391292286,4.349517204310383,-1.176339618021213,0.4712801323976461,17.18483156283817,-0.8338089265701575,-5.550322405284082,-8.401598123788116,8.451121822181275,8.98546896079873,14.358871963874602,-14.429019499479285,2.638143315326376,14.78327479751827,17.335379788152338,-2.058326134821626,-15.72504850331603,-12.69531555805446,10.54492284527912,-0.8085233880570388,-17.27286722392933,-23.113287117418842,-27.009207884803793,3.499605607332254,-8.666162305556956,-23.568429011435573,-20.914096239704357,-5.72946670789431,-4.100197216768455,-16.550795839009137,-13.614853533030274,-11.760063102094046,-5.7880890622575984
0,35,2,-17.21360111615632,-12.798991486748191,-8.625663148205186,-16.997380532040374,-17.398827472383648,-7.431374068758114,-1.3820567925165352,-6.807808583210473,-13.978373492599419,-13.23961181504789,-3.367387351375882,-4.863092415281091,-13.582336640030865,-14.786909656053993,-17.324202022356236,0.8924184452810483,-6.109533504832802,-9.587455331665897,0.5879884756329227,-7.08316755307435,3.673993929564702,-6.6198263185144155,-9.318990520281126,-7.042262268184525,-4.071637021059671,3.991995055421553,-0.974157728118505,3.7645736199508364,-4.492203304157932,0.2953595735427985,-14.547431499186185,-12.545546236905128,-13.508942485662038,1.5119276666593535,-14.86066139320326,-18.931572988788346,-19.204443934282708,-6.89027835787615,-4.010858864492236,-3.8978466947403962,-12.17351787391391,-13.348687720218136,1.0992953175247266,6.9792669029259,-4.8493600628571585,-12.211580317422028,-12.586712159131215,-4.915655756108009,-8.070429112591851,-7.064017673152767,-6.752987170546524,-18.079176071781387,0.1788836455699513,-2.8241714948970014,-3.2010479757176142,-5.942642465580207,-1.2145860976562246,3.6464348215320146,-2.875894567838346,0.48574789381790473,-5.235312245628603,-2.7950085246390306
0,36,6,-3.6024488247931004,-6.240390346658122,-6.599526926579815,-7.953138553151265,-3.1728300902901636,0.13243033287183442,2.1261160633095124,-2.451806011885154,2.8909396764527022,6.187643057893867,3.1814663555109637,-7.438350070597289,4.822812793276656,10.587108014367246,7.6282940906154435,4.96530205336195,-0.44270710644834566,11.557291087013015,17.285163809159187,6.383267871243308,-4.550718324009056,5.136964662443487,8.615307823845704,5.216062691176263,1.6134119546949508,1.140072980986501,4.027175961999316,-2.2411870721432314,12.435944297254409,2.5811506448336305,-16.727610542052773,-3.6074503301642835,1.275325855132326,-7.561334368091346,-10.83330647374799,-3.3146119129548737,-1.6049775501213432,-3.744636757776322,1.4080422124938994,-8.71099117146124,-1.436845175558474,4.006174151149649,4.104690333990177,0.2067338153208809,-4.266549373318144,8.461673968630596,10.887405091578634,-5.425309885922703,-0.30993462254849746,6.227810274582451,16.611032383198406,6.544158886766014,4.928968991698106,-7.023763596693555,11.420247701167058,9.75447151487375,1.2687279111592151,-6.73293292799556,6.335695727296722,5.142448802533626,5.85218016957728,-0.8180537276742305
0,37,2,-5.641530561215453,-2.976977946872752,-16.4665712043643,-8.087505009079283,-7.891856939435325,-6.417789973295864,-2.615649677182706,-9.571712771271606,-9.92353371553486,-7.482164839418925,-3.1374038612930004,-7.695764482884509,-9.801525022584672,-3.7277831741404244,-4.4369884446978824,-4.949143264329107,-7.698406080897081,-11.434220013542847,-4.136451049503393,-4.716030701268011,-3.8005002205509983,-10.398578894551749,-9.560665091113526,-8.631903487371234,-6.190005702682111,-5.753628328817372,-8.079274901734072,-5.983407384031679,-9.473081746405537,-4.294631840161434,-15.727646261913607,-12.353604725593264,0.10537473207748138,-5.07119271583946,-12.815336805654736,-6.243746831422536,3.0236559539306427,-3.931405812558695,-7.5413261160627805,-9.097878344175287,-6.910807737944332,-3.5146636601719194,-1.9180208224825916,-2.8033944764685588,-2.9101049919022115,-12.184419867139678,-8.964791389295783,-1.67329877751266,-3.6328174864771077,-10.132150234699974,-3.454480518013377,-3.3802330958225353,-12.350322395494976,-8.794265710816882,-9.350337424338223,-7.816429764123228,-7.2250975128263235,-10.495846091951362,-12.187929578943226,-7.974257883099023,-6.846486571381182,-4.932836277841975
0,38,5,-4.051759104267124,-6.326390117952006,2.0213240316909973,-1.7916443045563417,-5.321536780221434,-7.578959371718556,1.312243904600421,0.20879257009251245,-5.818391246107837,-6.09512705989068,-9.309317232268606,10.250551780944175,1.712503042901162,-0.9634448487606879,-8.111334453950205,-1.8017110419686795,1.1717929170444243,-0.4172532423058666,-1.9079235811695114,-2.982543802433991,-1.628965479208202,2.4812013995265816,2.003923615991568,1.624837662502216,1.9110703914221854,-1.139998854365109,0.4570064301341298,-2.0951905922010194,-3.7937849871359934,-2.9096732766299347,3.058349256471886,-5.108905092898256,-13.646389668693812,4.753434080653252,-3.131763842115859,-6.464912649948242,-8.72109361201888,-11.495841148695565,4.2680537924284065,2.1043862492419687,-4.606007075346098,-14.759373689978943,-1.2505282784880292,3.4195344316597107,0.2431996705964572,-4.326249569177442,-7.917183464444127,-7.730192346225784,-0.34392786280410886,-1.96181005435405,-3.9197758220408807,-4.834726347065554,-1.4700082089842823,3.0173902177229177,0.8949651639772271,0.570200006613826,5.9763088964334665,-0.7945868957606027,1.8583742847166416,4.904477898576631,-1.0016910178450524,-1.124657519297992
0,39,5,12.577253396514946,12.646892729360143,11.762760542287705,8.18163534272008,7.221759037273685,11.868114633772452,13.704812725165441,6.429810785540809,5.2065502887637125,4.430244903738908,9.074521273516527,12.330444420029108,11.509562999010086,7.658726583814202,8.63278977954391,13.299654284355839,10.583169114298935,12.47937837642867,12.380767671655434,11.041756819666038,14.259124438085294,12.486824333733065,11.764252329512109,17.39784381983848,14.681614079807956,6.1143510628991375,6.7317018129340385,7.4425468679954765,13.370031839168467,10.312035092516105,17.476765653777235,13.166243178369596,5.4868417016071485,16.06636319140245,9.399843336128416,5.308678289580088,7.877831166769136,10.238502972350433,1.9098725231682374,10.658645138189915,11.228300971254452,4.730983912240622,13.041087775400324,14.174675198044723,9.242178603961342,11.027117775310197,7.913607335740294,7.019418686247861,11.804664628898223,11.089298366046533,5.107944742773612,7.735260008811589,8.644534711544285,15.858112228807157,5.495557212338944,13.148904276512024,21.676470212093218,14.31810203449028,11.216637902756835,9.399186889266185,18.02038763456256,15.967923847004402
0,40,6,12.590587122274979,7.546148707136151,11.30670175435613,14.608199581685593,11.840310649492032,13.582068457654332,2.5629151111650397,10.281055970417011,13.700071811477262,7.183931721828693,-2.5120298714808618,17.39973171081441,16.6228923583176,17.030781089123806,3.257077672655081,0.2782836977119849,19.60221259277769,19.63053517179882,14.956020304751464,9.947639119743206,22.2126846360724,21.865096301658124,25.930779115319627,26.154294931307057,17.976003194318665,9.869792794876894,19.347592412658813,20.4680044859557,29.031722189631406,18.480464473593887,15.862766183004158,22.568079151487872,4.060060806254426,5.908289029762695,12.12552170113877,8.819433692547424,2.997420384633785,5.12108423324052,0.2070632655082676,6.039725708707072,14.45289524356697,-2.6796718332064695,-4.922335360630798,-1.883810448108194,17.781310636777338,16.38508740821625,13.885287830713995,-16.508710267249402,21.183028565946874,17.206740049418155,18.053859778293752,8.109485196063249,5.619412477060062,26.905386290865067,21.99084179996081,26.26325844464506,24.666968354364716,25.16782019605361,26.444502431922036,27.543327806926335,29.027997898846486,23.107550016536226
0,41,1,7.7812742189754065,2.4745933725612175,-1.2971885603222226,9.303089677586172,1.3247091395825834,3.4514944414585487,2.770709015974185,0.5279152178767754,-0.4497444000458586,4.1767281926259745,2.8123627727533265,-5.077805882285733,-0.19173219101503491,1.2881717433380668,3.496078108414647,3.448250401878684,-0.6202345648099029,2.2594122995690586,7.774372409342037,3.2389495621049202,3.4223339944260154,4.23013709446915,4.522490317865115,6.507790008241811,2.125367558402259,2.777927554848535,3.7591430072377374,3.9451711707430457,3.561495043927939,4.134154797247728,0.7123444247536537,7.934915727410442,-0.3873109873157137,8.160950325338577,5.683851075438192,2.375522943713319,-1.7238111394633526,-1.307423880414631,-2.039378015524651,-2.7035806455064515,0.062310805146739034,3.2588733635138603,1.701105372366927,0.7884181320451475,-1.3287628628256716,0.7747217632160046,3.341971641690355,-5.16915204516817,-3.3374962614218893,1.6971051641172026,4.330635365794366,2.5393460469275015,-0.3241241328054809,2.5463858880727286,6.680397551359108,6.5168271895452605,-5.568225823524525,6.654849024444092,7.239067361962687,4.273004160603372,3.6526727917626847,1.2687457646129712
0,42,6,14.822570937980968,5.823185834488491,7.435558058730351,20.438821049906853,10.690638420694484,4.361885317987418,3.6564172044986964,11.018726878617775,13.423507172750629,11.781133956298598,6.343172271804117,8.728659834780892,16.308814521583656,3.4636199901720914,2.8909013600417977,1.9453115416349944,15.966005402798883,9.09185260380391,8.215156033498856,4.5031536919314625,-2.4130309230034666,10.206609399489517,6.397998921845753,0.9359472084381617,3.773462585764147,-2.044622068443881,14.855399407389598,-3.7111773066131803,1.1893668952852292,0.3307219202880103,-0.5489734127981263,5.709397121525663,11.946512813464079,33.186493018778364,10.711969665001808,12.591871897258406,5.63045501082045,13.256559917476123,4.443530022530112,4.889110990073078,11.571878899888302,7.429895087917597,4.66032543896538,6.059915273336741,14.062296577365831,12.251548259030661,3.514063244276656,9.248579806898059,4.0133212745280495,16.25013354070848,13.735390835509802,4.73416902737625,10.293786878265973,3.2684855267814354,20.74507499431692,1.7333157675276156,0.7301407126119239,-3.0183608867284826,5.794490212756328,2.4133298708716504,-2.1655015641505417,-3.14257888100678
0,43,2,2.946369085438188,-2.836565252484347,-2.485727688570214,12.088759464299773,8.180917618659937,1.8085975746379996,1.4595302758715696,3.760185121467744,5.023285790869011,3.2802686333292854,6.410745190933533,4.172181476259652,4.327677469791438,4.9794915741445855,4.586239048484259,4.599886841027113,7.849110027939847,1.3196668981052002,4.292493834546431,11.652126419463007,4.212534968491377,1.4764273138489696,3.7932308732656868,7.974010127210405,14.319427705040528,1.6812632023356855,5.150855193857291,3.3401579495133253,12.460654980116873,4.651811777636768,10.693563011225041,7.513882264858346,2.5756945035579384,-8.314854958713651,4.101908662714199,7.981387103408027,0.43107975637767193,10.302655525193206,-3.254645995560055,0.6248912059860995,6.515442791281315,8.275793828944698,6.042573799299672,6.0930580170370865,8.800480315678968,4.232022270105967,4.966331492802811,10.464322920161766,6.675398799798045,6.090907175457341,0.7365723812680041,4.443366593022542,6.364209933914873,6.417641887736577,2.9641218617467673,4.577454607456734,10.503041647851655,6.574810985702927,0.35896034869251675,6.15932805230841,8.22869932236967,9.451415745904905
0,44,6,2.592119033045204,-10.668681194824048,7.178593043374215,-14.092335717207401,-19.71936019291964,-15.679609047158108,13.4958821135096,7.098498862577465,-15.401302267138547,-21.66579563679492,-1.841443911597996,13.948255155803402,-0.05011122419339997,-23.549764281127413,-16.959841802654676,12.196305291045734,15.182902861659112,-11.359134875783106,-3.9106516815756067,4.60576188096936,11.897489711057348,-0.19029397381151475,-11.17395716987937,-5.844026737903222,3.046090955153202,-1.4750632417456404,-1.0191397898171737,1.0183045171150127,-19.616751907166186,0.47753324995396534,17.406830108520108,-6.035904441999913,-13.144827576263292,-3.1362186402434555,2.1808277293585414,-17.87961745939059,-26.968928343184842,-7.317324953755683,9.552649746512675,16.402868219894575,-6.30539608138568,-5.816347796174629,9.282989517766449,16.000517155929682,9.526357762220247,-12.975647909913166,-20.179434409072606,-9.778467058408548,11.314249793135723,-0.0052900040613081956,-13.325031813631602,-23.59883848861678,12.180680326731292,4.882336763801368,-5.754989736074605,-12.871920698390507,1.8152618473850022,2.232239066353409,1.2300423229542332,0.9867787620296875,-12.32681720099617,1.0822195359619282
0,45,3,1.0673608567293087,9.216387342343596,-8.314285399483094,-2.158648343665932,-2.9514062658134037,11.311424700338868,14.955328078134128,2.5475813581217084,2.767515915803753,3.698556292291014,9.83369206042005,1.2824729175147849,5.9541830594520775,9.031064121836314,9.349532805405937,13.624585528244706,8.415925615989579,10.560226035508784,22.993317295047543,17.56122777006794,1.4358847028144242,10.051659943354197,15.759097967932876,13.735191327178994,11.080148676069596,5.572588683106005,5.479239983123537,8.580195788555312,6.159422460716313,9.575551961548626,-0.04405727658261904,-2.7405626581976072,2.987644921851964,13.990659826276154,-5.107926816634109,-4.616451854204259,0.9683184451082824,9.881282240294343,-0.19959452984536852,-7.746841471375354,2.859110011151296,10.740542805946742,10.98629165229546,11.69530270815396,7.928029134477729,6.144729971363233,7.511784909770084,16.48220627513861,7.870934492891388,10.948052895550688,7.224078453077768,6.79691173299784,18.226015437144504,1.5864431317242544,11.259326220387832,16.52773504203367,11.84013178873034,9.55954391708053,11.07875911019198,9.660772754379153,11.153453260966833,7.154331833714761
0,46,1,-0.8306875162780638,-15.468854655102803,2.074658713598802,-3.5703917849303513,-24.269889353615472,-25.221346564954384,-25.922214313251207,1.144006677659049,-12.085878148067328,-11.649745784949786,-20.93269450426465,-2.284166689462414,-7.791067561952444,-14.729656323603145,-14.359032862643687,-14.832724266072246,-8.641037937026564,-14.46159772502212,2.1881484509468425,-3.1943199627964605,1.502213519611735,-13.980271304466344,0.7573214415915139,1.6873911737532512,9.278437655626389,1.138530128635466,5.05637740720881,1.0453577129533747,12.780020318141695,5.818396365760172,1.2755225211745365,-9.245103437044635,-16.78817670456157,-9.131603300934893,4.299646035063916,-17.453321893222444,-17.644974925623433,-16.580934659191755,-4.012501276257197,-3.5482200105495703,-1.3189949552505862,-18.983068727212398,-21.14267747322234,-17.269618095239483,-5.277655678165213,-8.813722235749747,-12.883098651882168,-6.688829624207644,-4.988094564599681,-18.52778632361897,-1.7668927643538979,-13.991620239347407,2.0077934221551956,-4.100261159468349,-3.940402199582357,2.354434120400652,-11.142794145782267,8.039687519438754,3.0815454422973274,5.201497643623819,5.336408253759146,3.0664695086264313
0,47,4,12.244191664248339,4.30582503883577,9.571081836628391,0.6312105332660246,-1.7542231713489786,-9.005484984597048,-4.602050510433885,2.730682313987394,-6.6521259438155695,-3.9922247755273124,-5.030231093488085,-0.04956711151795934,-8.056349557483708,-7.005717064537922,-11.984930190812824,-8.2661894261837,-2.029942190274596,-4.488174963190769,2.33874532403197,-4.830294444112154,1.6493720417251685,-2.407171169853852,-0.5703223233633661,-8.980814927507465,-2.061394016462856,-3.5472008343615626,6.6041732023288375,3.326374701883008,7.067259083070409,-0.8540164045535208,-6.062221849655232,-0.8898514609318227,2.7946227343082897,0.17614290617951722,4.73470301869348,-0.5767569727854941,7.061994572737957,1.027403150208114,5.253821070692159,-0.5739931604688664,5.7946256522725275,-11.347374540367513,-4.841319078579545,-4.3678523414944275,-2.957324695258069,-4.426170632186369,-7.859378447074717,-8.07085052664142,-4.5314431330955705,-4.656210563986037,2.482044340917703,-4.58320195870133,-1.6756998535654537,-2.282048984124072,2.8852000239237054,-5.477096843714944,-7.260176418008424,-6.200126090518582,2.40675743038925,4.241184762020301,-2.6525267908667627,-0.8066025138946208
0,48,4,8.41310801738646,12.219194806226318,-9.10673937237845,15.554348963880674,5.908572615467849,17.911378157779385,16.45298976560191,2.5187606215022678,10.287283346758272,11.35745154162187,13.978166477144228,7.313963439468887,19.296497759965757,14.635490168749188,14.42830163004196,12.846384875748935,23.209777697375642,19.769617086594426,31.938611297516108,14.816591096087915,15.505037021346201,21.666853138949815,19.340667474327798,14.694700109840538,14.67413499478886,6.86637992593574,16.07863433204773,16.41878186161744,13.191498081585973,0.8247026028338702,-3.566031574794068,12.802192072861082,17.4733811074459,16.532491402291672,8.03989697783112,10.51671008316504,22.420634200387624,21.61222830723697,-7.270235482966763,15.35207227916207,17.50151993834027,17.87561481382424,11.977841945183345,17.126727885032846,15.690053706568452,17.977796382520626,18.728997690375987,19.968105421833144,12.329591340226376,21.841685467195237,21.107749248809377,22.257623308678948,17.818588750505036,22.117757258709613,30.948200294884252,15.16228674284025,21.068057085500982,17.41547653524252,21.696125953730842,27.171638884831506,16.81158991387432,10.58254086571497
0,49,1,-2.3409727780693568,1.024537156813028,-2.362671969565652,-1.7741904627452256,2.1526559102462537,13.884748798954039,7.544628882295139,2.147774485916627,2.7115271207706138,7.436191579622287,12.360414633845426,6.64382442913768,1.675058726993639,9.40478861710324,13.556249051559245,11.961649958907461,4.887900132890337,8.405335247516632,13.894092644905529,11.334881291156874,2.4499539917380293,11.095393044544714,15.686421539395953,14.756558778627609,11.027569828827561,4.1812850756616085,11.689021579012651,9.074217357434238,7.834483730584019,6.826509076633443,-6.83165614170636,4.3752650265104895,5.882873296306086,-2.8328640005074273,-2.6242399731332897,2.2616039245139516,6.647346981324067,9.995147483230273,0.8205033193609291,4.245330407954298,2.620799227027088,17.879019677320983,8.814284191398716,3.2598926181728958,2.638209593845758,6.679455086497996,12.44023814090958,14.41379558258666,2.616459456545002,7.219932782827183,15.770183656478252,11.47949061415545,11.302676097467167,10.998608664177889,14.929669727548578,15.67735620242792,15.922553448528959,2.620939788567582,11.13936365014171,6.761648979537728,15.095142983013716,12.662497351354943
0,50,3,-5.34601015573163,4.007295508619125,-4.331779852532213,2.5786217986492503,12.01165130121133,12.412278207632271,2.296274205692475,-0.2683141158149084,7.196598687288688,8.098036602253048,8.42538423423667,11.200468663046724,1.8711511706251918,-1.1715604079995154,8.488808858026633,5.9798568956917375,0.7854934042864832,3.0440372617023694,-3.861531623798173,7.900411536599079,4.732171674327152,4.939577242677531,5.822179399975913,5.761056320605482,8.044862702474699,3.151511548268724,7.733242197024706,6.668175053208495,2.9194896740997915,4.3163489048573656,-2.00057228768199,1.1807306711448415,4.244400605445774,14.103988708090599,-6.084598000865525,5.695082470797362,10.737564241604462,5.492670703974623,-4.482670399004722,0.37189806166400263,-3.9556439698775994,19.38989241625659,6.132415373991359,5.677416693600943,3.923474523647712,1.374994088756487,7.638766909813195,15.013564675560827,0.818436773175875,0.5899476580372909,2.884380132641369,0.12865752681362785,11.136303507629217,5.435892660307082,4.96705679577298,8.63592143537386,1.4001800078535214,10.172135857927683,12.246454867886426,7.658021674050647,6.137215103011394,4.629182862628979
0,51,4,2.437971629770246,0.13683399644385263,13.564711595294856,2.974610036693334,-0.8614853579187525,-1.6770817694004347,8.103349759893652,17.93897285448706,-1.0889655190360954,-0.819067714713152,6.970237242648515,12.460657623142191,1.4546055471589896,-4.577405973843005,1.3228903546270625,15.53493574818187,11.554218256073746,3.0861278048875516,-7.158475047022824,12.197403681214626,17.00988401627032,7.768068123040955,9.736468269978083,9.095694277367393,17.820170027998884,11.65026435930645,13.31176464083581,17.956929872687,15.397805533386071,6.387329394667887,5.611757110554455,3.5457907969631774,-0.039520922503092804,12.575332574319189,8.440202033147216,1.3600792422345487,-13.534833479418914,-2.97420133598058,11.74400133472618,18.24802627826746,1.3271433173837823,7.968860628637032,10.947240747667555,12.956267989558606,10.639303659293343,-0.2757574138061196,-0.4231970816873365,5.54064909389978,14.983660976964655,2.846616616699753,-5.3048722775051,-4.499907097783477,17.144276114748557,11.704447312280536,1.965705414825095,8.947521599373083,13.689678175329442,15.590467260389518,9.772129701632192,11.415716177897481,7.62119559943676,12.732726608925475
0,52,4,-22.291688081126946,-13.943018646604123,-7.609721430804487,-15.358984366786192,-15.963259550174934,-16.981678890200648,-13.49478643673768,-5.838034143063764,-10.159913055644164,-16.48669958516683,-12.319417299452896,0.5840548042083016,1.7705351729854604,-2.1913542828136467,-4.719251808574106,-4.430076276451894,-1.9843802743750376,-1.1545075972723549,-0.14111506659537554,-6.560366119547723,-4.210276966778245,-7.425775013330229,-9.51915447136796,-15.954523519090401,-1.9488850879687356,1.4144842440997827,-8.412436201952666,-5.735300729499858,-12.601517219627395,-2.026764683858433,-10.931138162529557,-18.284576465194,-12.077109110791506,-12.35277457278585,-9.218785994777047,-12.26359207383016,-2.562695362309857,-23.210252962007033,-0.8106588604064966,-3.101931644490036,-5.5330140833265915,-13.138643453124818,-5.563109437957769,-5.564381517134835,7.685422046161138,-6.799014014396363,-5.805203141485592,-7.059399464010065,5.855273497009808,5.013045546266514,2.176947623173276,9.831648731490644,-2.222785475476442,-5.784116970466043,-6.839127681740536,-14.121534574629244,-14.69899652734762,-2.596584088010033,-8.68793315544906,-10.796179001651161,-14.9083741337697,-4.207436539300875
0,53,5,-16.140508291879435,-15.507210907549034,-1.0704899229018423,2.9302869329751475,-1.6594107831578422,-15.564538086242067,-1.915954348210973,0.44849795342150367,2.8755215728519183,3.5765580322320853,-0.482695611818443,1.5399410534059481,10.180779811630886,15.034791380530459,13.27272899725996,6.177949268734315,6.621476481912841,14.265847490873284,12.594538849290089,9.858819266383701,2.7377706616208317,10.471822486781491,18.09620326852836,16.003074109917744,5.463663548321987,3.093205966753885,4.261052408573649,8.678183243939335,13.661547000451781,0.3472715860982307,-18.42512705585943,-12.96146093497462,-9.264309591670498,-10.059647347051193,-5.988480351058904,1.5092148627268096,12.358514230880074,-10.463229611675002,-2.3125734577273427,-6.987267087463558,8.28744676041348,3.2122642119392415,1.6615563645765825,4.871197252148174,3.9608881011230466,9.937610632944388,9.27188823076829,0.3461987683890254,1.9987484750951203,11.082588287206688,15.125399461334078,25.708887833534046,4.1889124141506295,11.662369664076994,13.508270639880772,18.27375108939482,15.862275817295211,12.13728199999144,8.284080185950165,16.646088425887793,14.396035246914487,11.995706911948393
0,54,5,3.411401365452063,-1.577058467582412,3.913985077405301,6.124645074193437,-6.370858970416209,-4.100496159813923,-0.07578248591389414,2.3726415642105554,-2.4230567243733887,-2.317352665769981,-1.381075967989134,17.374162549300607,4.382687957344076,-1.2674737255757684,-9.518891407188216,-0.9677897452933308,9.035631316841767,0.6680800917263083,-7.164812342763494,-1.8550356762404197,11.568400047628625,8.892546875936144,-1.994084322870506,2.51993818780998,1.5848389989270526,8.618917145948044,9.067902916747075,10.398696541077758,7.104366233152125,10.428207020368992,20.114137596723335,1.8733120746001939,-2.0724108897876468,-0.3843556795064814,5.809170106562168,-1.8322559277578137,-11.312959869914664,-4.794704601906875,6.231728603340058,9.737893778969903,1.113538323174708,-4.563201246692275,-0.6753932112918759,3.128609241633791,13.366292249615768,-0.6323447182047645,-9.537763014163186,3.147501188489358,10.323166969396942,6.46374025944587,-5.358983698505455,-0.5132073600117756,-1.680701205401863,15.363806984182915,6.6158109486739,-0.25873521830114116,16.39746323609496,12.81735980719691,12.864022639920794,14.78764774922917,11.70528759430277,8.77171587689621
0,55,2,4.51076301924385,3.047033462088508,5.529997429367514,8.77943781899606,6.388254154927843,12.813201318199676,6.64774554786158,13.45768951808056,18.635411448674514,13.249614714145123,11.376890190360255,14.641306459358544,21.265929938447318,16.466085864935163,17.17640481760907,10.466361328868611,21.747195036479877,22.188326194791554,19.402513503119728,12.84887532099355,18.94824522933583,26.193741700771017,24.65423484092078,18.320424360348053,9.858895906167692,5.877639404339922,16.41652376128633,20.807403551847077,15.059208472690937,6.639609793859827,21.65380801049219,11.58644907598997,3.3563268913364963,9.852338826397387,11.118042404876974,8.043866327759332,3.2955207008323284,15.620475872079053,6.091959612435525,7.658325603129574,14.226592241582004,16.711548775559432,6.003665957391889,3.8826253469706855,16.894818159030375,20.125764970826662,15.958309096216057,15.943820846426043,15.84036452318656,22.81750098231998,21.54092097650396,15.060153404023593,9.742905385428806,21.49454670381256,28.738137876751235,22.739373868013306,10.16130017539168,16.10204745810933,25.056846565953116,23.864649217076057,17.268241179505043,9.856625267940503
0,56,4,13.285378151391514,3.675273398346291,12.911331855931904,5.075966668928542,-2.0863168220512813,-2.276020633147623,0.9151879479972334,10.91334195276041,1.3012169365907433,-4.059820656641951,-3.5457014467612593,13.872148169068295,2.1461932605882064,-2.4352820411142773,-4.100710694791702,1.3673412006507377,9.829176054585997,4.183461433378753,4.406885422675346,4.734115515120055,3.246132272250222,9.541374848837531,12.802784678918055,15.568502464303286,-2.7808498192959075,1.435399343447032,8.903916264588874,12.455301124852426,18.254373722141843,6.982873650511911,8.733732650928175,18.14787781706489,-1.6597785265071332,4.9171040886785935,5.697205211512926,-2.110358321176073,-8.061565621869592,13.18867805750086,5.606482378093573,10.514339662861174,-0.6983670668176791,0.12165355278042961,-3.155243422359045,8.435897963416833,18.736867636260463,2.386269067255097,1.485834969457509,3.107196020439448,-0.4436524021779976,3.445703673108323,7.958083700206947,-2.168227077211916,6.147304763881172,12.434189452448999,14.591450560902576,15.021220179479108,15.908581143847059,9.871539942409122,12.395904697000795,21.242800203765324,14.891185866532524,17.216464661652363
0,57,6,17.084708648857312,10.973162188569496,-0.7734394201988586,16.2547848360789,4.459985205093003,15.179370117519111,3.9183147158700846,10.252079456551966,5.461791224938123,13.276121239211951,12.035887041530943,14.00803955133278,9.636894722056017,5.693355813213601,14.286088351978036,5.655605095171753,23.573731799933636,11.233861823100597,18.90428236092259,18.376497309654056,18.722731873711076,18.75409415691365,18.339234415475822,27.09142468433554,20.62738819293133,12.76067367484565,31.04325503619704,8.699887455162802,21.91858671551071,12.917291146498638,11.345961988517425,5.1615095001122935,14.955884999692119,25.611520895268768,7.206616780652505,9.135233029178005,7.010368631448505,15.194366837919855,5.704469782595592,-1.9218038295100395,13.397031409291136,22.041085868710415,2.4259891645727687,1.4515326039002425,8.496520336603792,8.369916487627139,9.678712052966059,16.169891087838057,16.30245930519772,18.90902577674516,19.657156692988178,10.92661690223599,19.048485581490503,16.400715049083647,31.573127029872502,24.458906039777315,27.625797410927163,13.349724599864428,26.242006147416635,28.333763762218187,24.370045424439013,16.48584888314419
0,58,4,16.55683937450735,12.468279720306766,27.692821016762313,13.803464191261584,11.165895749973805,21.916101523512456,9.45660105188627,19.149574072168356,4.55374261615486,8.814838334418297,13.191449535510898,13.11201692931354,-2.9442182165207105,-4.582412714592932,3.5897257303671455,8.720945558260857,3.5376168090804727,-4.066280670100596,2.1810320728549266,8.090258531590424,-3.7730565229430795,-7.588469250127673,-5.260153412046592,3.420019686964574,0.16883229686901302,-4.46727784253194,-0.6500489495967228,-7.345399734291541,-10.604058684186336,-5.166449535286007,10.733990769515302,7.942992583439663,24.248476176431826,12.376841718467276,12.809129810733051,10.177236934169756,12.48322024300876,18.827061779660777,13.674188580000536,23.24146447303454,7.149641971359398,18.665404548346068,7.404522761066515,8.771994260243398,17.63935770376064,-4.165254019791397,1.3154394490780652,14.452121056729881,0.4194166691655801,-1.183315655852598,-9.987229069337111,-4.270268499263471,5.335100501321442,-5.28537483122654,0.4736660084709865,2.3947699411386054,1.9176197612158434,-2.11982217385638,-6.118524852583592,2.3932525898988697,-2.2609142266759066,-0.4152377564914351
0,59,5,17.213225673282192,17.350361163146935,1.4266123178084218,20.611306086273437,10.279819657753523,21.58631448002485,16.73082381957096,8.520899044804086,16.478298178215205,15.075484659613618,18.242554784002827,7.09195720331698,2.429169376335311,17.309734233314312,17.085201608925683,8.00703786156231,11.110941420695395,12.768916570672346,45.5008476550986,17.98883379112203,7.01098939339721,9.879368969966183,21.876417013589386,26.721580490469933,18.137486727045076,4.354418976621405,17.895653680932316,21.939803385879937,15.14260547720578,4.639762902814081,22.280901093975782,24.42877507666355,30.832337415436424,34.68814975350369,14.870378211504086,11.66833897702759,22.60336987711718,30.07363153412575,-3.6880783443012626,2.4785602116707404,12.192185063619261,28.915726371291186,6.006759293695412,6.757429218055997,7.343609168762107,12.771491420205404,21.756972919580253,18.7044758398722,-5.826192090787542,4.532957787125756,27.735713788058327,17.712522000982982,14.348529367344218,11.609611923579221,24.868164232841185,28.686179838892908,24.66880742589967,11.882178990397508,20.70232011505016,34.37999542529989,24.871176037119657,19.323509873921704
0,60,1,-8.278340427432115,-14.850231831847905,-15.828701447195774,8.289671665330124,-6.439576040158358,-4.824230366967839,-4.946849367104282,0.509924901337026,8.104864432142836,-0.9256251225384298,-3.2814207582098516,-4.3690783661426735,5.927130083485344,8.271594429343216,-3.3469960101902814,-0.25010419303903525,10.58116907499186,5.3193605904262995,25.89393516938859,5.866402839901064,11.78095786786843,10.713934005987712,19.56010654741307,15.758786282888268,12.498666233519415,7.795340981629748,19.06746698327636,16.633480129263756,14.555899183833736,10.90032245536766,-19.692802540957928,-1.684244109181367,-0.8090468884968199,-9.515555406239164,-6.048793635353804,-0.42953956286173,3.0541932595575743,-2.9843905779828384,-8.780635525023836,-13.645431705932252,8.492601893864933,3.2228135738760346,-3.5779679941195184,-0.12968178855527926,4.247169589328509,6.596903531834843,4.452950514716708,6.68603510035361,-2.222083118130883,2.176687208163294,16.85834467538246,-5.491883942425796,4.418617504353564,12.242092091135866,19.72297952287807,19.890831207742963,13.306837252727362,15.867067611537781,22.892833839783957,21.025486387312412,20.72331179202378,15.037044451685576
0,61,1,1.2985524919860774,4.277928892704776,4.9935507121291485,12.016880079558705,12.898097625547436,21.525709787338236,10.326730323273965,13.814039257900205,23.997007956955485,25.154573437417067,16.543286055599044,10.184828390219685,22.788711020950135,27.145960204848418,21.41254203306604,13.224561629998615,27.1677769109516,29.205147152726823,38.66021058776574,21.23875921405852,20.364517634007612,28.58666480523421,30.64658000726444,25.390390938238752,19.40855709569552,7.6616027959872275,25.224948166256265,10.92665267201913,20.23506563532068,7.553362236608087,-6.337583320624218,2.222021711124224,15.561087161688715,2.989384298354794,6.409133329624078,12.189748233138797,23.49887416993337,20.14841699595676,-1.9323405047265316,11.61543833015759,19.289973739852613,24.95246293786457,10.182603635870642,3.192588048478839,19.3792713919609,27.891488270334346,26.37947369698528,22.04470278939698,13.015837941795773,24.43162070750259,32.25226244057822,19.962799760740157,15.522051590438023,24.321423346812782,37.10394682451263,29.296564787626266,23.875393027859932,23.6608146550645,32.167807887649026,30.865531096870964,27.12894310400163,20.89864242298347
0,62,3,8.296024316663447,13.430797307755611,2.26539465099028,9.724394081563618,13.385217436873235,14.393051813842128,6.003282758615283,5.938348737999613,1.4968952528689399,15.527249626170773,5.899780517801784,3.224706443753547,-4.201415901753778,-2.3014774060376517,-0.28209220480014696,3.3888924238044895,6.576420276295162,-3.178912074600415,5.369668375314555,-3.7676208766813324,2.9906333077148135,0.4859062461863918,-4.641111537995864,-8.476323131926176,-15.307861550347646,-4.267170046683309,0.6274915118588197,1.0837827667426438,-6.738414642423754,-6.3735205674737045,-1.1583902345425092,12.046855358672374,20.110037818051328,16.019227877236528,4.525274330653569,9.671628763413665,23.455582974228726,15.641074096261548,1.2653178771923688,8.704413831392985,6.285502783408984,11.6440981671941,6.9297916875731875,8.142620211717007,12.299641596176098,-0.2531463490208486,2.4747644946342575,7.254993824833411,-4.4011942229983285,2.2785111608483413,-4.96475287131602,-0.2779056530377686,-4.557032530173297,7.493314555778005,4.289295733804116,-7.412058200553719,-6.627264600633307,7.779307309265537,1.7714547619263339,2.523258802072121,-7.894316849366923,-11.79762488603592
0,63,2,3.596890651967329,6.1222031649838105,4.327396494904306,6.968758206451074,4.611570369520386,0.466547001698393,0.11225862471704878,5.6152080588224464,9.793619344783268,6.723977514928804,-2.0616776106152215,3.6205668911883033,11.749212236620677,9.233759585131962,1.7732939458020587,-3.5295272713935946,2.8965005578882037,6.169116221095722,4.8814785532289875,0.49227959580901004,-1.0144192559144873,-3.301855585242553,2.2890145972643676,5.280212706341074,-2.746399136464589,3.6923593878291716,0.11397764669935483,2.1746743114256324,6.158761010456993,3.818856003963974,6.14250762562449,5.702329311428998,4.05589718435232,6.091990241088069,3.794952407263494,6.9158882005140185,4.205306241243355,-1.2787640237408469,2.0233520151459525,1.653821780936929,8.547180698775662,5.525049678169238,-2.7127993905507943,-1.8241382469763838,5.103203778927458,10.234055801340164,9.221598079770219,-3.4783815372133313,0.4266685739432166,4.5854113992394385,7.993109061405421,0.35839831886214024,-2.7780731334464566,-3.2793949884930385,0.704599682274334,3.2480736359408704,6.649523226544261,-1.3958655764056342,-3.838739066316589,3.9965851810823296,3.715685686687148,0.3918550977960399
0,64,3,-5.60452314337116,1.0148945112383316,-7.292611608063105,3.419074609148794,-5.0837524250013395,1.5137310605884828,6.936297556255672,-2.5022416275403474,5.455351629373953,5.840815922756475,3.319401271922358,6.309342554906702,10.91416453306631,3.0645128092614997,5.658080190516698,7.272549680615894,14.891052930820258,7.665490512213694,28.04035842373241,8.691062158927682,-0.1688782706311554,15.01631835900338,12.198977173010746,11.550345931429321,11.626049168572596,-0.471711870703119,8.254194229023485,-0.7627315645861428,4.697465695659401,-1.3230768637206374,-4.175675775446906,-3.4777276782296243,-0.5430292606967078,12.880728196966023,-4.993959407776409,-3.960650563421776,-4.29345428746012,6.280779749995505,-8.510464542250078,-2.2983764149646095,5.430554007975068,4.51704427034015,2.966660816881173,3.8355512211726395,5.439614319515122,9.28157682439721,2.087583709834712,9.533688790846348,3.765337220415832,15.864503185912154,9.056661276385283,19.10078577621182,12.50332797873516,14.794976275482382,19.98649907039431,10.938839425287425,11.856722257917793,9.54356387139457,13.531086127441258,14.026637840209672,2.924815456047881,4.448058911303918
0,65,2,-0.45705499247542836,-3.8931263359490655,5.437506977287004,-0.3818600847152993,-5.28641715518585,-3.1844243175554547,-3.955559662577311,7.185259951253015,-4.281042681328341,2.541205694106769,-7.277579296062271,8.46934727856481,-0.8962934512997095,-5.732991630393198,-6.159121151025431,-8.29434340350648,3.714791663380042,-7.41360864083555,-10.46600878793781,-9.85767477641746,2.9449054793250293,-4.388971687044674,-13.013684757758025,-12.584162965053459,-10.631500124022732,-5.243368665528732,-6.680029832076551,-10.753237830122886,-13.275819752887799,-5.58150329849706,5.319715660156276,-4.774213751312345,-3.510405399700305,-2.528449264014274,7.177377155913808,-3.7391270489045776,-3.242604713250954,-2.0334672186489615,5.948984932427001,8.9087693368698,0.11028414036760653,-6.741768476803127,-6.7049960773097474,-6.919352043147492,8.516679318917054,-5.745804213441725,-7.4932916774982345,-7.928169725212928,7.185425991964773,-3.10764060388234,-9.779767274163756,-7.1002995626739684,-9.80898642182995,0.08911358254461987,-8.088434694016852,-12.955695727522043,-12.448616379871964,-3.360452319938326,-5.427762077422813,-13.56092606375858,-15.525530586518881,-12.256031040738266
0,66,3,1.1650494531296745,-2.312923371303468,3.6375125306118963,6.575217144427506,2.2231814169620217,9.06601777863575,-7.101816918996234,0.7467311331775126,4.527573224497826,6.141835809049267,-0.7123368133495511,-6.170393367033882,0.6956849127195831,6.358066809437484,-0.6576022075534582,-3.198899808663469,-3.7000633601962476,0.40221325235395955,-2.81730034240953,-0.7380591422609024,-1.1061537722097237,-3.0926335853774365,-4.001239396086556,1.0839360676387853,-1.6223649415556665,-3.6904180903646453,-3.706735403560918,-0.9896090002503328,-1.3649989541211134,-3.3728971063136712,0.8774117539770235,7.687705763910967,1.9228919934617679,10.762635323332576,0.7234686590140532,4.718924825352319,4.02880567589366,-1.8608059282414615,-4.739275267188684,-1.4098200331919069,-2.0415849796746195,2.2213345622791456,-4.027732913876406,-0.2920746304912538,-1.763990977143008,3.560046582570777,2.52685017197779,-44.15086825791652,-3.139876465943481,-5.719588895544141,-1.0457409690247799,-1.4301194338557082,-2.3358818562474197,0.8108428514948697,-2.0967896083460715,-4.442883988206345,-0.21501511571610915,-2.3514966979372973,-4.6216654329810565,-5.124075342424032,0.7146356998056864,1.2252427120579465
0,67,6,-0.42949617372416826,7.542884303109219,0.10652918679775847,2.947314186038724,0.6612293291978946,20.23329543594907,20.038365334544967,1.9986540532511878,2.5206227532542513,5.6472932540062,8.900590484712003,14.355694316283572,4.817793466338161,1.616318945863807,0.6528689945712908,13.980771934216074,13.144778947777503,2.536301281325882,8.233976532284894,12.905390334202023,7.4827013762054495,3.6174760975693236,1.6442124094904926,6.883282101236099,13.657166442476074,-2.7412394682263423,6.077376804467884,4.650588288994098,12.29779217262729,3.651707002779515,-7.1997149591277365,4.187913624697545,8.68231108407604,26.54757294422244,4.288503914344602,-2.926805302222463,6.768303135293536,23.408710669090112,0.5173708850109011,-1.3934365043462036,0.9433905334700263,15.959315516281778,9.28619526641546,14.188389466348575,8.546973881186778,3.1058397463554095,-1.7589997268940607,15.353076234505298,7.468059642484595,10.309452644273172,-1.6082470791141792,7.222691359129033,20.064424771065934,8.51034960750968,3.566468274044781,7.388744481146429,13.289401265020228,2.492673115327774,3.724562167712464,11.081188416077262,7.223122983869934,3.909647741710638
0,68,2,11.12655614616303,4.821456407749083,5.32100559344016,5.558565354565297,3.6270395394232935,9.481904370869259,7.084730835801852,10.713349061313922,12.189648687226185,5.545670883003169,9.194708648728346,12.612442233826872,22.284939410454584,13.970835478034404,11.528143349716935,3.306067585774768,13.657498483580147,21.477095406684196,13.154286274368435,4.230663247860787,4.330502555864612,12.717732518388914,15.721663917164967,7.435433002472739,-0.635719137947734,2.0780994773092782,3.1429110843568977,7.1471208147875025,8.38189899408054,-0.2775301512035483,20.576750702996982,6.80858004288521,2.1955535952115373,2.065123302551132,8.827505391238748,3.170947702124532,0.9430840023588861,11.27377865692919,8.478029435693585,7.25525411412619,8.973708731905996,11.129876857467295,3.596492114976596,7.6670180075211345,12.432973497241965,18.858217088959922,13.478412964040555,2.919109038554311,4.352255469284634,23.365634072799143,16.496911883036173,7.108920621776544,-7.817844841481616,6.905609616532735,17.032035547403034,11.821324259088167,1.619430013705137,4.101970042124753,8.89774238836111,6.825765832372733,6.900917408056556,1.6277624198303744
0,69,5,8.52104209576983,-8.279395467919727,5.970134970981893,5.818549572024494,-3.7950520385965363,5.027211891089726,7.1068924287299975,2.0847764692110244,0.4562529286869438,1.2310128696489955,6.290304909119523,-1.7038667312732372,-8.193668946623802,-4.7027814659948675,0.33173334914282737,4.824243233249546,-4.1126038093920565,-5.350756099493032,6.596801444922191,2.7229476981688427,-5.4214247399259605,0.41537569606358793,-6.2896841940719845,5.294736609264651,1.7673908298062844,-4.0914460197715785,7.129748771383449,-3.3795435372143747,2.584453423530226,-0.9416357392399775,-7.572198029113479,9.103643432395854,6.392581097531795,12.681820894432507,7.874285707463193,-0.8526319066494135,0.174901514189177,15.668267700707588,6.535249207283812,3.229677140519656,-7.110532349384414,7.229759336187982,6.3879475489673325,4.914199747554051,-1.1391330107779627,-2.4145560359991154,-1.9721295049459433,20.08646134932231,-6.477255256280082,-0.4879702813696213,-3.6435484895255517,5.92274155381431,0.6683917634030124,-1.6832045360422934,5.665140447296237,1.2121363288109612,0.09859027132028422,1.5867803734159334,9.477812481044634,10.894194535167168,5.01000314460295,3.5736358169375393
0,70,1,-5.498009374881982,-2.425562541994336,0.6787521967028344,2.227327119013885,3.103050407306176,2.77541153484433,7.960239606114422,2.8432576106293364,-0.10076143581238306,5.946701350758168,8.336566851406198,8.043920072658757,0.3341319704337449,2.5220685409915804,6.647579367885868,8.29920185993358,1.9073742943384302,-0.5410166074260594,5.179336193188022,8.026404954643537,9.384657645541267,2.7180280982993716,4.740079784084381,6.36013849915528,6.308088232922114,10.418336981208995,9.070957965473074,7.2212992296270215,3.727770416531712,7.205618066576928,-5.638595673596349,-1.1169433523787249,1.7791535396287905,0.23656602942657412,-0.32219810856161124,1.6504857804393396,1.7730129834593884,5.845763659530613,4.598027358419356,5.839428933337331,0.04807802128446517,7.891627202730441,10.777948626612384,9.69055650910226,-0.8041784602569456,-0.41934520405967113,4.594831815262035,7.127184238580126,8.477176258851564,-2.065090158091084,3.4537933979001716,4.656049389596575,6.311963242319665,6.217298972749771,4.339496383852349,8.580829186365008,5.653196319392548,6.560721150985584,5.354544233053734,6.0718772184194485,4.749916775742688,5.473454368845894
0,71,2,11.933574953576457,5.039212269523953,13.965259308994913,7.574341098664375,6.996306967353677,6.379316315350192,2.0148128291092258,7.069527430846019,0.5103388086597376,-0.6473568261305749,-1.6441485189446596,13.015978390578086,-2.147072013830993,-4.952231448285689,-8.986355247112312,-3.349328046028573,-4.643780929422601,-4.9491944187434385,-14.210037671621587,-6.84442276028326,-1.9349255522985656,-5.245069975033402,-3.326078442081511,-2.4993680888309906,-2.7548106339101386,-0.8110981589841947,-3.628669284692989,3.999371947925084,-0.005514905083832455,-0.2781253246698394,22.60034806129136,8.948088612998042,7.558246143911849,1.440755727703729,15.034566515943082,5.290555171947678,-2.091351349968691,0.9204806646150425,10.94332489805159,15.656573815912962,-1.1457871286121835,-4.065881982604729,1.7857949165854516,5.523133904741306,-0.44516451812985347,-4.326990405194148,-3.0489492959303157,-6.7806456775472626,0.4378156636148781,-6.144078573121165,-9.715124361535043,-12.564499637293746,-9.701856933863516,-2.112858961702598,-6.316538217840948,-5.542265981731075,-0.3285431020507009,1.8234665113751138,-4.426030201042391,-2.585189014571014,-2.227559567678994,-0.03190637902334004
0,72,2,-0.8835395645895399,-3.7995170324745513,10.741822420960153,7.79457467649893,2.4450088930656984,9.841932456948934,2.038192820371833,7.581827885675722,6.500696558033953,1.1680609809189308,4.565364890044736,3.335399129586975,-3.4372921726870813,-7.004342983429969,0.3303924076622588,-1.3462116523679895,-5.917188385211886,-6.348125266501815,-14.60592370981737,-4.032425164608512,-3.317628533579409,-5.21088488359095,-6.136372132263738,-8.79793376439228,-10.052319009447608,0.7074451154983814,-1.4658368834601032,5.543231540308453,2.196879313338729,2.5199560529847678,6.0869633184246155,2.997640032730088,1.0847176808136993,-0.5624424586436017,9.84443308213135,6.02842009830766,-0.6267456022522796,-3.118596164980997,0.6653035696675422,11.500290839538186,3.25908023023569,6.43331022633285,0.9390890470637784,3.564143792578449,-1.0011061365466305,-1.2945856389635042,-3.206675285680743,-3.851710010399451,-7.019740609418052,-9.887471308818133,-11.78767807947162,-11.37888758070767,-6.615471170261141,-2.9643976220665147,-11.360136079210113,-7.140055458407803,-4.087632395917687,2.4756815741427824,-1.0707402787619893,-2.9865951184722834,-6.213467501194738,-2.9277682641702825
0,73,3,3.131487964993207,3.3779496453793314,2.5882032016024596,2.1988717444218344,-2.0476055624099776,7.150403259617345,3.7352470692769604,7.772668535503128,-3.87633398718984,-4.5211234962249645,2.217153175112157,8.489076902067698,3.039827570341887,-1.958098663153444,-3.403337228543509,4.461052874148619,12.193978380355075,3.1277610609625897,-8.034629999228363,5.423304785224724,12.090481220241983,11.140290860995282,7.0705082676850495,10.113398698681012,3.7874400758911384,4.046910959102847,6.192871749287517,7.508252396532218,3.657742917282145,6.056193619103332,-0.28820476534339246,7.938024338925397,1.8448744481202313,9.69230630103408,5.403429444118332,-4.730672167977552,-6.186325018450331,-1.1432148627482537,4.75216714537521,4.704582094518672,-0.9035376067296016,-2.9979823867835793,2.5506567609405555,1.4994649760092882,10.988582907358136,0.9278778753629524,-0.420057810492676,-0.10922668717529023,9.80035527151578,7.960178273162105,-2.47241471680563,-4.992531404080919,5.0299297672548775,14.282504488748103,2.321388500714221,6.98435260934994,13.112338795985396,7.536324768349889,12.157895564059752,16.94243124022898,9.9887179901778,10.159928584698497
0,74,3,-7.637637964232605,-0.6543709314655415,2.4612213252453023,-2.388882178103372,-4.628802199961569,2.471382529134068,8.681869044502427,4.976428870384285,-3.1413400702564624,-1.8440494298616898,8.875721355062549,3.8344476947038446,0.8602924458228234,-1.6982751244951682,4.03082617944697,7.680655741672279,7.7108073518043625,1.8863799860019528,-2.957807465006378,8.979123912206509,0.527322665356645,3.501577650742015,1.452587534991524,9.03900566870892,6.03992499584593,-1.886730049313727,-0.702826854477567,-3.7494185028552316,3.4974343831758796,2.6785556650379805,-8.788921890734908,-3.144052781073783,-5.314085759199797,2.35775226643082,1.755972836552779,-5.763268307260261,-6.167392131054727,2.904347461034974,0.7527108926655404,-1.9110065616167533,-0.9188151273921883,2.812441984872991,7.619341157831067,6.026588678581456,3.3916281010478566,-1.765406052400241,0.4188393820531495,5.913819210467542,1.5473820946474623,-2.196710647174682,-0.9162147120095621,-0.5931533775860207,5.82590870747751,-1.0871826133622617,0.060757846276205174,7.875287037956098,14.804664765416478,-0.33135797802313444,4.700893539299328,2.03086179522116,5.4455556261648494,7.182396490194992
0,75,1,-2.934062203001971,-0.6493899225734341,2.6473108587513967,9.428720270717955,9.439057706447784,8.556126074632628,-0.7488231243077299,9.625443587988247,11.493662256828413,9.010818338975673,9.188871832700762,6.655523372473334,12.362350762958034,4.52741748057079,6.599192321663956,5.469180927384739,5.686844759166427,4.938560619995723,-1.2110072249864632,4.403439408667932,1.0792487316776238,-2.1798801294374632,-1.7700218066754871,-5.9846054082509275,-4.5751889403909445,-0.9539247240939336,-2.2572922482348337,-5.058727423001717,-4.281219025755802,-6.551262505926762,0.43879406122354603,2.9286393775127664,6.092447556646134,-5.00245251064757,7.153516988093941,9.626976106880884,6.609118449405148,9.535573790792563,0.6274352965865115,4.781026187625422,13.245016780874993,10.351226520383872,5.049258510423144,0.7701749462668415,12.22870718566247,7.234556212203531,5.892572214418068,5.350337143218651,8.66792236382096,5.39501788454249,1.8163602340330423,-1.4607334230322286,4.512964932276391,-1.9349791504351828,-3.4897739095386218,-0.21136751739172155,-2.3733260283167112,0.07639812655951249,-6.534071727758043,-5.571750792765584,-6.087262051225432,-4.4826627476439
0,76,2,10.995574137389024,8.26168614681015,16.212127204393827,9.75958274268522,9.3844278487604,8.261042489119374,9.781233416052489,11.80789077931606,6.904743708045471,10.013717602120666,12.208428224230676,7.849058859777159,7.713328477176956,7.649367349915111,10.732603828740743,7.365323767579929,4.488415093183878,3.3946473449468613,7.1126012974589,12.81687703441328,1.0780456021666613,3.640447485192519,1.1493988435533709,15.617788677807994,7.521777760782613,2.976101705174121,6.771646751569328,7.582678401990364,6.506224169104826,7.190940736792982,24.00919244256689,8.270061783946868,9.820634315971555,9.22237218072547,11.32041595965658,10.783294851823545,4.884009914722567,9.951641756291616,14.519407688662783,11.79431437964483,7.26956118316185,10.533055368543991,9.883210741471867,12.855616299196983,6.992779420734177,6.251943560953182,7.957547154050416,18.097493350812492,6.146581908551657,6.174794762406684,-0.2906366012218167,6.7838947518569634,9.52740245664538,1.9457201487498295,0.20003364135216178,7.799016639135965,12.209743650039515,6.5362198559294775,4.112322670616291,6.236770732160776,12.374701227038734,9.338352622328014
0,77,4,7.246068762944697,8.997390088858083,6.785470915980996,1.6518294132064741,-0.20642220216842821,7.487965816288349,14.32537164918443,0.23300528018621902,-3.5050591704458345,-3.9805872310747974,4.062078669107882,2.3848565128949915,1.2751930004451424,-2.5963822484198147,-2.7811409535749654,5.112751936493157,-4.405408946649603,-2.929086294490844,0.4773034113345737,6.208729228202148,-0.1836016878482829,-1.998278554801532,-1.5885862779871713,9.375444190213223,3.146055433876451,-9.360968718941253,-1.1182843432988885,6.8656008493655,1.3270795309842303,-9.177106568305872,21.077285974763523,11.579013338857672,11.443338932355912,12.875238826362091,2.136974671764706,0.08674566609012585,-5.101086251840856,7.60821439064017,1.479696847634711,11.381791873085431,-1.7126970310161642,-2.75673921491451,5.916294390381108,8.00721666207764,2.447879924455932,0.9350377558105852,-1.8794042184585464,2.3175263153573664,-0.5129466854581033,-5.471699428131303,-4.531823606571042,-3.8023575231796363,1.3404847674934963,-1.4521533187206188,0.8155069284867963,2.2752722560501906,13.517711619596652,3.057404106096703,-2.4383394236153926,5.884873328196657,7.28288968856924,7.3925608373161875
0,78,3,-24.33890038474305,-25.877903905401887,-21.42022547937032,-17.247574116559083,-25.24077753429357,-15.459158403321915,-8.194491398747918,-8.82237621548013,-10.602589985810035,-14.947856494475436,-6.881197701321868,1.9901760750643285,-1.7139127896417183,-8.254896750196629,-12.451288239167235,5.336203984813999,9.539139899266207,-0.15441055214259525,-0.25841864543717097,7.4595103061235495,5.590502438271734,5.608275384256027,7.94517629175652,11.556402245786312,12.578162826847562,3.321950580129716,12.509961722560638,2.5400766247383713,15.50968850875364,8.798347486137622,-37.07799475716157,-25.376937361808913,-18.230812401101907,-4.328510133140698,-20.603127102617453,-23.14465222749631,-24.31788308123443,-8.231491225825554,-12.431190644777036,-23.065377919593963,-13.630054480657446,-4.951912210621055,-4.421176903494972,5.0433681453237424,-2.499840589558204,-2.6087631936662143,-8.0928460936028,1.1905443212017417,12.126408056060711,0.4527763446293189,0.9740095651458696,-13.053918166108799,16.144493186959952,5.9438379185228865,10.649168573138185,11.556080297021785,11.444158959537507,8.1318357602307,15.113046613226572,14.432958211829304,12.710748877580745,6.603899965903197
0,79,2,15.606544369806114,17.507987513084803,7.966298554001795,14.200997556190613,11.284499228772965,14.33107296929399,11.490318596612937,8.53523663218878,6.54635040448388,9.714656803211785,11.834956621410466,2.039551756889895,0.3913724753187908,2.4787469610583233,5.30370250462395,8.262787102517194,2.2123381238339874,2.0645716332989528,-0.4648917101141876,3.8558353906292937,-4.685209866431424,1.7421768269070026,5.204164609222148,3.781240615891523,-1.543576054530577,-4.5226536045964,1.324267173299519,-6.414346811134464,-0.6688005418542247,-2.583199238904369,10.881180178493308,10.080102622781581,18.275758723667312,17.266328055070854,11.689159450984395,9.95543242657057,5.815949307118613,14.09734478612181,6.328865462350483,4.1744062291549024,5.26981124514714,16.620498894827392,9.950098978845325,7.916386485985691,0.4156209262451393,4.621305201111769,4.559707035480928,7.3787161977734534,-0.6295298391089936,2.010051501460556,3.2430107884631516,-6.455101433596233,2.8436100910099733,-2.847684292948986,6.457520351313599,5.243629380151988,-2.665796730905861,-21.15808014153708,1.9367928086984425,3.092079421732481,1.3613333413150275,-0.7941552358111608
0,80,6,7.894316954600695,-0.7893606508292663,-24.298365373255262,3.0624234472719483,0.9036065207839705,-2.993463667961433,4.11404690798372,-8.951968664984872,16.10374356288372,14.943884651040335,7.020315221170099,-11.375229811682013,20.946965546733363,8.137713243457966,17.360514633658507,12.17035315113096,11.743493033164157,20.365378246279203,33.186958237324,19.725753587557048,2.1970963977368116,17.454358894468804,26.796693707157573,25.55135581355043,20.294926582313153,-0.5507587803238083,17.42652166079412,21.251173514691075,22.5997631624341,11.693126315250995,-6.625474016840861,3.7497454699492323,6.534459946881526,0.2639895497435121,-5.636909722486823,2.821402653787715,5.574910644350981,7.6620319970406365,-20.76640622993,-8.712631168570834,16.360422657938997,15.4019613252135,6.89557358614317,5.933709966643467,-2.4403114233665746,20.67896298332731,20.735863933816738,18.523576682887782,-0.1804163092065853,19.73397883986373,29.832546786882173,19.073140149618066,24.07517384973968,11.990192142965434,35.87176388595253,27.917912736262476,19.516973901699046,29.220442733170884,17.71622088260767,25.62025431339153,25.493032476183306,18.09213932494565
0,81,4,14.160833135428957,17.993474930502103,10.533295495117578,12.319031625900907,11.075558604485146,15.346202509841188,7.13944247471759,11.814271586072607,16.698582809532017,18.422299282954683,13.577113026020507,6.444436983597215,16.06571194419365,25.171426899685716,21.478204151524654,13.496410903782113,17.379360587994857,23.31158139529387,31.94354360032733,17.543012691179012,20.54010114691607,21.48987491851355,31.457481447675406,21.936214508795423,18.672125082369337,7.577511038222327,16.14902716174312,20.988524981933402,13.194072885147762,6.959294335621338,15.648553220736913,14.387771885376424,17.93024458587964,15.698429527079195,5.838425052409036,11.47147516367911,11.917104619298206,18.12506747570615,2.78908753129313,9.70550968908001,9.614045988981292,20.639661966141592,9.91673408695156,4.537816201189032,8.906567631993537,19.056856185483536,26.866511658901675,12.234015219458723,10.725612580685363,18.11717452481389,30.05553399398923,19.55566203666898,15.214885836830598,20.633020644473696,25.769372167202043,28.0122350208893,26.210689945555295,10.920718873538663,22.15028935014383,24.015854082808545,24.253623404789998,22.55910820959183
0,82,2,-12.039705784838064,-4.086059018435727,-4.3005783885169775,-15.152158658860676,-7.130331121071349,2.3066448475143346,5.915395319257386,-1.2257050153254174,-3.607779700655443,0.7929802154554286,1.8124903770754257,-4.87555255363809,1.7251061460559773,1.344559020203789,-0.0874072755573353,4.343315161673759,-1.6464832152876019,-1.9014022968618605,1.439115978959131,3.515575359291515,-3.590686112619574,-5.2072501936700295,-5.9984883318041895,4.647545842351626,5.280889588976043,-2.5412541421289316,0.20775041274340378,-2.368572556731722,5.998186704861689,-1.6506697755852127,-4.582402447170413,-9.84679083712399,0.8295226689121465,-1.2108208612743288,-8.276271457738456,-9.757311813760454,-4.616855492224777,0.6498624778170953,-2.0953080370431656,-6.749188867428841,-1.1535445532375377,1.2137173884888965,2.080939829270015,4.041053835663193,-0.9546603809107955,0.09210974414173922,1.5953247872431122,4.0233701065682395,-3.780908582692332,-1.9810316522673879,-2.411891810823141,0.8302610066333211,10.512656321908095,-2.906490659011846,-4.710158194210834,-0.2880308531997027,5.425756890122305,-4.985312753311563,-1.789299474881461,5.450733327851972,4.12058860129427,7.377919326252423
0,83,6,5.5497630216726455,17.47113844902231,13.85754747400996,18.051780524402385,17.006080677505675,28.700627282443556,3.58043544483939,11.947641909537024,15.973183083484267,17.270499247041094,17.073254981123632,10.344516159875734,5.210409745483137,7.933349895540898,9.735416157966164,8.967121050136571,7.756333421824906,10.718087297228235,12.369464653515728,10.581212529231133,8.859327510232106,13.379268370250731,14.914695893431363,24.781564244046425,10.72754354238873,9.127590474286457,18.044743462289667,21.084867278977143,20.44991718069082,10.220201063912551,4.437925796512873,16.547600342044564,25.55279653201379,24.542865273065676,7.307743598190256,15.077556231309014,16.40146328654231,20.38442871833173,6.19944671157566,17.02869680923659,13.92920469973101,23.68638126331768,8.316530608958221,14.653689937938637,13.614140880419084,9.96828842281205,13.582357024251507,13.21038241541331,2.0502902188326995,8.228252122950995,12.85527413174873,5.362388762668136,8.328717454241461,15.497798009423493,14.461873657978707,18.221113761273653,26.849075753855082,21.129443288031137,20.96209759719488,25.46300585321774,26.09717709684697,25.469734208476627
0,84,5,1.611570316313616,3.573155625734666,8.169083229561407,2.557080969975401,-4.728588013160159,5.789473561853982,8.952180761957495,5.64469550209256,-5.8127487813202094,-9.62466968059903,7.079111331982944,6.1734409180083665,-3.7991109134674788,-16.064386252086702,-7.817096332213049,8.877506807077358,-3.312734433881391,-7.438817557799292,-8.803486920166307,4.332681479341375,-1.0903117558578148,-3.2789301787752936,-2.172053622240881,3.7560778312475858,7.401925039636662,6.5380182012506785,2.1389466131151424,9.777790100018423,4.921032710926512,6.814212392595389,16.466326047546215,5.385480004022042,0.971263693770531,19.09743725299472,7.216443407780873,-5.061866688655642,-12.483978875344851,4.619747000201271,2.1694608112320135,8.154377866150215,-6.051368434050281,-4.776165151832305,7.2078300887837985,13.685514507360944,7.950906046643495,-10.695524848580197,-10.57256867618459,-1.112470724052045,1.3070457117950014,-4.298077594716008,-12.788398604221056,-19.64595067864512,5.702119753184943,2.3725035971853288,-7.306898156862437,0.1248029254649452,10.77682988540972,0.030366051044860176,2.000603027982503,2.736794825302572,6.6789162017223305,7.59772881738297
0,85,6,2.3222263697080483,2.970783646522293,-3.196498711831961,17.504156028420276,11.670116803449833,10.767128392230578,1.724418939920369,14.241576169072303,14.46431045488613,16.55101812367395,12.299598113429266,5.22249453251319,11.980076928770659,6.034256852341232,9.964150397152428,12.357168064384556,6.104128477686061,7.12367710341676,6.865457789944031,9.605287291166348,-0.8998848528391096,4.103316139020934,8.212129251031973,14.4413034218,8.921334364519618,-5.35638589748017,10.168342644212446,2.1314317409585177,1.228348805012591,-4.4369168457143555,-6.641630296822543,12.635022699446761,10.74480077878731,12.358062068298578,5.210504368197444,13.798342702592283,8.83680839150599,11.39767758611862,-1.1311940792152981,-3.3432436179505993,11.176953436784078,17.363411306789732,4.224645264719317,-5.205883574893516,7.44178562540924,9.774543603019021,10.405169336488704,21.400087038117515,0.9200131279166509,5.22033608002338,5.103929238552913,0.7614007462886159,10.914348336436394,-0.6633060684331082,9.367109363364824,12.180488834197332,8.611019046318424,4.505874100459239,7.234091417128556,8.094981503309448,6.903198316349031,0.21753359437783898
0,86,2,-5.093351575386961,-1.4095544350878684,-10.24367812394005,-2.6501027697288406,5.686900929706857,-0.16524851876424523,-1.6283932017026155,-4.694405569808511,9.531326006444889,3.2544646435434976,-3.0534883072463486,-10.545988099740407,4.0421062233607925,12.24740764575943,5.335064667083963,-2.791414502180443,-4.733967343208994,5.526911642538698,9.70172910598992,0.12202130787347099,-4.483191519634935,2.324052855116884,4.896817609667778,3.458485733672253,1.3383851575880932,3.771357840568782,-0.4894900820785901,7.994051586370915,2.582443125727698,0.9469922087467624,-15.298923988270058,-1.9551457513759782,1.5720852108944845,-9.509647137417293,-2.508188145450976,8.015584661466313,17.58059232536612,-6.484558142324137,-3.4486131493638212,-11.275418581577332,7.565089188334413,-1.7171313924169755,-3.501981172619796,0.15982827698959506,-6.933186327743275,7.162789311259985,7.6268789299150495,5.166040840445134,-6.20636899973743,2.118506636197976,6.311822787381523,20.37024694335896,0.29308615307176095,-5.784906301738286,3.1835251836242495,3.8317680387735025,-0.30530863355209537,-5.394762439244403,3.7095221856200142,1.022230631194828,5.668928512167639,0.4937967493584956
0,87,4,4.33317444328696,7.627882843700854,2.867868769550469,3.8732663032672594,5.50836714989188,2.1438867064596105,1.8665557638230943,12.621747723462553,4.699179610510065,-1.3397364521898856,1.9270862116841836,14.188703740651649,2.306930693184462,0.81633972860419,-3.1532663633910625,-1.146558500190333,8.766264843277444,4.66378652336211,0.16226005454252168,3.2220933235409452,9.153698549833054,9.46500991957215,1.1743318219328402,6.159596174743826,8.164424129375602,9.710592861605317,12.400191048591799,5.314489494009709,7.015554025428513,11.740215839558301,2.7768546962519984,3.3061723957610543,6.519258977203607,4.185584118459147,5.240913845025143,6.045153831608781,-0.32542174260654666,-3.423192226180306,4.259706255275663,4.315460002867552,2.261547820937891,3.0155971194503848,2.799179736150023,3.537134105774966,5.082843038866797,6.086296578187776,-2.15502627684576,-0.8594112196573753,11.581677527871078,6.710702587316577,-1.0335719278990894,-3.1214034147106275,3.7293949622217903,10.031973565542492,5.771495881535829,3.3797479468148,0.7923211883639988,8.582075703366684,9.719111601617662,3.4296495957845243,6.554933173525171,10.40197111429966
0,88,6,4.789496364617125,7.326602301719352,10.005257635638575,14.190484117807406,7.963928144538727,5.938905518825689,19.734716873996454,14.494375213730807,8.914864172545695,11.52166555681061,13.958791718358269,9.266989011328853,15.39937396361152,14.045210523780709,9.623152361455848,16.494229671056942,11.890018293423944,13.75893937389753,11.596771062056463,13.157251889734367,9.87247995512344,13.473710349261218,19.11631131363556,16.50643175662632,11.290210763750622,8.045082366707303,16.967693888105266,23.07939106727974,22.339032946790514,16.89529596745013,12.855756809480678,7.8687785586978265,2.3854490950158453,4.707677966369909,13.394331399578506,4.042670716758726,2.693207417001448,10.281319030219828,6.609207944537758,17.165663734234574,7.118341044284312,9.361773300944353,12.94096993327867,18.927986601731046,11.649188987411016,15.451268058270216,11.494487301588471,11.240970514538676,5.156546263421725,11.703172604736542,15.064207308800748,6.070623114500648,12.391130683716481,9.676635263714848,12.696222408833659,16.319795698086477,14.455311568045033,21.16569718314199,18.095631176148682,14.984524294256978,18.57068675588362,18.53159753006043
0,89,3,4.632015481409502,-0.8377068953066151,-4.869511365436203,22.7338205831205,1.8188482324547337,6.96834703317344,3.8799535041084394,6.84607030662549,10.346963287731516,4.7399138476381575,11.661669554438717,12.282315405823928,16.84061503739709,6.617438074036659,10.237453291760525,6.108460769193564,16.05099874622438,11.41005064382377,3.6746476174377625,10.469153105394868,9.791627025458867,11.907594814783009,10.421463537137816,15.48944273177625,9.53031969724632,5.592423177528673,8.563321704544673,13.962574661050624,10.87418379696908,10.421266782631328,-0.6193661090531742,13.255157608811448,1.7761394267805242,8.333647354284485,9.1692263679806,4.254173487742862,-2.238193274316629,14.157617260197425,-3.4073297984262085,0.04364109299395258,16.494717558505155,7.9491741289043905,4.41130181436662,1.7987531014184317,15.75412954617201,13.597787900986834,8.194808066459142,17.377123016489254,6.252784057203739,13.502929658742573,10.903612424301487,4.629645106871044,12.464504416532273,14.952071345229514,12.813638080592927,13.289868683133994,10.877162021970967,8.55027667528427,12.05411479903794,18.396543875847733,10.705157304835714,5.6719912495520886
0,90,6,19.366234057560188,17.921677288781034,2.4844122085402303,23.421515591624296,17.568706953216623,26.4202359444121,4.371369655232693,20.830586950044793,17.237341260719226,24.261079483120366,16.981737613929273,14.429699038924861,13.213940562680364,14.519550660988553,16.868646390418075,13.419936238719917,19.243931837743386,13.759263727041633,15.353324049493155,19.519589457252046,14.297590469771135,17.64840015884852,12.671833434823618,21.72356747082298,16.562019582020074,4.572823661527165,14.657927567372099,9.375193847093465,9.06488631494207,5.055355706581529,13.438105372757438,29.014968202335808,18.90638438812117,15.258220407112336,16.875640206765855,18.535449404814624,14.62327273296216,25.92076597769358,6.218200730046305,11.777031706827811,23.391946381275964,25.38393360774443,8.405501237048245,3.214289779874222,20.050406553032914,17.077635657632865,17.9925093974282,21.926344423337248,11.38910242633485,16.707242038850556,15.927490870899922,5.002687480391528,14.969211011761562,16.500418820497927,24.537588046727368,20.978095417035885,15.928443713704267,5.468005900481356,17.321154777931678,15.687346189754178,16.905380559858028,15.10517648952764
0,91,4,9.05994109759425,5.604492426100301,12.925853225487721,-5.721060424316221,-6.718815038287335,10.517532555159276,11.192093043065652,0.9226721942015899,-9.110915778704522,-4.918092543977625,8.329534784731706,6.795039485776567,-11.580213936954364,-14.599374085937322,-3.806906713763391,5.794924446813214,-4.008028628122875,-8.997722123204381,1.2444003592358843,3.9964292814909674,-5.387965313210034,-6.516295983136644,-4.133649108431686,5.7595646234467734,3.054762925316648,-6.777654531854777,1.4022285803561898,-3.5420052444607704,5.865623774393124,-2.0189151532221112,15.219358506974512,0.30816955682708125,3.1858548388657413,5.248395693976795,5.607281874763077,-5.985481537469639,-7.773133502137379,16.99895907638641,4.397618101211265,12.931840731421627,-2.170681861320104,6.169693537965056,4.921987989173475,12.433354100613336,-2.1631694626880864,-9.036331223051366,-7.546983959925612,10.203163512028391,-6.053925371036028,-5.507442490697455,-5.816968340426683,-6.062896164452156,4.916276479775948,-4.4216980410330935,-1.0404328748061333,-0.3685849343721807,7.445279958589772,1.4650500281657117,-2.7573268436628005,0.9588802361451992,1.8336275037741525,1.4879907078859278
0,92,3,0.24801721435647944,-1.9780173453831722,-4.35172151637309,-3.517054333385628,-3.23111274111562,2.8801398148828365,-0.2056303249566291,1.7716029003637317,7.981545379684204,5.02236626327901,0.6389835639743181,3.06078097037971,10.406579329972944,15.236500783664432,10.570410097926493,5.35391332831506,17.034454388759748,18.666778728820194,26.29087868977975,12.284338410398583,10.94469403861681,21.19385888552429,28.30225576642082,24.531385813447017,13.338120327217553,2.0330150952880692,12.979464041432603,12.490316144457628,14.386487146294327,6.615844089924024,-2.7954146309610914,-0.37201562850514613,3.217224746601792,2.9333597759193757,0.2277816371855943,-2.401114888171235,-1.9029808044625256,-1.1665079681168689,-8.461870524370706,-1.643162509976431,4.705695792880734,4.007711894719337,0.3377745460162345,1.907277214948496,4.662251484134555,13.833130544483122,11.495698152791437,5.250009929352417,6.5530862575396895,18.929281636004937,23.72868125290586,18.105991688386606,9.805867597369888,17.19184054587628,26.2295689909469,25.488879042836587,19.411108729861144,8.916230801333922,19.357165924750458,27.106186389218923,23.73836751990928,17.858194054831294
0,93,4,3.215702378267716,7.648802984488862,0.1289359230474334,6.7730388649762014,10.2008621740473,9.564696076098924,-1.6553979006556152,10.940096180431732,7.151090347150221,7.888418975854057,4.8382155398792825,8.123904537273255,14.589133911334518,7.80700670061179,9.058842726520309,3.606850065109204,9.107592491660172,10.775108133013953,15.79012813489521,13.103204343481082,9.68690134436971,12.95131769294782,8.205114964713774,12.735768718349677,12.033123201529843,5.279742566016842,9.402602106733129,7.390080471770139,-2.7170445597162707,1.9818693741378026,-5.527803301197907,7.375857786161872,11.237353688174093,-2.762499245019947,11.374846723419054,8.290223315903322,5.94340625675622,2.0369309628050143,5.3669864297276595,3.5093938316695565,9.282169554433667,11.205028372680445,-1.3651930376313761,-8.629200960782061,12.855823169627062,12.430774247637256,10.934956814287373,5.034425397708418,10.789267046093128,15.055859667646532,7.906490915454924,4.241509042350897,8.066114879167849,10.626932941779469,12.931993938482757,10.742228504906338,16.182085571583453,9.011671501052819,10.175832043833484,9.942374689953132,8.386031936854124,8.341341009051199
0,94,6,13.541822191600387,5.50936336965845,9.353203497713478,8.67522269213663,4.65482593702561,12.833610620395069,-2.9083041719319978,7.719660634674679,1.0036323776059757,0.3981260498928873,2.1993876783654267,5.215040900358339,1.7348126413629998,-4.477513105168414,1.7087250116406154,-4.912266058506581,0.678131491116179,2.2710780903140497,1.1290662617524845,0.49474702377110913,0.6989851837478027,4.207219344379223,6.727188322488672,6.2160346673392715,-2.7039459132384973,0.973184499682336,4.16811999360599,9.836014020904086,2.2984376957799055,-2.831987808753806,-2.92549494106504,15.54916860885555,18.316097043272933,13.501223298243989,5.490772836977934,2.723195517299377,8.14513370612773,5.620334564833112,2.1817805295889605,12.96572417286565,1.8101634199662886,8.085160052085795,-5.404765342157788,2.1439505826636456,9.986651807952464,-2.139493107875221,-1.4367326625236654,1.1724953468003108,-3.519928047569789,2.5535508573350545,0.8077903407648571,-6.863396404856221,-2.815502050537162,5.311449785512394,9.8175512010277,6.392008944159015,8.216571230464043,7.98941285429074,5.620163454197167,9.79279442483605,6.718120317678994,-0.00556341486006294
0,95,4,8.001671171451848,7.674762815441477,8.001124503045554,12.78825043684736,9.817071060241176,16.567613577152155,4.09833000698013,11.956211657467762,17.856050865520267,13.235910708243697,12.754093705710558,16.467398891909742,21.99452518158387,23.37246698254672,19.25721946389913,8.655656396161492,20.614966329823194,24.6899804592405,18.12182603687867,13.7317968197451,15.872549457793568,23.996310890629513,28.842567344809474,22.444057558955627,6.824353186476115,9.240620479646433,20.195976431958567,17.586702457833567,18.45555450531041,7.096302041267163,1.2450694935169193,11.80473883066145,14.068776913759557,2.2845420227272504,12.509274561734006,12.412898812431653,9.513818659160911,11.571380841704755,7.3186353026866575,12.993461751397538,15.167936896496428,20.47959369248371,6.4289601419757005,9.949179404937638,18.8445921818635,20.42945939362641,20.93716474730954,4.955971028224182,14.285965635214096,23.69271352957571,22.50146925085927,11.680804173166793,9.962089050876369,22.570464781871664,27.015195295578106,31.435490947307592,18.239640374276103,20.1230471728188,25.839302669302004,28.445314828942486,21.780863980331077,12.40894987931044
0,96,2,0.6155295231175136,-12.266672626115005,11.57961869387456,2.1935511066936066,-14.70575010411088,-7.597805234308284,1.9130551587426807,5.249930799916024,-4.799236110116285,-7.4131615076032515,-4.724391008818107,2.762476317152929,-5.07123347694373,-7.431683232008314,-8.479855868692804,-1.2237611947263107,-6.760742182775237,-7.882845578079182,-1.3422904463439485,-1.4502554057029686,-15.51410751462709,-10.5176654253155,-7.493012983979446,-2.0124678132010643,-1.556069398287499,-6.843255411708592,-7.940387261355655,-3.865812641443545,-2.143125566222322,-1.3243412572816682,0.9016524634250199,-0.8736875567857796,-8.220200995982792,3.0183914550466495,2.858481534574998,-12.634052024336484,-19.920338867697865,-2.907874944528979,3.5250392726100044,12.59165998884453,0.13723761362887377,-4.365139498852383,-4.052666003293382,5.123707567954936,5.116435358845968,-4.967401702365862,-8.102217913968722,-0.4493712467118698,-11.674298243308952,-7.462026376368058,-2.4333992295035434,-8.113495554956714,0.819537840692733,-8.45179876278541,-4.005017292299653,-7.340298761227519,2.5845453683286905,-7.064546374922117,-8.211332061941292,-2.364347392102563,-5.293998492654506,1.39231492910625
0,97,3,11.842400081387558,7.222688753907452,12.196793164898896,12.934280121574037,3.2905192198458946,14.126742859728775,6.990150927656854,9.750323279533628,13.349528207398233,17.59541519372384,5.173943996883743,12.199935038097017,7.983731949111305,15.751516517070005,2.4837559358012404,5.195589525216236,11.012312835127835,10.08517561852932,8.580893039067348,0.19658787748435458,9.185086521978784,8.3134475181379,12.098031816148536,4.020059598817081,-2.493298826222426,9.027549375257477,10.074942860893428,8.970881135271094,6.905101328933462,6.869245880578715,14.381184231194597,3.4454866353615476,4.655817042263903,-0.0658103104499061,10.184879478606653,5.845183874457714,2.794648347564448,11.604007677947429,11.513297501326795,7.69985679446197,7.232180784547294,14.216535939244414,7.012212901160388,9.279765943488352,7.813814043430844,12.326579691524174,13.983165196801838,-8.208665426547931,8.710291390625262,8.230070948146471,11.769171978057386,-5.998608297429887,-2.941761111477163,6.03586357947802,11.651758643706257,13.136589765480556,2.8768831095999006,9.707688582447794,11.920146796542845,6.024578362726035,6.302550532832382,0.7728571024731876
0,98,1,1.9838795680439154,-1.3429267257764361,2.6007374062674247,-5.356291412126009,-5.793195091097091,-5.562854085226889,-2.9219034958358256,-1.4198611621608637,-0.5766803791189972,-4.556623930066106,-2.1809273168172063,-10.276220521693707,-3.6283806474345544,0.5253329022855682,-3.2784039747401503,-2.1678440044293277,-4.419197332863579,1.9585328606729633,1.1598819469629837,-1.4288014041759591,0.6940373666147931,1.1445533222087279,6.9668526841418394,3.513531952778378,-2.842841231822116,2.885917826981581,5.53105743890969,6.103632996279022,2.342321426471378,3.868783352070308,-0.45624530123455914,-3.1410668655866525,-8.819058173523498,2.261892491429136,0.08488367511549966,-2.2413199039675837,-9.962091655515852,-3.079042050851194,-1.472370951277454,-0.3471081101040301,-4.672527509582476,-6.684952059056514,-2.0314977909551923,1.4511673784610344,-2.061904864181287,0.2048767085368865,-0.25996134448909963,0.33137076115235686,-4.562470799630007,-2.1545843107898435,1.7734241290784598,-6.738304796906907,-3.271818882828328,1.7984848659678652,5.4459593100473285,5.692275306028198,4.36664151816814,2.372248267813475,3.0264300850273984,5.925561568711135,4.481079055677826,2.705437641340965
0,99,6,-9.854484570553385,-9.156641161512216,4.897966896586981,-9.994600854859476,-9.074710244358307,3.751643398276917,-0.021042742695455474,2.050244244966208,-9.542899772161384,-15.44008497541724,6.713221118047195,14.316837533195384,-8.698326811523788,-9.343162384764407,-3.6580034446243817,9.737500397738339,-2.2760360300279685,-2.673319351109792,-7.041996785695094,5.831109378432926,4.345596190201259,-2.1355058552651913,-0.6004613760586182,1.5978790225756412,2.258485092849629,-1.7330194387511089,-3.4409143218725218,-0.7465650820252838,0.011652981561449338,-4.924787515274631,-5.754639722997462,-12.496150218725505,-2.3184305776092344,-10.023201912323504,-7.272692780396566,-10.339805992093032,-10.560711330313957,-3.333358228149847,2.587038419606937,8.543780927478174,-11.713630233845885,-1.8084545144470543,3.1694686414088995,0.38701219550084043,3.029158155325936,-4.480312648706322,-3.3211714787161677,3.6081425240831213,10.054814504959232,-3.4401888531610023,-12.714187047576324,-11.499858978927064,3.7777386129515724,-1.4112505807609483,-2.9387137762003936,-2.9747172849332326,3.8008989951596024,-2.2812776400998005,-8.225720948925828,-1.215150654689328,-0.004776709258738299,0.26787473404462026
0,100,2,5.071504293026676,-1.0683979333673665,-3.448457355361158,3.146254662560617,-2.514878043916257,-1.3197408867772755,3.694839821969404,2.495937453536031,0.6106404735630093,-1.6650430393382538,4.907177890037616,3.53280696843001,5.285645655220057,6.137861333389927,-0.8014860868272251,14.289677159429125,7.381124795437222,10.333611638353373,-3.8741652139848677,15.736083333902974,12.157944004119539,14.98893820826055,12.473069292970191,17.699040279246677,22.2676032360007,11.649970665392347,18.180077934546816,24.991281256079674,27.787457258366747,19.236554717667776,5.720156033455237,2.8478324790485203,-4.928212893615686,-4.948910803842161,-4.212930844460684,4.097686345853684,-7.759960744030226,-4.561055648663057,-6.729111696533836,0.5125406804698992,-3.3709890165979504,-2.8519117447388598,7.907849888393952,4.591112781736281,5.4067577084117575,7.566892619040317,3.6312364665109955,3.1715656863298385,6.089129412092456,10.655186532440075,1.303101775764558,-4.4142827309395525,18.462918737607943,14.917030759689563,7.232219150517041,13.342840792974696,18.52813627870706,19.350823578265747,18.057918577341407,23.022462155079328,23.78126277095387,22.54231073253038
0,101,3,6.470051990580602,13.992945957974317,20.236396450004207,6.483097052110765,0.6513645861797597,12.361977906693244,17.879617426964654,14.757156463987313,-2.22986613492277,-3.5549404961397775,16.80257297166418,18.21613519502486,0.13105093169866672,-7.42647992747995,3.2701687899122933,18.61313744086954,12.107334689123602,-2.9546426485020003,-11.291000037567642,14.266928084648955,13.599578277185186,9.422495212769372,3.126062469148053,11.576313281022932,14.808164322408059,8.372470896600227,11.257300561066812,23.01554728344809,14.703867633259161,4.560179584989007,14.02647941127964,7.569807219875563,11.985464111129492,13.378747262537669,10.048758194168542,-4.132727088577046,-4.940328207957307,10.099651075354426,9.246081699844355,22.008811559158982,-3.04314060966916,5.997001634683555,17.308625542445153,15.4575721662855,14.34220734424889,-0.3540304550991865,0.7903388557819377,14.169701849587453,13.011411252147635,1.600479348721664,-6.926984693945906,-7.364222876364133,15.389296870951236,17.961264464731617,3.5362043082032577,3.656874524736106,17.271214497207527,15.678635801711096,15.011574793902293,15.996302478253934,14.154031064270487,16.650287783091393
0,102,2,9.486798615308432,6.595940641082098,11.371531037386601,8.825730099956072,0.17956824199773627,3.3819190038995606,8.691195005868993,7.3787060398949205,3.048512461197722,0.029063336412058105,3.767935077705217,10.790684505661089,1.9638560946786612,-1.6405007324476784,-0.33567485574451217,2.0770214093088115,6.249294852156471,0.2958729150137174,-6.453045032555011,-1.365522512575473,6.561415940823231,6.172219829315813,-1.6149062788704518,3.8043678207322955,-0.21694093790450586,-0.2284150915674691,4.217413720697524,4.326798666722886,8.337892630637228,0.26499088887954414,7.9285529028488,13.851506419369114,2.745952158541669,20.632501996940046,11.288070319333999,-0.9964648916317902,-2.10930078671024,4.504686296713061,7.422083873665192,15.139928446457978,-0.6626827205735732,2.8241740835677245,2.325544479161091,10.027758948732073,3.995078099800681,1.6494079193827238,0.3831346456313567,1.1182869795721189,3.364807506313368,-0.03514551790431142,-0.2243971984333697,-8.380379074684729,2.964630178187226,9.618932806455131,-5.319945575919277,2.8103089480229326,7.422742931581126,8.649786489947536,9.718899539853565,7.351029835798973,5.644948358215939,2.657896124019579
0,103,1,4.258804500750382,1.5815235653994373,1.1859081729156231,8.381147979620966,6.344183884786791,12.890950749287525,-4.370577706796367,3.304121178438567,9.763641712142201,12.386525235411408,3.9897317989933763,10.705724309721008,11.445528043740687,7.636989095841722,9.02380470013695,4.627895368206339,13.49655648402688,14.442562659271061,25.946412014525098,9.2558674457685,14.129261309621713,13.428764002809372,15.46976925543987,11.089839904205636,11.26681558152933,5.173404989278556,14.687632156206622,10.222144943389406,6.486236320382625,2.6644505273051036,4.332620141982307,5.073951364017838,9.967593718410985,9.923255249633595,0.884001886233597,7.522991023094557,9.629666021684324,12.629198676202352,1.6798097713873141,3.245726170898531,9.07573205164475,12.401005785389827,-0.43407353680160576,2.091287513775501,11.166117892191723,13.589312706869563,11.172613601904457,4.263668021073612,13.093858092304925,14.719799131609312,15.782258146215325,14.034461745310853,9.095939512895539,6.777000662529981,23.51737780805403,16.711198835974418,2.85507918269623,10.652100868023387,14.932778218255686,18.963538096862752,13.16051637717499,7.078705115561804
0,104,1,3.5293664566536482,8.994651768538288,3.836302202376652,13.01802449328143,12.151256804786083,9.812314900751344,-6.925656204446032,-1.017438618466258,11.459686914049996,14.66669663718743,-0.43435702154912714,-8.512505525041638,0.47130567319095196,11.945856301159388,6.994812682997889,-6.531811064109206,-1.393183600827598,9.050898705086695,20.282476839325497,5.443969504396641,1.2791037767353233,7.967782441980955,17.029205260917593,9.785869719733189,2.856775239109993,3.3573129691478854,8.95760099692043,11.142658744825097,15.802600989356732,4.269898066138167,7.087724466512841,10.587524403113777,16.962462491741988,-5.16409950630694,8.112369068330386,12.897873018209523,13.867391903225963,3.68150336059128,-3.8037827381432567,-2.894763599263457,7.304175121828961,12.380803388066402,-7.339552897005914,-6.552761917141626,-5.983394602200064,5.0884574803569125,13.276683060497765,3.48526807238416,-8.725392685882273,3.576652410298178,17.413767815155133,8.185604821822443,-2.24467877188283,7.149473446693912,18.209800471773185,15.554348788343418,12.862413469065983,14.151152259352175,14.494942212136602,17.003909387784756,13.525872717157194,8.098381409421563
0,105,2,0.7842391961220101,12.296029646437981,-5.150410781069322,1.4559209344485555,5.626038484631691,12.610940176811882,18.90609325473083,-8.510916667229425,1.1265936156169762,5.911413006802519,10.040037653477093,-8.926856902371183,-3.2957607527922197,-1.9572990741296792,2.9024393862090636,4.8207130884161105,-6.280434951000198,-6.56481587023633,-2.929231897354261,2.129556821558764,-0.6785171477623834,-8.374085199178722,-13.270777419595632,-4.5581234116873866,-0.1253446043474682,-2.5207351667567997,-6.795522270366407,-5.989024432001229,-5.745796566897233,-4.17549441334019,0.22887751730386002,6.6173256069092465,15.769167191847274,12.793755034887702,-5.341759704053402,1.342288164480479,9.45144892567996,16.2289732092276,-4.9333599674680135,-10.624031080432776,-4.225352731387119,9.569927396988154,10.014169684543113,6.107012408376648,-6.353650287384307,-4.9287008536275385,3.741998118359775,2.149054177096909,-6.3103744213457915,-6.523997314404925,-5.700766000839906,-1.7281891524950699,4.076066303294059,-4.5518063926478725,-7.83385288505815,-6.661957793028619,-2.3060343303041875,-9.670652999190567,-9.431966833565838,-10.34751757713625,-5.997183056729965,-3.3255725802453355
0,106,2,8.980132916896816,6.313501010285462,7.099855179864364,5.7481134307866055,-0.7244724984757791,7.227866466997598,5.738123408126896,7.420002197142595,2.6492266006790444,-0.1541065311104777,6.260217288418148,6.695874436758459,4.825566374605928,2.1948970533998278,4.615246276393893,4.22976667608316,0.9333800956061705,0.5319996649263115,9.216277541183842,3.222113712679415,-0.1415570521295621,-2.466340273595983,6.813029712405357,0.7486927913183841,-2.843817039756331,-0.6693802429306357,-4.2260220173473755,-4.872737648487999,-5.059123404324055,-4.026596221152879,4.905967144568154,6.1950737202040305,9.438457555137575,-1.1941153966799032,13.629587040237364,-0.48455511278859065,6.613407242270874,6.653260343844385,6.352020523218415,4.971767125514948,5.986447105343204,9.422342080168614,4.500364354090406,1.4118278237150577,7.153417351067904,1.5447689484373253,4.66780203517254,-2.1011958499325485,1.5061446220227854,-1.722426503896713,4.598198400038049,6.563175977366734,2.4499949539738997,-3.4339562320127723,-0.5929515180859443,3.685156227143411,0.6913195598370776,0.40196281166111303,-1.973452815831436,-3.5747955193197924,-1.9671205508908844,0.3720640865972308
0,107,1,1.439851521264487,3.5222984352035507,-7.868364739129554,-3.7887606244170797,3.954073037588742,-0.15257386907526377,11.356056928998093,-6.182153793869587,-2.027990738634114,1.897049671084416,6.160934826909995,-11.802582857028652,2.6781035318243767,1.262804251981946,2.827308252635526,9.436081946479646,-1.3048106543151894,6.704592371859205,5.220959354873472,4.474555144614611,-12.836088246961195,3.2840363584066967,1.0528572217175156,6.213536505859983,-0.49497180936358354,-8.728718400406139,-6.441665481775999,-7.562264155869081,-7.378465803088794,-5.76045604508722,0.5615023993603064,-1.7178057557988422,3.353992318870818,4.174567141183992,-5.865838361813163,2.62334596531511,1.056762840871403,2.8240923197349392,-2.468335210144089,-8.435683367075399,-1.416517518665188,3.276102534381719,10.890263370965137,10.675107868382613,-7.506068445980643,3.7926893563623096,-0.07038263867541072,7.955685201560984,-9.906317548093778,7.252385807609777,0.9176938186212207,9.31882693405013,2.140078136015957,-7.082373274058651,5.618211951061357,5.223380824505557,0.08648004632432088,-10.69215818460486,-2.6814164980882538,-2.4257004502252086,-0.8359621609901898,1.1156636312058776
0,108,1,-21.29592060288643,-18.68029890831834,-12.657153553442983,-11.222047744296116,-9.910049297710557,-13.842865205920727,-8.241608932160027,-6.941707676958017,-6.57846123902354,-6.852859634360893,-4.147498716429879,-14.006762448016833,-1.3730578079206357,-4.319664338762619,-0.9695293020193321,4.09938241180214,-0.3290182699267632,2.8210934596931274,4.732828121148751,10.221077276094212,-2.0853715731432994,-1.214062371836385,9.671273633428827,11.683455581004472,12.206982384231406,4.8387723332498105,7.437992410018773,12.259819232872923,11.716577925165648,9.613384461047403,-16.566070922377808,-15.100706462748349,-18.184512346914815,-14.04570600840196,-11.264818011033467,-8.315107813831881,-12.729664004021673,-19.418958270240854,-6.828044223485561,-11.634575608436299,-8.527747269197391,-10.354473016247521,-0.46278191845659633,-2.0571256712896795,-7.603670129563849,-1.4294017803650823,-1.2410132741192117,-1.5352156722418402,-2.966484613126007,-1.3538592784983536,0.44456413697746777,2.5262831633047393,9.320114421226627,0.7224673773318242,2.6408177185349335,9.177627720847358,14.332150965781395,4.856788176716665,3.371525314818249,8.008948607551982,11.529241710151664,14.053936193912943
0,109,3,-7.103152879740947,-11.706899271142198,-4.4424648862502485,-12.867780068412232,-21.554150163604895,-20.92787186092721,-17.96058016252227,-2.181463773306972,-16.846806583539937,-25.41294341328805,-19.690513864977333,6.303217124966222,-17.087012612419876,-13.945013271315354,-23.467202772727095,-17.528266565329048,-8.77051287341192,-14.925866156316761,-20.326064259222722,-20.26362836197382,2.864747424564527,-10.313795002586232,-6.302859690494646,-15.330965733859784,-15.066306956294111,-0.7693652499029885,-0.2792697134995594,1.6122037323487048,-4.936407280131816,-9.61854431459613,-7.60016559459632,-3.433419838911149,-16.955491819214547,-21.790585879872495,-6.064758417673593,-18.456504550012873,-25.42156424280256,-19.273899366942835,0.516029830908449,-0.2849326642775323,-12.92793012889694,-24.30219684984172,-16.962585101131257,-12.889658161598007,-7.463845053960282,-18.54617770690834,-19.556178021608158,-22.466742843525815,-5.007717069170277,-18.07094856460646,-13.448777321135482,-26.050580807757107,-20.53004709695941,-2.970372427618364,-11.480852245739307,-11.808835990999517,-10.936456285127463,-0.7565245290354992,-2.728682339100577,-2.369412887886889,-5.864660788636951,-6.707514733530392
0,110,4,-14.18947511704685,-14.609596827817033,-7.627813865663484,-16.317082921690425,-17.897298715505375,-20.284768267239386,-18.77275367630874,-11.70684587589761,-11.417223227135095,-18.150756631799695,-18.581177371349654,-27.961485028732568,0.008408863514821285,-10.3197850517974,-10.403930450710115,-9.439106277139043,-9.522475176008152,-8.785851656321565,-11.331999991986365,-11.372167147627867,-13.018990084858284,-9.704286067695476,-9.796659160479228,-12.112142044994073,-12.729014967261557,-14.409953852070542,-16.83253040859795,-7.505123275377576,-14.635025393013379,-11.731689343664073,-5.704209176562273,-10.331701093989354,-23.134746345577806,-16.26180428377262,-8.551747994792718,-14.948469625678056,-13.497187370797855,-22.675203276389272,-9.999050514653279,-14.766341884370615,-2.825517557606829,-24.19404304338755,-14.466563327852684,-15.501624467714526,-9.98380102435263,-9.444728454972452,-13.318635767870932,-8.276820626095635,-13.618524031310413,-2.376828087221197,-10.391365529039433,-2.262720174826228,-10.942180541991375,-14.499133887155564,-13.302681264217664,-13.676398076344187,-13.101326920364679,-18.508189267229003,-13.289835360491791,-6.741336816410744,-8.134433503983901,-10.74685957637138
0,111,1,15.843800079929297,14.935797465295064,15.547526192465213,13.795070562386744,15.784904556462495,9.861095119267702,8.429389443009997,14.589090413340113,18.561125800844067,16.115365931991395,7.596684041228599,10.701009012281707,15.087776313396729,19.461618615904964,18.692064265987458,7.0642424715560725,9.517736907628155,15.566553679953632,10.735255185741838,11.422630836687446,5.5173099264048275,11.850548422645499,13.832499480829016,15.582696954288123,10.289980875373606,9.848788318224251,8.833022788984747,15.170289416377221,13.423772757554916,10.308880480324351,5.117812197519149,12.571230282143853,3.846593610806071,10.056390644107923,14.789113939217316,13.516692428787168,17.236970975904214,0.5349933372401598,8.856665851566769,12.254549583670029,20.04593646758031,9.924698613958853,7.945276122812819,8.014874562784378,12.424562020477184,18.9003484887213,18.5790086750668,14.423966956415724,6.475896374213161,12.809114394618616,14.321414933426354,20.412388441732105,8.067384340996265,11.731791602424908,10.203996257549827,15.421124314162416,15.651426829715692,15.866130331965586,13.67975191095071,13.714644211912294,15.047384341974276,13.816677797313151
0,112,5,-18.85961424141396,-23.68308088454851,-16.219654924349815,-23.955637674233547,-29.05419539342201,-20.17799358822904,-15.381549546903955,-6.333767234643061,-18.756957512439737,-22.081607990097492,-13.877545628310536,-6.019280675452249,-11.6532247622452,-15.319982178327509,-10.746162132246466,-3.074824826837307,-0.18648803422636173,-6.631073277307363,-5.406489503115606,3.6060913389317237,1.112904932966071,4.720914641202136,1.9790135690170119,1.529756895652632,11.042538468158106,3.5554667059218583,4.3810557530420615,0.7166587566366283,11.192856785273415,6.878748012820211,-13.935340289162799,-23.392531575135333,-28.023839335479785,-21.679175446994005,-15.974736199623395,-27.436957136069143,-28.788997331815853,-7.121301498431594,-0.99003811126643,-9.15741250976897,-9.980843143128766,-20.56068396485387,-11.9757653482531,-10.648708664062552,-5.252944927901122,-13.043943278065585,-10.785581147775245,-12.744588946514739,1.4043664952211965,-3.843288364047866,-9.80738997727451,1.735014329244179,9.185454155341153,7.7575441902409645,-1.7683332398939842,3.1358788857156985,9.123549669254118,2.5612419991095265,6.206208063766544,2.817923638310916,4.974857936772267,9.333920650456736
0,113,4,18.151246926292963,17.147962102961795,14.443768330758857,14.30860228977371,10.094866854615692,14.188588647376289,7.291002353059877,7.21832593764667,4.554772072085517,1.5930154753349113,5.072321728008185,15.123108085778707,-3.106838511484794,-5.257652572378888,5.976209335119988,0.855457043547818,-7.174850960739144,-4.295252580695393,-4.371351704910029,-4.457162604735397,-7.424094284407609,-8.205712603927566,-5.499871305939623,-6.09580387589636,-5.470537242456912,-3.3911657906932424,-8.306336186167483,-3.7518170331491167,-3.0450257399920133,-2.0767558579167726,17.88141553467368,18.87466714319931,15.156087161337096,11.10792987120001,17.43920906294682,10.503320283154256,13.978465351571398,9.910417073974155,2.4162979399978473,10.537732373491474,4.961325079884107,5.079103466191489,3.2095999580285532,6.226063012895056,1.1349898099556077,-2.6803973533621974,-1.9274004590583944,-0.8572425770959464,-4.290787449061147,-7.639104120342481,-2.8667780820552986,-0.7209449120592799,1.0516311434358823,-5.205469712228852,-4.472297231229481,-5.675523786669275,-5.2881823197552364,-6.87567004847636,-6.611907826827425,-10.480200776512302,-7.269443500775655,-5.3011327019847245
0,114,3,-0.16011182713981098,-1.9216862888041353,-10.295125354241813,-6.566529851520387,-11.922966822175448,-13.187648696086672,-7.523838997205219,-6.209275761528349,-12.074406567324953,-15.643669378875595,-13.806547230254392,-8.572956721502834,-11.530028655398173,-14.890830744069257,-15.639038459102565,-15.38884484658882,-6.0004857599326415,-10.523591454708715,-13.809122111693744,-15.289066853251587,-7.578165046598125,-7.549584278109953,-6.973156757902628,-8.705593883355219,-12.606858346156965,-9.478243996945725,-6.928547657844492,-10.465830017449099,-10.09514017230491,-13.144955273990217,-0.5928008948075133,-3.1858879375617897,-4.360930006019771,0.779643846897227,-7.134249533276737,-11.104323023793896,-8.661222345809012,-6.147363519614062,-12.862587124231366,-14.713145142602853,-5.780469367780339,-15.606010578527323,-12.69234736133139,-10.42593103947356,-5.673774144998413,-12.957562980378372,-13.752131879874854,-19.99860431933095,-7.99224806081776,-12.082618893851059,-12.492960066648152,-12.455722566421446,-13.495161809322495,-11.971780517706412,-7.633724575089966,-7.583258341554923,-11.688556717436132,-11.312816817858604,-6.834785101094799,-3.4524192649348633,-5.819936730512757,-9.22566217549213
0,115,3,9.231097856570573,15.546351028061121,8.655015133321285,12.710856122668925,13.370057568453788,14.525842179029622,9.411074899659468,9.320535934439345,12.675373855342228,11.715323730167462,13.234150660641655,1.8458579055419762,2.810750911057719,8.092583085387576,11.105973068352156,6.347719032748987,4.714878664829025,6.402185498032626,7.534641477574664,11.26296100479255,2.783973753997464,4.249795245778994,3.468830895769157,13.260189691603905,12.681350919985913,4.970390324307629,10.284095555782411,14.935986566425465,8.756320789845365,6.181990241177563,19.145576473211914,9.043590697908497,15.933669734746218,15.442664854750946,9.088726077569508,9.080986362421978,12.730749448443332,19.387391610884563,3.4647923154620117,1.9437942732488969,7.6860224761341405,15.112494747540564,4.841911661525955,-1.9041583981569388,10.551160573757741,7.238482310050507,7.239539896864898,6.790737837507596,1.6968677680394255,5.057447716116718,4.413421913799714,4.531657726086514,5.426316288322573,7.545898516344405,4.7910466944662495,9.895791016428216,15.220896292086012,9.411805488464493,8.611833929583968,10.519432948856824,12.541193653051398,15.857024013087521
0,116,5,16.938364731130843,16.56522780832858,16.78728267480051,3.51661002188467,-3.1103149853510432,12.827204271424101,15.316939721020264,6.891200543279059,-17.594679565055344,-13.07530586413538,6.29850441426402,0.7951130350006789,-20.122587393605844,-25.564641161844516,-19.024495130967015,0.5164666516438723,-4.655967772188715,-21.493808683825705,-30.256619874842276,-8.092128238008966,-1.6084360358668728,-8.317166661253056,-14.053006639295234,-12.881223637565254,-9.191487572172926,0.6761824667862639,-3.8891696597239362,-4.618694628850079,-2.3738549091830508,-3.163728986949112,11.357972620299272,8.503406841035297,12.93162858254481,18.926949626311846,14.091546353906764,-4.557798829054597,-8.163159793548058,16.06014333703986,15.220380228467096,16.403557858918234,-11.56514569440084,-0.9522107544457303,9.09412335783879,15.923191990672121,-2.2772008796370136,-18.56127132141462,-21.110091542961406,-8.055074911509221,-4.139863703229535,-16.271822381128626,-26.385195580651843,-23.13945650879475,-5.344048373616967,-2.2471999929218374,-15.087479961831598,-15.886100072913402,-11.751495835677984,0.64608203768503,-3.9557819987942513,-8.525685838809832,-14.494852776684583,-7.38507649257053
0,117,1,5.8306751335039735,8.931107298243885,-0.5504419878465925,7.156975562445724,1.2819287992230202,7.3165586558056965,6.555931837238348,2.065097743679386,6.310969607859132,-0.12199584983016776,3.556519145963761,-3.7419394440948963,-0.9777337295434849,-0.8674267589585971,-3.3869587843101945,2.309480099257353,-3.7363121912008292,2.718651294753678,-5.635709139870525,3.0783702325652227,-5.041521512130956,-0.030317642192198513,1.8109066497716242,0.5389909259520653,6.289377583474733,-4.001959503327337,-1.5949159488500735,0.48194206362908043,0.46794423649496264,3.2460174209597294,9.914963932310396,7.100192344048992,7.261119039842812,9.392024483874387,5.890308969222558,6.551024920520061,0.2436697425820457,5.1588962772497675,-5.907213649031042,-2.6142039879966297,1.1870832253338333,3.7919587246710202,2.782075844954974,7.02200116767554,-0.13385054334237215,2.8301997937761825,-1.156300782112453,-1.8551761774096356,-8.333442943451763,-0.45873068863662186,-1.3211661331276052,-7.859008159397578,3.653196163657239,-2.7497351212517884,2.345537382541453,0.37485602364034776,3.9291068703935594,-3.3119374820735406,-1.694109081612225,0.37368866467349027,-1.3138071116082712,3.732358057233623
0,118,6,21.480962888658503,13.07370669258439,13.08882592831987,4.277009463914457,8.71420988476859,14.083658656332547,11.44984232274271,3.2026674674096975,-2.8601648740970154,-6.967876814396646,-2.5755387153022165,1.0723699398747668,-6.970495201408769,-15.906461050415903,-18.014658267859648,-3.023127313351212,-6.3818629682802275,-12.028824233518144,-34.00561950137704,-13.511800887348501,-8.274281762040605,-8.23872509941731,-18.57493201204826,-19.309619360467092,-9.76823944716272,-14.399716052607207,-6.873049312839052,-8.870134956089826,-14.062998951935185,-0.020989124748355806,11.19870125874877,6.036714088626017,6.882998439324345,17.957803519056522,3.213385631512039,7.21308946077961,-2.6326335093415336,8.071287411776158,4.05526363893935,15.985349366591494,1.851766089613478,-2.3923049624555013,-0.2971552649211894,4.054487173526443,4.625443225120278,-6.199216755743067,-16.03081182545571,-11.549119768777816,-8.426296133797884,-6.479536245736043,-17.817352639874677,-26.76843240882112,-9.052850186748136,-7.607264157256858,-15.323688393776742,-20.64966508750691,-13.580732565009733,-8.717213576182537,-9.160237679530564,-10.117971036969337,-16.73010090913442,-15.587481276586464
0,119,6,4.776213739166694,10.121695180136069,-0.11937500809591817,15.435070862499536,19.435597406575315,18.220122492815392,13.238122614418593,4.998345136222227,20.17559499794436,21.700876958350236,10.276458199306322,0.8111876941388232,15.459623098589207,21.110985322923558,17.759253855567522,3.4937331500763467,12.220768355923452,21.048789798032207,28.741070216112767,10.006608980571535,2.0572201934438668,14.223639605498706,30.14385302266192,26.49313204467478,7.33939953886608,-0.39219749308185603,16.419101228937507,14.819429020147487,22.215823773377025,-4.083221068844291,13.559978415894252,17.174565488330604,20.411009189786345,9.2036360628071,6.867580480616622,18.329101331872725,16.80804955639036,13.156347738033748,-3.5494307850561344,-1.8217371478307682,18.551761446126015,22.52227690500184,6.847316837736134,1.4657603346468688,5.063450399150211,20.058309556939083,23.454328769051315,17.987692083936277,1.759112117403163,18.575575574505628,29.87974850660782,15.944954939436446,4.539926089613315,7.829653695339289,31.200035990670134,34.2049507788246,14.897326591538219,10.553370171794436,18.198397533559216,29.99282706501642,24.97005990695879,13.886038746449117
1,0,6,7.9084697837328095,-50.6807042658329,40.041920434774426,11.846292510197104,12.762591552432257,25.7596876897463,15.916711080183346,10.588726975523477,19.98001384671504,22.907521381883374,13.733144798565931,-6.261901549404351,14.548635317330676,26.633190491895476,19.695678966596912,7.419912675213881,9.07208685970456,22.113716097117017,24.614214948083212,7.663366405645433,8.897316798198649,21.181380949380657,20.550347803342262,16.677691679697762,14.318284515172195,5.221965230921879,23.03734804313095,15.119345460723084,8.939336511079317,13.911672948518909,28.957438207572185,7.451019859168584,16.59948020355729,29.80872490847618,4.21070452437668,16.736654387196385,22.524534356893927,52.714393893393044,-12.128065586476245,0.8415465094944139,7.092540255361572,16.312583721992443,31.95992032165932,-3.6259700671951403,9.575165132537672,20.653394896173612,21.102189971883675,14.751367032393045,-0.756826936062879,17.271732218654403,20.64860911571942,18.589263811906264,-9.551463290730988,17.487764551213434,22.091630458014038,20.395926611384425,11.908786437954058,12.960108179474107,20.276163407396997,22.659011775582297,13.017594608307887,14.509756314876304
1,1,3,-22.20541638373285,6.384670432259493,-20.845435937707556,-4.848564166825535,0.29284961994101616,-1.3248548721213127,-3.811922798285308,-12.980765823592881,-0.6936865073696843,0.21601776812770296,-0.4066357141042647,-2.070281985556575,0.658671724462381,0.6758462895707373,-5.444568034886138,-4.026179771529646,4.980436551679927,-0.3856933986904456,-1.261106391778078,-1.5350787048114536,2.815202514152611,-0.1915199195727593,-0.3169469831244487,-1.6560720744792607,-15.413420429521407,0.4665052520406493,-6.980524831780852,4.596513600020509,-10.709532329824011,-2.4781285369223562,-18.73583586170996,-18.056429210459672,-26.79439945051036,7.53600950402253,-5.500076584608819,-4.41339759112949,5.891882425333123,11.757872583980603,-15.226734357727022,-4.463637903150984,-1.2442310816131292,-1.2606530273106078,-0.563724582573321,-10.686776188247626,6.537026677752006,0.15227432051537337,-0.06435620157820159,-3.7304355396730116,5.677147861899491,-0.940058719457652,2.789103118657338,-5.016170013718666,-5.342370130417008,-0.03479775341182281,-2.2672775562216603,-1.1581461753968787,-7.892887354430908,-1.1594488906969374,1.9712003702979255,-1.47586518405687,1.0304083614269393,-13.958126210607588
1,2,4,2.15993679736218,14.119701705259711,-4.038732569573855,-3.1158820176724253,-2.675683729895731,-2.419638654478348,5.517743235919625,-1.4184753221073532,-1.4845536838785367,-1.2506908498613576,0.0005741018529343556,-9.348606233279186,1.4460123813733805,-0.5979963807480004,2.8295500257468444,0.8466603474850518,-5.760695087496284,4.258079180614627,-4.871619524556307,-3.708991504933052,-17.625840934811205,2.4318923397762005,4.00301826545378,-1.6870827173087273,19.783713004324678,-10.182279529589483,-14.040226127759976,-6.694197711023713,-7.3443158350248945,-9.80241875988772,1.9627241099965982,1.9969187362528407,-5.360133257081231,-22.066886599215394,-5.696546308951816,-11.708394722558745,29.880689109334863,-6.338612819953662,-20.513572048395872,-11.419413987410866,1.2951661469187699,0.5846089856449248,3.7940970580178726,-6.382711733912862,-11.98189887243164,0.43594324472928175,1.1030623646930033,0.8752973736604538,-4.404274867197341,1.1983568017802593,1.8744828871837462,-0.1417525208430236,-9.001608566006235,-7.49122065853146,2.456612042446691,1.4986792713767152,-6.031598993304477,-7.319055720618589,0.06296667365766151,-6.455346485145578,-6.170408680535305,-7.965121743734926
1,3,3,-65.23223385941695,-38.36944053958102,-58.1247867672909,-34.320099251299354,-34.6098904669648,-41.5862807534272,-15.860903543579136,-36.38776662682252,-38.67087754316445,-37.52173816485378,-27.217162656529663,-7.19826498106278,-29.714361639148226,-33.12710252504158,-35.11590670721558,-24.775211547524115,-29.13285482196682,-30.66677559895166,-33.33657849977566,-32.71595610023429,-24.349944407654142,-34.81072615328878,-35.12975249712062,-29.485742697287826,-32.03862389629115,-22.766786750610446,-31.867037889101873,-29.351810456866914,-29.61275677970136,-18.223364606829033,-55.388012836619104,-19.634487715651975,-5.496564411410561,-4.66742116861363,-22.402252755684355,-24.03347013785117,-18.28002603756401,-51.55905051493067,-26.290587795050776,-26.195293278410656,-34.95090592979658,-36.44769882792379,-23.745526939005835,-5.667147034302166,-24.30258905178891,-30.21050747436266,-35.450853166056845,-29.819159968960555,-15.473319047539517,-32.22449950619443,-35.295732606557294,-34.764605687885734,-24.92713855877063,-31.05698933105893,-35.54518283721879,-31.926661355897973,-29.48650486230077,-25.27234631325914,-36.342046672001295,-34.66882423720345,-30.363317050698495,-22.440813586291867
1,4,6,-27.4217228417614,-65.05414506502262,-21.93358627906661,-15.999148840675273,-31.34375068163728,-21.632265186255296,-9.171689358653454,-3.2087209688544958,-18.727427068325436,-18.843026997089922,-15.549152233410721,-9.111250524619232,-17.5218869245543,-12.908068399240333,-20.34859042741903,-11.765827988705984,19.708458710052987,-7.646688715645637,-9.3335495888619,-8.403100753714117,4.956946931756671,6.573918166570365,7.302851102831657,3.513940046189306,2.837558369561122,8.066673244361018,9.737763520699312,2.085907895663162,7.124641173632768,3.2155183629507604,-38.924457210320504,-17.24619733278707,-12.379870027373268,-42.98667467546807,-62.799212840272105,-30.83446820589099,-74.99429770213801,-7.9900005584264635,-9.169407596857077,-9.352012180176665,-38.59450394805615,-18.450685691951612,-19.846510972731142,-17.45471328506018,-10.950018973157905,-13.921948626234267,-14.478354952877341,-13.681959068970528,1.5853189673578574,-7.102468831385149,-4.22859293194034,-9.870735768592223,-10.067813346389586,5.655607267691777,7.216515197214193,5.212099511994095,1.9102164971892073,7.8498159476680796,6.708935981434654,16.959349042758713,7.02831919209623,0.06096949967805443
1,5,1,-10.083709270767196,-2.858331762095237,-37.708776513614325,-3.6397144800597223,-6.4953156773500655,-1.5794573918938974,4.2536553229296175,-1.642559413267184,12.971657649841065,0.2826513314574255,3.301863681524992,-4.752753544451168,1.8304369827141862,4.128098024191653,5.404212870158075,0.8351061218758917,4.729688547824215,7.803647429296156,7.953697691012811,7.563044875735279,-3.1014477430343104,6.943860224641224,10.699497862679252,5.189598995238181,-8.786193797308044,0.2145898153596527,0.21774486515943425,4.891939491147129,3.7964705010285473,-1.0067016867262026,4.52102302405529,-3.431357693108848,4.834564046002924,-3.6395793580790885,10.307860875774814,-7.14848290338386,9.171168385255266,2.1397037629106253,-21.99149243497266,-9.276386409180192,1.5844746495869657,2.8322757118404254,-7.71312414146052,12.716437548029848,-2.1007184780816113,3.4801796453936777,3.724988851321455,5.986945124337358,-4.733909812568481,5.994620714609216,10.222996474436068,8.307333651498505,2.2189429506443705,2.680339141953283,6.712959332119038,8.748491936704006,6.840335447295775,0.914649187093147,3.1327431056330486,9.081055294495167,6.3903486007347485,1.047293381447473
1,6,3,-10.440480996660819,-2.197455452029629,5.322180376365423,11.506256307134546,9.756462461610395,14.59931459096146,10.321769420738992,2.6341609470319125,10.817751079616018,12.594638299111777,14.06998238978884,7.607259633987805,11.089103702183179,11.334477301215658,10.93019587164972,4.538149236815004,9.455860152272745,12.143295797979365,9.567634424330986,10.096151116781122,15.020505168974934,11.27642175596685,11.91649082839126,10.073298561409477,8.477148998824019,14.650456960812749,11.62989835469506,7.725956810683735,9.062139129834017,11.644231335259974,-13.242575995374189,2.982485238479724,7.136166504243527,-26.082785881374313,4.593117274099777,17.777772675200204,6.861417646065539,12.09124156490832,5.450395892272001,5.698118991763666,-0.09431993269657024,13.138863108245797,20.12683183693032,11.74472158093278,11.428469335427508,12.373588808363579,13.54997102373915,12.362849792823337,19.127709103748202,12.73833976892708,11.228844349590565,9.27967162393942,8.08849846445047,13.478807614463168,11.173929473294356,11.190785628817295,10.8735297232094,12.677881580073292,12.21068656083378,13.613897737819796,11.474309904001109,8.359098349249262
1,7,5,22.41001993685779,18.146195040788594,-0.5200357320661678,1.6921820982881794,5.256328633162983,7.378935065182928,12.925686768642281,-0.13025132205519052,2.0342106589445526,4.3769258813898455,5.01260977652969,0.09727241627008766,-0.024169730204271003,2.8778991764865642,2.9319602524543704,9.699106294389178,3.2818573818928214,-1.1707377015476716,3.4833443791310255,7.7224785248499135,9.253963025400369,2.5200227970575404,2.134922824413856,6.109574149839766,5.1475552345012785,2.733392071640459,-0.06186683198846041,2.2795746665357086,6.2000635871436565,6.150445625549414,27.436417411649362,-4.192232262280698,7.378915880874894,13.006030690697282,-27.10180865918719,5.793809120497876,-7.953847108374732,4.592277847775599,-6.488002153829007,-2.6576263695875757,-14.552214973492594,4.038896648713004,10.410425644918783,11.724507806095762,6.073203820258196,-1.3035458779252098,1.6056582394521683,1.4780939838553717,5.001084479673696,3.199414870679015,1.487641330868029,5.145625485413955,7.070387142131152,9.107791484288146,2.7978205526383917,5.965626612288607,4.965263986551179,7.8511667498500985,3.643409839081693,-0.6921524295537935,1.1309998301652862,9.183528234807365
1,8,5,93.7006323788451,-2.7418634168712925,-38.467774382921576,-12.693883786596933,-17.61977671032273,-15.352904461114115,-4.201958134724972,-16.38631346475946,-8.362851542170812,-6.0362206213630465,-6.030634177803276,-5.880183436567106,-3.3672234152341503,-1.4282879723553996,-5.233176887353382,-9.774977926369294,1.6983475595820552,8.3288209412883,5.316781973852437,-0.4556505890881146,8.054940491755737,11.770961082676743,11.297586036982329,6.361142301523103,2.2699357129224595,10.948952850158793,11.346026784172516,9.955363630226293,7.083986901008046,7.557873241944096,-38.88237017293165,-20.480844098892906,-16.5606831185088,-39.05054050665806,-10.28345475600259,-12.662409999629293,-16.161737462096838,3.5585310870736127,-27.031229101413857,-11.1086227631696,-4.268803541775697,-6.741601195731541,-22.601337292049912,-10.931406935449784,-5.536519347099444,-1.4616864865600394,-1.1424143431571863,-9.971172823411663,-9.04079157131065,2.775590133489814,5.626121066328955,3.959990412013877,-3.129529984821224,13.769756483743203,12.671335094767372,10.232292985248309,4.931725389150927,14.192514908000291,17.601941350029737,14.755346955186345,10.859438001098702,-0.6572292279565644
1,9,1,4.702537364712578,-24.721434991724404,2.1231370097616815,3.1663635386971807,2.603077912612293,-2.699564073791319,1.237139330154692,-5.801942953601388,4.803148171625937,-1.5448237248673682,-0.5608927011035554,-0.7870367329295083,3.834109688904591,-3.2706987579103273,-3.924859763441107,-0.8948261407431128,1.2186622893914754,1.5799495349751722,-0.7547622310769972,-3.6109809812794382,2.694599875601055,2.0469999608197607,1.6348789664348828,-0.2073533521374549,4.038978675388864,4.144254574495391,1.2756033924112973,4.022093484110042,1.7463638338192187,1.7376366930037008,-19.344291335721387,4.3800422625570805,-4.8448059843262525,-34.18548707445947,-4.474704930604229,5.974850707846452,-5.062488135222981,-11.131832544433472,-11.966417702323064,-3.378714900526287,0.24406142744076864,-3.575121922963638,-11.880130117441094,-5.472409229464375,-3.16764198766919,0.0918402953709423,-4.385696411200958,0.43806118209187683,-6.445384278972974,0.2774215575602892,-2.443504518704352,-2.8702044429302935,1.7949445630628151,0.7293767200374017,2.487010033403681,-0.2555143065614305,-2.455015332460766,1.6146458428262207,2.216501818742695,2.5446556502578375,2.193552551473061,0.3200249287538319
1,10,1,-10.396787322875927,16.378633144834055,-29.348081375321755,-12.08227813841275,-6.928287210635748,-12.10309972877547,2.7092898322223897,-13.827406913496366,42.76242652608129,-2.6528792653244166,0.988518937195583,-4.383462785516026,-3.372327584000985,1.248828645954589,5.064745905339182,7.713717589188915,-2.175736420038271,-1.5060700186323834,6.483597567236818,6.448413966905056,-7.044765286891513,-2.5763079029246705,0.020426170247402786,4.7437947669021066,18.30517502056388,-5.762422211445508,-7.7755168915723445,-0.17212145007073412,-1.400528867541609,0.8198854222711986,-17.461636014748365,-16.162417696561757,-8.761382486546273,-24.54007031150707,-11.05513571776881,-37.258649866392005,-1.3947349609579986,0.700971257350431,2.352358953854093,-10.65643612100039,6.9239793356689745,-0.4665051546180621,-2.0080002121082154,9.56003125148212,-6.4689654147979345,-2.044356085973361,1.899665642507011,6.556545844744531,-1.6767780752625403,-2.800551081439707,-0.23779948388521624,7.395028880798037,9.670271391242105,-5.931697308790032,-2.472271840735454,2.843381325226626,7.737105877252248,-4.76272529935629,-1.1206276785843534,0.42189012081703053,3.0142532855317707,5.302463481657025
1,11,1,-6.4144411671157116,15.921062528098956,-2.2871488504957886,2.47279762117783,-4.623886717528821,5.115970475230047,-6.200772820086009,0.30740460151488525,8.86548125448569,9.849995941785446,5.14170806055389,4.974806530227908,8.192804445171864,10.168636440398833,9.514813158252252,-1.0694610529647384,4.997471080456929,8.915851756021741,9.814706248429989,3.550397361674143,-5.191446658257944,8.62480628772116,9.602784158003224,3.823211679939271,1.7557326839873333,-1.3768801560125714,1.2387361506613463,-0.8508574947226437,-0.3355157157837793,-4.651037895552265,5.381003109601941,14.355296668301266,5.581834053927352,4.37970468566594,-3.8303421390663157,1.3449818130537177,18.45779186132841,6.633425910556805,6.723505293249105,-4.568966853523221,-0.9041225842949814,9.049595891168659,7.65659297691522,0.8245698354127469,2.695371701739865,9.55687623237055,11.15583349771162,5.840754377763582,0.852729249663265,7.867516308205156,10.97325291028019,11.18249250902999,0.018974061419322272,1.9312986723436971,9.446587879175926,8.562920244671858,0.38814904178185905,-0.08911461710202939,5.566285232945188,9.861241511705261,2.9550446211360395,-0.18250335239601015
1,12,5,-8.772487977519631,7.959723245329795,-5.374823226707009,0.5471531153065949,-1.70780308449232,1.1176414028173545,-0.18018769158800058,7.288286437643924,-7.838059141584554,5.693738579636487,-2.0222030306552963,7.921215685606911,-4.954694017472606,-4.631981988392047,-6.193874150321528,0.30935837511007247,1.2661093787187951,-1.8500332774639838,0.9287796614680259,-5.983023054233369,4.731994559535496,-0.07361884310659876,-2.68756107458981,-1.029930776393996,4.813303308550084,-3.460670164309262,-1.8032182251080515,-0.405969928552555,-2.309128316210175,0.6401222452703053,-63.8076755128256,-8.899236927240539,-2.8887249527828445,4.441484684300632,-3.78923898103942,-6.112333732498126,-4.5627917542084,17.371822147834575,7.465251508339238,9.08310551325814,1.9596800183786487,-3.2163963707095786,-3.671936020788893,-4.532808701984766,1.6161656118134355,-6.655169047642405,-3.2288575571757274,-5.550582213202351,9.309924945723626,-5.487210248392529,-3.2855383294532308,-3.223695681294106,-5.6780981658773335,1.7854599756438565,-0.25349286984561487,0.7072862200438976,0.4135440240227972,1.6510886473087116,1.868196731206121,2.3123799547916515,3.2087209602227325,-1.3509253930845644
1,13,3,11.3768636552935,3.223758277222771,41.35720378569348,3.594375679564733,10.267138992776951,13.046111112051621,10.36227422323441,9.1195869257719,13.797650633748946,11.226060783808556,8.49318016365897,0.7095246696049671,9.643790792719251,3.790498089405891,7.435278144562851,7.094089091800875,-6.231469825682478,6.876961538153584,8.499398644422973,-0.4098920332858485,0.050679299100188785,5.762658554470029,8.113227745194395,4.4776428983115215,14.238302430717228,-1.7153821586256441,-12.215694123697348,-2.851978255140526,-0.386745028424918,-5.80354455715363,1.8678638611624887,1.1174483504856185,12.517169758541185,13.576827692753845,30.339195770097945,6.019914509024376,19.288372964302955,35.75696954094783,-6.475101976450986,-3.6923331663796177,4.1589059406300874,12.011848062594856,15.889164314752932,4.53414988655685,8.943292449796337,6.71049414879483,7.575737653958903,8.13954911033464,-0.24037088635349207,6.370293969924492,8.48118209317412,6.341304707761131,0.23454795023653552,-2.4665791961341763,7.166853914855095,6.2345573539595796,-2.1927420592457985,-2.628087158348956,-1.0044777077145706,0.5570863090205673,-0.9876408442491429,5.978155361090945
1,14,2,-38.52129493853668,6.9442846758927095,0.7468648289739184,-20.11176554000902,-18.715593068292602,-2.205767663332022,-2.0535705637232198,-10.813549166590693,-10.434238243848085,-0.12370957268356611,-1.5227766964448295,-11.873815105183098,-3.1849080350210244,2.70578255195443,4.70585169243376,15.408832563314492,2.42293368511629,9.437474802499871,10.67245290982651,6.912164498961006,5.484002009841963,11.532621215233904,15.435173326558083,12.73702284611943,20.982899570428756,0.5080425042613612,8.07230804824247,3.6638022767061837,5.846760654600523,2.2963101608826366,-3.984415718183922,-21.164336702445663,-14.160973651595874,32.66249329555873,2.6467187250623625,-15.104240690471556,0.5101891793878508,-1.715343519363826,-18.157184817930446,-10.902832574483636,1.3997762350410943,-3.0789279775216993,7.308109416495775,0.8305037420288457,-6.497650692909502,0.5764124807788127,1.8594744293780145,3.8403090086947316,-1.6976914451920364,5.002353282486341,10.774935359487356,9.8366181615104,10.57233883102038,6.3270633470880355,10.631923794689612,16.443828821738762,13.04407516462591,4.652287385699043,11.256116322622198,12.499015858578614,11.398129156813397,15.135371773117571
1,15,6,-82.6242605753061,43.072359180123364,-20.630990724283734,-6.002768892613123,-7.071337518055086,-7.186180080105433,-19.797631076378064,4.053191079235659,6.124109911891382,-3.4073230644869734,-9.230951124903033,-11.997693540585205,10.894520245481093,8.603762895947819,-1.4436967190264198,-10.410777758216344,-0.5385947783545759,13.919512547779734,11.360065518424104,-7.8996654638748005,-6.791243324510569,7.634594156656681,8.578695744276047,-4.362819552748102,-4.380216031812315,-4.450496481731534,-2.037457419173202,-3.8315191594202367,-8.977115658725175,1.1406436613647308,-32.93388407631982,-6.635683658901916,-2.4356408909576523,-18.08129856791119,-42.00506421443213,-1.0549641524600557,5.420572042010907,-35.75583120562682,-17.359500874572134,-27.707070739167502,53.54559726686012,-9.19215888318197,-30.187896117568016,-25.617153715069687,10.462933290295492,9.989370156442984,5.017863417453156,-4.066207028448402,-6.37342015808312,6.6805014639365945,13.980332441566931,2.9446964924927936,-5.688171355462657,1.7383410049170764,8.00866094331553,6.113944924300226,-4.322710408942727,0.2773491895371465,2.787207112920172,2.5356149640297754,1.2610148225297664,-8.611761566160661
1,16,4,-17.61860930906017,-3.669745873705281,38.12767060459079,0.6672155363030925,0.5474425166981642,-12.30998989644961,-5.068885188771223,-11.514356341394715,0.4376848128328968,-4.89902151642344,-10.669963387636145,-7.117240779584539,-4.6207606030355475,-13.842540693577236,-21.648590640505635,-13.962279927348956,-15.076389796543493,-14.740097352530713,-21.115047007435695,-19.61818635998941,-13.559875156892252,-16.788018766001287,-18.372725096429004,-18.836538383419207,-10.65638308924986,-5.21830354287948,4.014924598880473,-6.248108862138284,-10.381696870141639,-8.48203603210064,12.489507187271444,-3.5629840056162108,-12.737375008805488,21.39371785489706,-20.23119601557349,10.431966249081421,2.011618497699114,-4.902687974319585,-10.984416328915739,3.5995232411773816,10.367691873004892,-16.163406602856586,-21.91307820779522,-2.217510047414137,-9.171781019391437,-8.23426944932832,-16.631909088269946,-19.871491250604766,-6.860211588223695,-14.916975618135655,-32.64800585252121,-24.642369409546067,-12.338462973382647,-10.126703564259342,-17.50697500308657,-24.7363228198118,-20.2578020303669,-2.889945497764728,-10.773849999577529,-13.15530906464313,-14.970843836210854,-5.551238271846471
1,17,1,-19.522462502303647,58.79387423014492,-13.991384989468427,8.700243874532518,8.621574173431561,3.867334718248109,-8.860782384878119,-5.305449764925714,-0.5032664090508562,-8.122784662344378,-6.597320810651758,2.1423570773927727,6.129908753513568,-8.77714822604321,-10.850257358411557,-8.470718193799257,-0.5565460614047999,-6.714724923529456,-13.075109970151082,-10.297768385490265,1.3257569640693134,-8.621062778822354,-13.090412542042206,-12.207391446865188,-18.416635784979274,-5.9162787846488305,-6.4375157290047476,-9.386081285956433,-12.86932462508359,-10.510361108088452,5.9409840165001455,8.492475890440913,0.2890770970957326,-30.349466741471215,21.084291908867282,5.830686145621092,4.569666545565533,-3.597993999356177,-2.606551462875273,4.372627351137739,9.98781185533579,-5.316468434317446,-30.891067040675317,-8.866484645799522,-0.10726835753587095,-2.7077315531886823,-9.52531563839307,-10.578769611331023,-1.5973314802026053,-1.7080732694338647,-12.646094375857851,-13.495239115819876,-11.352679510336808,-6.163258984117068,-8.145748378777107,-14.258303743037512,-13.925885375134833,-8.881951254270064,-8.235345218245442,-11.748581015252189,-14.021995128882,-9.642242209576978
1,18,6,-34.68288690930732,-37.9010972806775,-15.927512723725382,-4.939400944506703,-1.987487288146483,3.987069124128764,-5.194529444638004,-6.9974484905570735,-13.661557105665166,1.7767522597128953,1.7653860549056324,9.28950851378825,-0.6849738480750365,-5.19132134936205,-13.835087093700679,-9.121680662240376,-2.3272821875573015,-4.199791989584522,-3.8610439062368385,-1.181587474011792,-0.738142465036816,1.4951478669578906,2.430150881920027,6.106004190472203,-3.16238838294095,-4.250722103388753,-8.232334923862322,-4.815252318059765,0.6270628835858276,-12.054808535158822,-14.224311939622394,-6.544200589017174,-5.60432015041389,-32.3241165319412,4.623293307581463,-5.661116693486891,-0.1843510677856274,6.954970447937168,-11.22429994817414,-8.88235183302086,-20.89471130148031,2.848861706556705,4.416842139871201,3.995275258870294,0.5335438032293806,0.2963327461642088,-3.903748534687954,0.1796232982220598,-1.5286767878711631,-1.8045016107399297,-3.0291217876280205,-2.494839944763156,-9.067320442008903,-5.088655195812264,0.7367819684852905,5.2024991144766926,-5.689908041550617,-2.8449830020914173,0.3979615524365798,6.363983845701675,4.200660257850111,-8.410858243340396
1,19,4,1.0072179460534587,-26.303444584331853,5.667889957043636,-0.926608730811715,3.237980340684131,3.775402883374383,0.7435842647285348,-6.8070379955376055,24.532129446784214,8.263649505364326,-2.1500374281171304,-0.1573832139554551,-0.5465018249616561,8.575231965949257,-2.019539978318256,1.3269582353759453,-10.482254729333627,5.129131100980971,6.990733126723544,1.773683806427004,-8.961779152474751,3.0933670212582833,7.12258135481942,1.6686732918705531,-1.0240499588842624,-12.853278797892182,-9.165041472149515,-7.9666268302968195,-1.318409588187933,-12.412284531335276,4.444128469495878,-11.142431560426765,-0.3751232750038055,-9.059577493337772,-1.0012647261894188,3.0026942733675246,-0.4314711886804488,22.839648377013994,-19.82857414419199,-2.539927859174474,4.051989810336835,1.430613227188587,6.4574160710681365,-0.99685049537646,2.940234049018926,1.1415988729568198,5.961767239149706,4.354034565383475,-7.431698466151405,1.9749489281846135,7.815322181675583,3.5410044383621084,4.099509129936735,-6.823165788763866,2.476314647441231,9.027809455990791,-4.857165869052816,-12.39549107414319,-4.546895712704923,1.6763632297970184,-4.701524323579378,-10.26294179460625
1,20,5,22.21077123138962,-19.94299687065821,-24.387130268826706,-10.086541264408783,-13.858378844398144,-3.8435219792967166,1.829766476299707,-7.1554685386874475,-16.654713672426787,-8.075829736360278,-6.6449897957102495,-9.973290728318513,-20.014430435771896,-18.535530789778008,-9.105437141593274,-1.7293870492679302,-19.39773984089857,-25.16500077644227,-17.726866640948412,-10.435241823357236,-15.272584607506676,-26.373773107066658,-26.71643855953702,-16.143062608634555,-11.561542820276282,-16.345900315405213,-19.897966956015583,-22.027283833038485,-17.37541611505696,-15.777481699805334,-39.41034184914176,-21.33718668137928,-7.269524772106333,-9.051270011471725,-39.425514279387706,-13.633802850480844,-1.3924143753218927,5.44998577427936,-23.06359721906483,-7.169449418807321,-20.29282655699815,-8.34253168941998,-21.272357774398664,-9.020225574080715,-5.865792514029436,-20.08400653051099,-15.579106438325764,-11.20442386144181,-16.365549734699908,-21.948768316745383,-22.231713641525754,-13.057018992968091,-11.483239585749525,-20.960418274126404,-26.375119371521393,-19.97963264334674,-10.473286310347111,-20.24187694831819,-21.858544181214597,-19.272095701407363,-14.680362864420182,-14.192404030118043
1,21,6,-17.974541592956868,-3.992993281557929,-11.018991997283765,-9.57364543258189,-17.559087095895734,-4.44125308500739,-5.563067523490001,-11.53658671387495,-13.358701777939755,-13.053448763193291,-2.006890642627075,-2.6322505601352395,-13.095140412552047,-14.413236437978725,-12.02036774676384,-11.199908281403891,-7.05454899233243,-11.829069805967551,-15.330881456583274,-5.446237358480422,-1.5796696696793897,-13.596747233884455,-13.729632703235326,-9.584176889995524,-18.182034845532076,5.146300793915032,-7.644112605385757,-5.327733231594833,3.0843117835976894,0.2785793416679078,-23.705518860313113,-10.936351816284207,-9.457717568045714,-24.03853568770899,-9.552428137738163,-9.26204378194199,-31.486072448332145,-30.70069029672845,-3.3971533444710076,5.391611807877426,-31.38981299356715,-5.299655710656492,-20.43664381780275,3.8353061944902174,-17.412119513968147,-12.845960437047593,-11.789259501324013,-7.492026394017309,-11.704501379596461,-9.467346802853594,-12.083947324035012,-13.777648980547555,-0.6593760056563127,-7.1993310219017665,-14.055649531914334,-16.892426242353395,-2.3244696754121748,-3.211750670358901,-8.872288309900862,-9.99366846526178,-6.5465933392505855,-1.7105530899688137
1,22,6,-12.481132162530443,4.790576014849475,-22.770004682969777,-12.872551863967656,-12.0217715785725,-12.669371435782178,9.761571276830743,-10.912153132941306,-12.308233870306935,-11.764346954435476,-2.755385984144197,1.0686313114015438,-11.523324705751202,-12.94640238686513,-16.21957585154238,-2.069157817968872,-13.364852700836767,-19.78691146570463,-17.326594237874193,-4.201104101043466,0.5694076450110037,-25.197415253136118,-23.099726459772384,-8.191125728689679,-8.547284632103471,-0.019200677642735184,-6.428658360922029,-5.2016886726544245,-5.000196850983563,2.275917919488942,-16.44949259295515,-10.325976187863,-17.22711723978154,4.1663643961499695,-20.561540114080028,-9.785451713222553,-11.714236904548972,-21.56660648226375,2.976411433015927,4.677822455724064,-16.576169256030077,-11.616356553918706,17.81680624459575,12.076956843593853,-15.512627449326727,-13.214348901193826,-15.283463470802475,-7.106791370752745,-10.875174866006828,-19.516576862121678,-20.3692627524639,-13.491022673060705,2.181004551179683,-14.298138202440626,-25.61971059112196,-18.26013061396278,0.6393455510161175,-9.712373119801645,-17.19865858518495,-17.471690020001517,-7.3678874680573685,-3.2072784723799175
1,23,4,-11.886363157440295,-11.460010550632257,-38.02031552173744,12.977581895831065,34.5192804085772,3.65510401644221,0.32430889885645686,7.277914145353775,15.475417607713775,18.721850131237975,7.862764364108443,5.591506728993321,23.38308191172234,28.614763065809147,12.48669453664888,4.657931845589748,14.872288132995,25.793732771059357,18.371846998246717,11.057161912821774,14.967124297942336,24.423828649084733,25.18500712986398,15.34547029762734,-10.992149719974119,7.444285048095216,17.25165345746933,6.833340192628208,5.081216193497088,1.4224070620094131,18.692528030267223,18.610230322109487,-3.878286014924327,7.836795112084048,9.565690206136649,23.5021310730996,3.899459805226,-6.842752362594358,15.288225090619546,6.304683527841071,8.915875955325813,12.742725093053982,3.6697650581794212,2.644726188512651,10.230054512529113,28.51947845141515,23.29641308113025,5.983413804549629,7.992181184951485,21.967539832541128,24.538179128998653,15.410685118424103,2.052311447165801,20.981992674582628,24.97094322232212,20.234872045676877,4.286783795803785,14.704629168800292,16.4455945881129,18.478989968212648,14.802070341868003,3.1066676068414987
1,24,1,-6.8147665777828585,-2.2049090339597783,2.0131573854241407,19.864954147033583,15.600323448093935,15.308612559706251,5.6075958259426395,11.31297547985776,11.640381653566008,9.087273725104051,9.461417717904572,15.130470322558608,5.379835752020708,3.159773538002696,4.617658698522463,7.002036434030394,1.8489092252580686,-3.807822051662498,-4.701061131989175,3.5332083969217942,1.153350914896625,-7.520851623982461,-9.781640565749711,-3.333221768869495,-16.627982158304704,-3.527930601136532,5.355878152816398,-1.497425007383998,-6.830956991384284,-2.1288056146671503,8.788948551638098,21.783960342111946,11.514317936650132,5.562527200697617,21.877571326385198,24.988981133326888,18.04255943881666,4.268277736698708,10.25393488147955,8.102676927475493,2.3241320641302496,8.758748390075821,-1.0771559570438984,4.57509372611502,0.29364078464667975,4.579406697848218,1.6994666289083824,6.084121206775308,4.070708099798096,-2.0063020568341017,-6.560347398911975,-0.7205434463827345,1.792103016362865,-2.227187592945085,-8.237033814941416,-7.0566909705833885,2.900255061572465,0.07857332655751038,-7.571892657432215,-8.051109991445228,-3.6064461682037248,3.7317237013755014
1,25,6,-4.4368485149121035,20.71434012346151,7.855773956196884,5.839611147053354,-2.087649448729323,-4.924981163542077,-2.7438607955942054,-3.8396962963998655,-14.6143086138522,-3.7133672680796654,2.727110826523929,18.214656642007803,-0.8947152494021313,-13.60724021646581,-1.5027027573413796,-11.241252562462748,-0.38371542055250624,-14.253875313525485,-15.224819221454322,-1.3432499701384326,-4.289798985167248,-12.801842124133207,-20.18835612606802,-7.66084321765456,-16.986437430287268,4.417334292242985,-14.569891103566064,-13.04229510482969,-18.192600023728335,-21.318410577740895,-5.829330445153685,2.374820920474053,-2.381647359250434,-52.59287433944093,-15.323736558066354,11.389826697433683,3.9767113342972062,3.499660191773552,19.814458269853052,6.364089877174307,-4.955036527028578,-1.236661754366826,3.556644786853435,-1.4411880914349013,0.9276121402863513,-6.510309756688052,-9.571353851635822,5.379970759925682,5.394105962420838,-5.587425360172173,-20.89172024316178,-5.52103819748069,-0.7265738043139089,-4.190866959031399,-13.47834451308916,-14.655001532911065,-9.394002893258165,-6.717436306861442,-15.762410666748163,-18.228758179378232,-13.575568642012964,-11.563491900437274
1,26,3,0.5915994500605102,-20.32085081189871,-19.717716477355612,-9.269270564883762,-2.149183504499222,-20.516153135098424,-4.824182161357163,-4.032919372355269,-8.535267456184796,-11.254770292741503,-9.564397210300692,-1.3007237029534475,0.6626565117479797,-6.396625088482372,-6.819089258998271,7.018738161727066,6.351797552802027,3.5062260859327843,2.2150641743366264,1.2179193267053567,2.160192450917349,11.276527745194924,13.72312960192198,7.650784547207877,5.510545441176647,3.177633131331788,9.80546279655906,7.128732216533088,10.461066367490806,2.2184411424649406,-21.803643586204895,-1.3953186233141814,-18.061094362061564,-19.561635881951993,-25.898588923305827,-9.975398807581971,-13.400943397385324,-26.56699616184868,-4.379603320630492,-2.9796630828243855,-6.487244628960406,-12.83368730021459,2.4944153947403582,0.5762678009185296,1.6489466464646707,-2.976599592897225,-7.0250098216006664,-5.6753242102156305,-1.23780515355132,0.5464778288222156,5.430746390506986,1.0395359513690585,3.785292603455985,7.116208527691473,11.247992119138562,10.953169280799433,11.011639890033846,6.29030700382299,10.697293164889992,13.230886652923695,10.514895805282661,8.9996885316242
1,27,6,7.592063103904723,-32.85396953135384,-50.791947570879294,-13.26296831238107,-14.226410457432811,-13.366816243065218,-2.079134598896815,-13.103114922122074,-13.56413012379695,-1.9657393265969882,-8.348904571044491,-9.158099324771815,-0.659318195394718,2.3988701430399244,-6.127293831538177,-4.234198855792696,2.3203690362776195,8.17688924605708,5.562970956378593,-5.67970952563124,9.516549863012097,11.440944822187088,11.3523272965444,-0.6810081772869685,-9.319414183679156,12.244914993484759,11.204447967164986,8.842122004480986,1.735277632682971,4.053277895467857,-41.93090964054188,-0.9293682060045445,-7.130748782375058,-27.22750119426539,-17.43697915108102,-22.483523133324415,20.267788363200406,-8.385173504672405,-9.270930108636982,-10.34876144266256,16.53020317230101,-6.192146883527864,-15.389979296173644,0.13007286490827094,-0.0736237211470927,4.622468481158337,1.7614252831128134,-11.456585344986246,3.671067640815704,0.15990153613795538,9.177816348150373,-0.8243671832833348,-6.092177808773131,8.663420118913962,11.703469204875384,5.858942014892108,1.552923727286526,13.134463273746915,15.82611067284171,12.012282219828991,6.661725183312852,0.9075188884375291
1,28,5,-15.958817578852177,-50.740506303746535,-15.702931823617803,-8.5965745409996,-11.460227575221262,-13.694193507113102,-9.551318629906039,-10.127176217306058,-9.52468366419652,-4.367981537449651,-10.77938832406227,-4.198281895959889,1.254371842213271,1.2753237665009043,-5.867481037315619,-2.7205979874266717,1.197363023279893,7.489522542940771,4.508962196229798,0.6085279099501264,9.632550187772372,11.87946435227627,12.799179256371247,14.265077231906163,10.646859874358258,14.967461950997475,13.546811010892974,13.336355487577523,7.207324985619181,10.425482332661028,-9.595195664865212,0.786419246254897,-16.594212149474306,-26.620377213944035,-12.295608755609976,-11.874543464841976,-15.161731796407302,-22.678429779755632,-34.21880836821184,-1.8820811318071793,0.6176603235440643,-13.752157432776757,-6.997728302223015,-6.8587932459464875,-3.830694174712023,1.3538537361636402,-3.7287807572752296,-6.914813076622971,4.847647536483524,3.816057259444056,8.77483746119514,2.647823269689095,3.8809778689997376,10.947905985593072,11.683100852024994,11.050813231708068,17.458924902716603,13.310289867642545,17.009406007462875,17.60737837187764,18.265345642729322,10.754461149185355
1,29,3,-11.287985512748266,13.682875570454982,16.201933522913144,13.5107058901794,13.135162864363094,16.647289034433477,17.562575117298746,2.8724139735064322,13.831029824276525,16.710125525004976,16.777873311691526,3.4370599726055993,9.603763761225993,17.127138276130147,12.601295732745408,8.960056865474256,6.11997055664386,14.540004464184362,13.820001635791318,10.799109948026691,6.937506497110717,15.108104818841301,16.864773440242907,10.036358799421928,0.8422459971682137,4.48117908571915,4.225283502714661,6.824140271671664,7.472613367320202,3.090004515720578,36.68578304323116,13.899756936129277,18.15665908848367,49.06873101977315,3.511117935521393,20.580716732071668,4.8851516663392145,11.140530739944971,3.368984336419623,2.3880154075010154,23.44696033346216,17.064943395464166,19.54080449108308,8.776463252583108,4.928044600503112,16.75962289980408,16.255632790305256,13.014926821356877,6.503985014744103,11.180365090917162,17.418024455901328,10.660290788859129,7.032125598773719,8.804009999443847,15.187696181146846,13.967548049872788,6.681393939183978,7.150832416512432,6.996440203269804,9.327688131163395,4.315348345456962,-0.7571116295620437
1,30,4,-20.482373233634704,-7.902140323731413,-25.497043052604464,-5.36522282105757,-8.813325781920334,-9.926465929508572,-3.8055739405496807,-7.21580128578992,-1.2436810964718463,-8.10905950325371,-9.267485555443098,-14.553893781789554,-15.355504739260086,-21.08547870508145,-17.606625749456995,-8.661181759543533,-14.170299006512435,-17.947414431448397,-22.1657124787183,-17.616940224497785,-13.532009921604528,-21.125443187755202,-20.891464586278847,-24.01206968436246,-22.84338227636749,-10.665761544562246,-16.735882571194228,-18.641568955238437,-15.276135353575928,-11.184890196863101,-26.57755184723293,6.591054115353564,-4.022098412158015,15.445863881852572,-11.516097991999873,6.186251619512707,-12.802700774062698,-51.14446920901537,-20.491042603238874,-14.30201209600016,-18.682213804996916,-10.130061224920722,-22.230927284625253,-10.550894839310079,-18.2127511570253,-15.961948377330126,-18.8136566150536,-15.031885750500898,-10.897554760889658,-20.057443906655298,-19.26266422567935,-19.088926486716403,-2.2942695011180354,-13.78225613449041,-20.855402803502788,-23.00938643010832,-16.503297968086134,-11.903282030837659,-20.08323940961827,-21.244130734896576,-21.87977603695742,-11.058768397367489
1,31,3,-20.794737190764863,-23.395084724957457,16.018629308460607,4.195146128262685,4.184527809663512,-0.12637258288109754,-10.842658967824606,4.332320408554887,1.9892192176066135,-5.017897123152891,-8.405353674369794,3.7198799562430356,-0.1900822650641203,-2.012921070998034,-6.454236818346896,-5.568094387003812,-1.5999704315213545,-3.856754941343354,-6.190386053629037,-10.829131649364154,-9.595436871716208,-9.74234157447453,-9.804493269315225,-12.54830575566285,-24.249526697176886,-3.3008168526987594,-14.332632062820393,-5.036412881937151,-8.657978325704589,-7.135698547025306,-10.950554611297644,1.4422301513756222,-8.810802659769426,-18.936700563111184,-4.192980065033203,1.3510314992049755,-13.00992871844778,-13.776708315421898,3.0135344688031007,-0.39429022762470156,0.44223903919138396,-8.106618458666363,-2.2331504823594543,-9.963096935108938,-0.24242116589235363,-2.7835792802819403,-4.631870894806412,-11.300422605944846,-7.1059229779057205,-6.866420502433688,-5.821814166381955,-7.027368823827316,-7.630343995321112,-7.549575462324043,-9.854651442491138,-11.271939972324711,-9.765001336021767,-4.485762153206987,-6.136580687561411,-8.987700151529436,-9.524915302558462,-12.425339118191388
1,32,5,-1.426705546381816,-14.821227644513383,-11.240572284361939,-12.032365789591546,66.2016825399748,-12.330001168316462,-7.936291586925706,-7.707098611108051,-7.859551427613306,-16.620967661643895,-5.871475615061637,-2.3067258564619024,-9.380422484311394,-20.449297850996984,-16.44990274787131,4.1310649434695135,-11.836759678519721,-16.498917590009,-21.635743583677478,-8.906019835324003,2.3359081859177904,-12.287489441427873,-16.876771485660132,-14.650447456620444,-13.323117632009998,-0.4733702158328235,-4.959474854642621,-3.605022963113724,-8.322814751870743,-6.711020001505573,11.64500810251366,-15.760215688110675,-10.810437593972543,-13.376648344644687,-15.772715247611,-29.61603287880015,-19.567453957185524,32.28149874017732,-2.5442263442886683,-2.9175887694014473,-19.75594919874538,-13.35263762294837,-2.220409485534198,0.11417681034427218,-7.271121546853241,-14.582280004436784,-19.60210686077069,-11.654048765861866,-0.4993925233167129,-11.845988629794704,-23.939955947012084,-18.655737839468816,-1.9698930623452768,-6.84258361235715,-12.669800978085792,-19.70107753142123,-12.15222558595536,-0.35207767557443576,-8.826254801688394,-15.99475873293491,-14.905918466336118,-3.6558903038910584
1,33,3,-37.03800537873333,37.21095671460443,-0.5917007508630887,-3.2298755197808484,-32.68019350452301,6.074491878130998,-2.056233625039855,0.004925601763605236,2.290212381085972,0.5468251422933519,-1.8914064601739526,-2.9433601780556042,8.895416089174594,15.456188042988861,10.657116340405148,1.401590283261612,4.924050068828452,14.548123991525756,15.976233270189654,9.924415693626877,4.772726107479597,17.911159846431964,22.67411682337932,18.68986016198448,16.4985218702293,2.0805336327076227,17.369178393424097,15.159695978299151,12.622744739328212,21.05757001218977,-4.449970692396164,-16.146193511579654,-6.113028402247176,-0.9935748309987353,2.6820952445722943,-5.78053259838191,-0.6802025063463113,16.15036641233941,10.6125446024419,5.095365841124097,-11.696710259982995,0.8198515955790322,-8.545084813124186,-1.7937143990690467,9.429490491055047,9.501198888006737,10.5329339641896,1.5227429115812552,4.311889414312091,11.337536032606918,18.285381081991087,15.266925811035017,5.655848559863842,8.063074303518341,17.507737317292882,20.76846397436429,12.48013349477111,6.2993863824195575,17.765161971947766,16.938001455466562,15.721688736866158,10.737103251473433
1,34,6,31.29203423403385,44.61194835021729,56.60425315106791,31.313415503356513,28.75842138052713,27.06760942913229,32.95787060315288,48.23296405484035,17.539307304726144,26.70590224235161,37.38532632662031,45.94293987969075,37.281898036962595,31.860800250683265,46.480463407388534,59.42763763230023,42.5945699076827,38.78876876903745,44.196552021474396,48.72756578864119,44.73359802001862,44.84787128465929,49.32791666686535,51.041171265811485,75.5598408856043,41.09920949543395,45.584571227067876,45.95739330460385,47.95142728962552,44.437462979700506,20.449519864810906,24.0341166291363,27.966734008636422,8.702207573734945,78.28695177305036,29.817350682598082,37.241576564475515,24.963658475476077,32.555301987543324,44.40770671716549,49.75436114538003,34.23042022854816,46.507262561788295,39.124660974595606,50.041701167821884,34.3603341096058,35.60468578865616,49.24526220560074,54.99260324239731,38.835641841336006,40.89379524893876,50.86515663455174,50.50985142661306,43.04813638911015,46.215691346947764,53.788452384675395,53.994889022373606,43.03264532074696,45.39787061185371,53.163406090765434,52.70542076448116,54.926177381015364
1,35,2,18.39693816860274,-4.546162421786704,-4.889860220631107,10.85591140220214,19.37083469658364,20.346641602312648,16.164574241129355,2.5991895774197644,9.2771534501893,16.527704158025536,15.0173644835084,6.7652355195590985,9.42610386759611,13.313266345958526,12.81529218753481,15.202883164739095,5.002044529404222,13.334618852678222,15.748656536157172,11.468578478946096,4.0965132878088175,10.000663755007276,12.859704920408749,15.138671650210538,10.888538144915021,1.3445090526237915,9.420686095532748,-1.217702236676749,3.4616446208844818,5.159008072603995,-14.180410668821768,19.868437308664774,18.626478568900655,58.03567710546098,1.4211768149511839,16.515320403546816,28.332874277742906,18.256300115276407,4.473161037398002,11.172342135985499,6.106071698910942,16.335556999462227,33.5023270165775,-0.5118150807826256,3.104380947378715,14.276694041256581,14.7815863856955,12.490954390636132,4.571639590878919,7.023137958618117,11.076155196903738,12.917142871085831,13.284552224593735,4.13298982202371,10.285929729822723,12.088076940919391,12.067607262557956,1.8900557059408518,6.132011948592065,9.086116032902057,8.954634325192655,6.065094173090847
1,36,1,-34.502993519894964,-18.164363381929885,-7.57364867409555,-12.98461082200066,-24.209325817064382,-21.558670308986084,-20.733704944663664,-18.887921989668254,-13.417775357573683,-15.042156598214111,-21.152039594471265,-1.8059005542408395,-7.422725288424548,-10.405688160394389,-18.349182467680517,-9.521316181459442,-6.488696931043593,-4.707853741807545,-9.794810743366439,-15.266636281024388,2.278937927492691,-6.238687000725781,-6.694588412519362,-11.046572657710895,1.0612597996141866,-5.9769782103007545,1.3124273619046671,-6.163447172406537,-5.621591081570196,-7.475681598093814,-27.025150655564392,-16.56150332163656,-20.61737659632615,-26.79973022966851,-11.246925918703402,-8.7144034179609,-7.698926201406807,-33.9048861069832,-11.556583493448251,-9.05559741096889,36.15331518479193,-21.243431251609653,-29.91760945843146,2.1020307004872025,-2.043212807850867,-8.487381393277293,-13.478879939037846,-19.414012313865854,9.26927539172423,-6.438364852083532,-7.132417934333405,-13.974239392035711,-8.670371956646257,-3.2621260553530256,-5.957063496180968,-6.886812786713651,-9.483522659394797,-3.0933911958482216,-3.749510856390727,-6.78622126414032,-6.85634722528843,-4.104261145032601
1,37,1,-10.152006915798868,-18.632822522620963,4.507206077437581,-10.397993297486495,-10.959503543818737,-17.22811580980878,-18.94768065127839,-3.1529954268438045,5.34845843231987,-11.221632085990434,-14.6150466418121,-0.19454482935437087,-0.2171611715017292,-3.791954997983737,-6.167740776317147,-17.638002993255036,10.425757228873858,2.22175552596043,-1.2777069776387118,-4.953068205479126,16.46940727100321,8.477129674652906,7.360486881989173,6.494326929902516,5.03957276212097,15.491829878128156,17.534893160313924,15.54777738631407,14.923970692314017,13.466949552479319,-29.434552151391788,-15.661490900828154,-22.35243242437859,-16.555424520209222,-5.851826006398966,-15.540787000163673,-45.688809856045516,-26.279226550287238,-5.7983631867824545,-0.9258898260389896,-0.5805565963794533,-12.684341515618843,-25.7627415568227,-25.42252671736768,6.270054646608667,-3.1067833028642866,-7.332877497665768,-15.95843643328834,13.47576343854775,5.1769208068755,1.1718809548538278,-4.244392587672689,-4.445421330676207,17.35996392110316,8.100187660013207,7.220220387118248,8.768493570432785,20.05757415349164,14.734380531510917,17.69318333549835,14.501752670036582,11.086561269512986
1,38,4,16.022175172196214,3.288182104869587,-16.79261149169037,7.066170739282562,9.743446440651741,5.977890057841363,19.089597137690316,-2.6691998412332922,-0.15445973946735592,2.641083829678459,12.177022497851128,-4.28430890413455,-3.3524465680678843,-1.1069603506702814,0.9148324836874617,5.09021840119101,-0.4163855693030463,-6.406331651775932,-3.28553822043738,1.2029978073224785,-1.6033618830445382,-8.000150909829072,-9.821831753971512,-3.701098918596784,-7.77198071317838,-1.4609966559290157,-9.097168421690784,-7.131766706477946,-9.3512354395977,-9.105253895880972,-17.808233327749072,4.099571863779933,11.076541217884461,39.03834944291088,2.6262056651474093,2.2492298346876,-7.9620051574268595,-1.852078742875788,-15.066191326821128,-2.2053045763452417,0.2381854299228739,7.5332500201127495,6.605734459206847,12.399866704556455,-3.1874698705108067,0.09622564121354016,-1.2169689595040576,1.168132589244079,-11.193385853000525,-3.494387260320167,-1.2579320882242644,-2.288909728093661,-0.49308234133484996,-4.064474983691668,-8.014691432506394,-8.704774025555059,-1.6728366783184052,-2.454098694185476,-0.4337867865475218,-9.299740945113966,-6.069175521774986,-5.088983279085017
1,39,4,7.780027610204389,-19.123579536632786,19.64734923485212,23.19811322728582,26.03905357202379,26.641078224996246,20.22001331990085,8.907549113126063,15.272903018653762,21.98757008881103,28.076318036492268,14.331546536625481,18.56215132554857,26.883634400713017,25.549965724621615,13.11093036816796,23.061049995625893,26.497458759786138,26.203224308061873,27.70307124869488,22.5461568668848,32.90147939324379,33.84350653683268,31.005774430022022,15.267210423174062,15.416334377647166,24.074081350753964,20.332337573897565,20.24452069510774,15.936181968032594,18.041806909937133,22.76833047490659,23.647921532290294,38.45450765026233,19.932889999594632,19.94157854613008,38.75955317462453,14.598306476888128,4.238661368672806,22.57672854885459,4.552149380125653,31.1055892642315,27.626789372141758,7.813657840446952,14.097114367898923,24.440076838167982,28.911539887975348,22.184363217433773,9.74444984013169,25.59773105946257,28.452029752931228,26.06014045400592,21.552543663397056,28.2160249424235,32.37945619516256,30.03080705539663,27.248872882709282,21.19572362689893,31.481247922814447,34.886284379334,27.569727494222352,14.421871856343369
1,40,6,15.029145539420233,-10.240846533782593,-48.162862120605055,-16.72289560253096,-27.450485169137917,-23.545019122385746,-2.4673028162612405,-7.2059983089112,-15.208734973265623,-15.406652022334866,-17.100358513433765,-13.521579795130874,-8.257107669828319,-20.226164230031937,-18.276441616982954,-10.79009334261462,-8.96073712614115,-9.913054401827297,-11.452832046305618,-20.913458514078417,-7.818318175687175,-9.163758206169861,-13.762712987775844,-19.24264339957294,-10.745468682200624,-14.380739843450115,-12.917220097131706,-13.150282263187929,-8.732079653625897,-18.18073701810818,22.733730819587393,-19.009156696373456,-10.45267687056486,-22.254006942506972,-25.377622232664518,-19.812239155673055,-4.705330588604985,10.223966257748895,-15.942583796091188,-10.341418749584653,-5.3789045607284995,-19.882871780271927,-13.223215942520929,-1.902676077150716,-10.060301806505137,-16.11498994561958,-20.20516393379103,-18.027029885706032,-3.4135753546000984,-9.494879018106474,-13.765554387031546,-15.29833673117911,-19.461603898078014,-10.861329070457092,-7.382302421241685,-12.837884535313094,-18.29998406754215,-8.739214777583022,0.21243820952751313,-8.32786581251861,-15.26011869936001,-18.33354196794013
1,41,6,4.430678311099369,20.707846640541067,26.117356753022218,26.00543276865673,22.921478095396274,19.86754016510053,17.836219081791445,13.139331067344408,15.207104557738987,14.95433498558975,16.22197853892094,25.200497870537912,15.836270814080075,7.416077575487339,-2.3838713296757255,11.981001452928998,5.420369492957322,-1.3989657048411446,-11.411859124808066,-3.248642068038265,3.124290913048132,-5.557939253702044,-14.219748062058901,-13.613222278313854,-17.09366720260642,2.158103592401348,-1.6037139800808793,-4.949117132246757,-9.68796224019877,-5.914889414317719,12.185894470298429,27.696833423906703,21.106136243585965,44.471662756146465,8.880793563112977,11.210864323486645,35.8749333928998,7.605850904782469,13.503609242559435,15.195612898255439,18.181060334258696,12.903615612400374,5.533494529723213,18.529341182461383,8.943475786369387,10.046977229961534,1.0771655498254233,4.823255842915033,2.2892908912788084,4.799139205275511,-6.174210382852608,-9.324156740816633,4.207091201783909,1.3010806398602517,-5.818760434835696,-16.809925902294136,-7.020093825509449,-2.0901532728543004,-4.4485232969518895,-14.71909232192286,-12.910171829005035,-0.06237345120710722
1,42,1,-12.801871027820178,3.447355062882532,-13.407494757449397,4.002521322926553,11.22707394423054,10.567119036051563,9.726788165093192,-3.746973222485043,4.3192995865261405,11.939415985039755,10.280714538345885,3.2287562762943622,3.860170637825277,5.114315739673812,6.281965835269103,-1.6471038419829966,1.129745550169723,1.3937410980905978,2.433103302539121,4.552371279450086,1.7164531778089875,0.3328093885807558,-1.5427685558523336,1.4959776921470365,-1.1104435898000165,-1.423420180566609,-0.5697597942298019,-3.7842264665211194,-1.949727459804997,-2.564290607893249,9.300073748954187,21.338161153798332,16.428294569367498,1.935746672415606,-10.780082948264523,8.437739258211831,23.338413650280703,4.391538700298975,2.031591112731115,6.191794808562162,0.2842238065445944,9.4807872948515,-0.29601436917011237,2.2436095425268485,5.144887367490588,5.424836842161489,4.889966265684585,5.671561243637216,1.5789026217535138,1.4875834209435586,1.342453885323754,3.821967011635623,0.8944739922881126,2.407018256305559,0.2246533009428069,-1.2589018145894122,-0.8745882127763378,-1.9827836392356493,-2.1958393630935107,-3.407906721011032,-2.3871614276885817,-0.5503564669591618
1,43,2,-17.641968581325767,-9.495607569825092,-0.10211122681091567,-17.65195481179329,-24.896248566395613,-20.116937209011567,-11.50073726133376,-15.775397681710658,-15.678511185435255,-12.639571906748884,-13.529588217688044,-5.689396704024659,-6.215043113203489,-9.754711193173113,-13.242267199246802,-5.813767210353259,-6.9869846120794765,-6.471782862276932,-10.66687104222933,-6.697420215509582,-0.7108079391395353,-1.8788681688786641,-7.697700834378784,-3.9132041500472443,3.794690444861061,-1.0411520833177943,1.7676100528276544,-2.680160693653928,-2.725253486219316,-8.353231992413539,-24.097691218277863,-17.575224336145865,-14.405618939821313,-5.480089383790409,-10.26015340657223,-20.038730460684747,-2.8965547779296728,-20.47700869468064,-12.197390787841524,-9.240985659445162,-32.48945976030538,-19.597904827900045,-9.441903476058165,-20.375765867349585,-3.6241127065405587,-5.549221748031859,-14.313942554247822,-14.255090999303432,-3.794034334649215,-5.078485570422079,-7.290838502779057,-10.487551719222854,-8.231857337489178,-1.2984755318753827,-3.443871945386933,-5.359115253299158,2.103593822489155,-2.778219475819753,-2.812500956195704,-4.267100591371516,-3.8119951482498786,-2.503456112088227
1,44,1,-20.338994897311412,-21.334711790834444,-44.55804647250874,-4.8429149492393915,-3.6792255566432717,1.5688005235136946,-0.18196300844230628,-7.07840032453035,5.585958788489422,5.6714792153457285,4.381808029078854,-6.319576066521868,8.971340903575054,13.075259519116281,7.899655764701032,4.622656621311501,9.278653807472438,13.527841881826149,14.923401539236682,9.029652273339195,9.168447464113916,16.310436854877207,18.49779515740711,13.428133044800745,12.772828786125661,7.237375524809314,8.515984606361249,13.638216935143593,9.97732384734582,7.0735132518656005,2.116580829660338,-36.6586173674228,-0.655309182057928,-14.804854166783432,7.7790579182179656,-1.5075559544024926,10.952407056295383,15.491443952590945,-16.058608317838562,-2.1938902997502647,9.045379635037442,5.719707793783302,-4.654733279651802,1.3593003785510258,3.2906086221110167,14.177226748283418,12.630690349833804,10.006703889338157,4.6723372332252024,10.75004205859562,16.15469876717685,13.272969078914286,8.266553723503172,8.841470746368891,15.707746325197023,14.568284787146794,8.500450436014498,7.616676681449288,13.241890938271112,16.142816524498354,12.043210881148903,10.113726205306081
1,45,3,24.805329762308354,29.747142880291822,11.158284174301098,14.717973217413546,17.783045642214226,21.858476773767578,13.442726602959565,6.395713220214159,6.299232125827446,3.3367675968059682,8.714210440700013,1.5836642144088882,-1.6685864585167849,-0.45535614059829355,6.306067975465113,-1.2734326497415953,-2.681665892610553,0.3128416199555118,5.136700400594261,5.296442767650616,-3.9217432513293575,6.138621352380142,9.670150787433293,9.5359725453323,22.71156300308761,1.165614288493355,-1.5965499094028668,2.43457476174595,3.8108663834722307,2.6871221828978635,30.522794248127383,24.3579286895238,21.4349704017045,14.718252866415353,9.746915156362435,16.673460831786155,6.68107569781018,20.799117693813848,5.154661390725977,4.52330485751807,3.8671177168399433,11.312835556909253,8.192220840762129,0.7281320308755355,-3.3687816786738822,-0.06808530706230653,2.062543770888956,6.837021145674329,-6.469105297063549,-0.5921879868454676,4.867634589386331,7.419386928764786,2.961084676066008,-0.8688761895159027,6.093827638570673,13.233245792094522,6.052169887597456,-0.6306086966268163,4.180880722601146,10.885281681514732,8.41123450349835,4.572329446253162
1,46,2,-8.776169014708481,-45.30557222737047,-27.741969640769945,-11.368310224582881,-15.11731436428977,-8.639361312533392,-10.336618623179502,-10.996597672699066,-14.844215549091349,-10.920663207553602,-4.075990657424326,-14.354355861458414,-4.858338162575551,-15.81691552866704,-5.208949172778461,-3.8492628934270714,-12.773957689565309,-13.940546401617379,-13.03062016996215,-11.826078688407813,-10.691074589392311,-16.408056657761335,-22.046971864822304,-18.89307921688731,-11.269947501194734,-4.332590512238537,-11.254205800644003,-10.416118259905142,-16.593058992495273,-0.8837013073583577,-13.815934677256923,-10.037950823897006,-5.73097259733009,12.4396865103939,-14.445959490837481,-4.1538017810117935,-17.45634869286199,-10.06746099856342,-10.977464513012727,-14.729836134421758,3.3327826710769966,-6.653808599633235,-7.781373660443585,-1.9197541261886846,-7.6960171187160205,-10.968544373153874,-11.629565421037567,-9.031268401389449,-20.26086540860918,-13.89124688758834,-16.17032459787117,-12.980693565849096,-6.143271938920382,-13.419439769758867,-16.72137097369244,-20.60163971531863,-12.487755744331862,-9.428708963209717,-14.109836074671279,-18.697246218230813,-15.093627241088031,-6.05162471413567
1,47,6,-15.705527371329422,-37.58705458912724,-17.444355498681357,-3.989187005725573,-1.7980562773669468,-9.956429799416721,-1.1222485945469178,-11.67698838500443,-14.695713846603551,2.3144978666450937,-0.14278486007597524,2.431014406335791,-3.887953780182614,-7.060169233145512,-2.180010742621452,-7.783684426736898,-3.5193337602370485,-10.165765884718514,-7.242937920796804,-2.8509699567902556,-0.20548161973313483,-6.507781843813819,-5.9869597238813625,-4.5648807194211685,-13.117288779830796,-0.5434674004819702,7.113448829594546,5.623125212335191,-2.8116952858342805,-5.868653306385455,-59.45824322467894,-10.83896844616024,-2.312572991566326,7.1447296490574725,-9.232914579930018,-7.180448780517752,7.411928556131187,-1.1266241963135015,-23.680519246814264,-12.354600294243264,-19.15968942028902,-2.480733620309522,-1.8426810194079475,-8.032739041395844,-2.145946421546908,-10.141707156693972,-4.313042537286515,-3.721992977554116,-9.359181058708089,-8.916729890536974,-8.795244206288233,-2.6042985124059213,-0.369141205174212,-2.6214779764413834,-6.409066914671623,-7.9305313568244244,-2.5448727436695906,1.4328661500135569,1.7479461879446765,-3.8936223707406024,1.1351969757503477,3.1017034490729047
1,48,4,-24.46221081730797,-3.265290674162892,-8.956062335339256,-10.373688563341041,-10.632536587918674,-25.185041038910068,-18.127457475153403,-11.850586008098789,-5.5172752182158415,-11.217700409066934,-15.630514117639237,-0.7289569748156679,-1.2955135538628904,0.1601523845570122,-9.45442727280826,-6.339756102187606,-8.320151808058343,-0.368967461377019,-5.260067506352575,-20.406583454732488,-8.959347664128716,-9.533613500071736,-6.343745740812005,-19.83309925420257,-5.589528838013549,-14.187352985234515,-17.97628307360701,-12.505282620371249,-15.824827328596895,-13.624487051405248,-7.78343357386567,-12.75473291463242,-14.294158122979292,-36.520246795946505,-12.09006939464952,-10.554778427294478,-9.745115667808706,-16.620345291931457,-17.462909710116495,-6.333363987232849,7.575424051639146,-13.187439019178477,-11.399127888640884,-8.54944596014826,-1.6454346062183915,-1.0781062973163467,-8.31151620707498,-9.54994363585351,-2.1820610692673483,-3.5416606229434664,0.19387903600567663,-13.582742350857426,-19.591276354815175,-11.948861936504791,-10.0283698853923,-8.991086835041642,-21.586400461110582,-14.395362335813747,-16.693568579489128,-19.378761074528473,-18.308716203017934,-13.545252661720458
1,49,5,35.61645228093174,40.782436231469234,33.74660056029879,6.330893876780638,-6.597200181516934,25.605271484316653,-9.495839102659374,8.353207885378557,14.401822160384267,2.920560477812571,-5.015629742731818,-4.034096434303536,7.9815483794997695,-5.152963152609583,4.22601202884462,0.8395444101812994,1.3053887451817168,10.168756966320123,11.12113707505802,-4.890101373581807,-5.4532952763583165,7.304486403923214,12.025766277322308,-0.9800859905506775,15.879081566517076,-3.5338499463651676,-3.6095433317851744,-2.552446947257011,-0.8300067588414353,-4.392571089209325,4.36182572140086,5.286215255854698,-4.537565520623837,8.211894421872296,30.96425173177226,-1.1597961732981412,10.886338218660441,-10.897299095692974,-7.48877958880692,-6.2743096584681295,29.10597362051285,1.3508384886720213,-12.913080925522253,-10.902687850544549,0.8700581616267735,2.223617531904361,3.721573232321732,-0.7242774278800024,6.7091868291041115,6.274584661851207,10.035085249351479,3.7860066525569933,-4.282543195536495,-2.945888064994773,6.814911366508505,11.143994542236277,-9.50801561270817,-2.0273697701986975,-1.2938442443747336,2.682539070979124,-4.22518712568392,-3.0994504926294613
1,50,2,-19.371331231623163,17.76276905375828,-5.125387501016984,4.398345813700336,14.896998415178643,7.00799444136096,-6.95576654706241,4.647713946678291,5.544209431902299,6.870617542518072,-0.9544062099714817,-7.953784488274981,3.822951174068561,-0.5585673552193902,5.19832119886286,-13.582086317831791,-4.3563792160513435,0.5749074399653009,1.014015467814738,-5.141216070283342,-17.844401059445087,-8.106010463633915,-5.666664598437263,-9.228490812908401,-17.907667104154825,-18.130405028237078,-19.097234111506395,-16.87217867833267,-10.951374696280878,-15.940436917379868,14.420931013800741,4.356147482116683,6.345468007209826,-25.413852568806654,1.3573032424035598,4.885262471873584,8.037843040940237,2.1916953618751784,-8.252365552797555,-3.694315962584283,11.495778049274186,5.011099802648149,-10.45348738292914,-3.9510943079821597,2.5393151070286586,-0.12009619121871462,3.459251903906103,-0.4550716883798176,2.1850231743258663,-2.4016633403555647,-1.9474889916856193,0.5110479379072785,-10.369308065236892,-15.58965237674916,-7.316219259167043,-4.172423524373188,-14.291273403458483,-21.64649205436795,-19.270493848294752,-10.252936337188611,-11.944915698023467,-9.793300908013455
1,51,4,26.24801825950058,24.3087353241153,9.743750450178618,18.685720889488376,20.279405103133218,15.131502790149396,7.483337789989742,9.262704699958968,10.319169166089013,13.740115890415707,13.775670997190801,10.640540021812402,9.516675251541752,7.321525964170426,5.747987905119704,12.676193097061136,12.035935740599902,3.261310676317208,3.6526098602973867,4.910228427579029,13.350481137860472,6.056497163934318,2.2346266974501954,0.2908330464156398,-0.5991639023783006,15.815921767455782,4.599277957172204,10.678647216909175,2.2822666251918373,5.4886285064106,2.4628789732914136,36.528626599689815,22.13622151419702,7.792763683127192,1.2849916407111561,21.634329906869212,16.81349584083187,8.008275079268323,13.926319570984786,7.460649107934954,-0.00013021043524474862,11.647318931591768,12.852309159480225,12.240052024765706,7.106815486442204,8.672253436045489,7.1006355973460344,9.8821692564184,8.843993803372653,6.187279174422344,5.714811162443879,3.36974171985213,9.227911826177714,10.613909816778289,6.352144923163346,1.7582364678382874,1.2568225436048914,10.67626404789526,8.779652118183128,4.1178319059630315,0.10529045414792942,2.688096688867248
1,52,2,20.41069866037677,-15.057029938274182,-30.213585430159927,-6.506431050394185,-4.716281668952433,-8.195573677036274,-22.16847204474914,-5.8573403176283705,3.7970495068399996,-7.776959440421044,-12.419670555473697,-26.81735352699351,-4.739747212137798,-5.213382725762884,-7.880937533294096,-7.421953370930942,-8.743493858827044,-4.869713946733983,-7.232956505721296,-9.063036406946534,-3.3555486053909807,-6.646774766557827,-6.263184778778476,-6.075157594003879,-14.39555534766987,-2.39013805619736,-2.296691301077174,-4.49979599796962,-6.101242664678977,-1.7263525969734994,-40.0740210732854,-4.064011967275292,-2.292069609617678,-27.484472374681665,2.383769956394671,-1.0710048851068708,15.947605979333561,-18.939778433959344,-18.747650484668046,-13.831729498578282,11.783455987176977,-10.965635303292913,-14.314449145322342,-7.871993297256714,-5.061706776901079,-5.355419882595899,-9.02162466396396,-10.015488957054913,-9.817103858668037,-5.360924502880105,-4.743408806894611,-8.006176452061569,-2.7989639832365616,-3.6632908772813453,-5.76026569197817,-7.998891759391237,-4.393569684110396,-1.6686540365491704,-3.213304110870853,-4.957545137282732,-5.098004728981584,-5.392586373678619
1,53,3,-37.42169681329438,-17.362906743168956,-18.256903252467836,-19.058243912849115,-12.62722184281887,0.10589343513839511,-21.568429949727456,-25.40445981401858,-15.470241166469526,-12.009614467075682,-14.546387086917717,-12.729332861564384,-11.029055553147709,-16.72574668077798,-19.456707287625207,-13.485272176132145,-16.800306250102725,-17.419795085653295,-18.674224650850753,-18.96954418746073,-8.88670816976668,-18.546424020422485,-19.318828663357145,-14.098923337782125,-22.11562169679417,-7.6633614185379795,-11.091076794398454,-13.014019754059355,-13.188659614133766,-4.618478665919125,-39.490975175961474,-4.670286894230761,-18.209547911248187,-64.33620674117672,-22.849330514033383,-14.67053583309781,0.7543569421622778,-5.997992832906452,-15.640635493688475,-15.083134374410916,-10.37938114865569,-16.81769306203578,-21.225914321794374,-12.429290191031898,-6.99837955054486,-9.473878913899744,-18.462384721854843,-15.070663476044805,-11.514317757518194,-18.216446691942288,-22.42026202943994,-18.115546204467726,-12.616410361318966,-14.641860125927114,-18.527609197729518,-19.620048505140513,-9.324706649907478,-12.317901868202794,-12.666071742381227,-16.02406634403416,-11.98832951967672,-23.473527726453224
1,54,6,-4.280487937716453,0.13885295213904547,42.02679306684379,9.67213349241945,18.10952060088152,6.963027159865131,21.935998536566863,12.653977273284776,7.816156775122737,7.672223742415267,13.990019649011645,11.973953205205516,14.87925449990462,13.673038834069926,7.450069385217272,22.789465853206174,22.36700645820009,13.262765648547655,13.362102900211486,25.192383574832967,14.357578499958196,21.638869567342642,22.661872690316383,30.629416206229756,43.96777378949448,30.29644270684207,24.090710517586903,31.40372157846466,34.63329319147076,31.42565767757776,1.2805919269690416,15.207881196072641,3.2284185170968285,0.1290307779591987,25.5544716544086,3.873422960637184,8.148594640473629,-2.9854281736855803,8.777659655548632,19.027127170072095,0.8991969076734847,8.269496503445069,38.01051233790632,28.06599391015564,11.25483292504782,15.04315534592947,12.414204602743066,14.485953007642992,19.77798660973899,19.406158094774238,16.889686218576458,15.433253194625703,32.17123433311539,26.344537856738732,21.072911430013967,24.537233522252684,32.245793759822845,30.91991641449533,21.558004675085208,26.896389975053495,30.16039722885298,32.8465497049449
1,55,5,-28.87170065498753,-24.19216079563512,-27.360232064364148,-30.03171385159124,-19.608344800384117,-21.254261746911755,-7.834826824278003,-20.11906964495415,-32.7867815456376,-28.127677421119618,-13.422261845638477,2.051433336898322,-21.263476204683585,-19.551152723159916,-19.77623529114374,-10.736490631165124,-1.7066163776396976,-16.544299734052178,-17.43461518096398,-3.415900623766571,5.15101902827439,-7.99463197942142,-7.057057556082924,-3.5912398175540843,8.780597687857908,4.1885851272041075,4.6238240237438575,5.929275494988818,8.276781282592106,10.014716941954152,-35.72733887448544,-24.003742746327354,-30.090199029254823,-11.045689578754432,-39.406631936114756,-35.146145370947885,-37.69765167051879,-8.75796199880722,4.253737230171881,-5.404936539190941,-42.41709332313483,-22.160367158593655,-11.729172774158956,2.945641995112343,-17.94342482676048,-23.721429495277206,-20.034692556529155,-12.801321104021248,-0.30583666428560174,-10.285765612395712,-21.052523937922487,-14.09104053748818,-1.4078859368271048,-1.051948960643354,-6.813184355226591,-4.849273277105899,4.670388163794286,2.9441176071172483,4.596412472608618,3.885257051916935,6.508505509507553,21.93575728005479
1,56,5,-16.8994070845372,-16.358930660548012,-39.03323554919985,-13.233921125758345,-20.400480840991193,-20.907626060632662,-20.180048879054272,-9.07444589913016,-16.09340594240986,-22.065617822519513,-16.730339393746576,0.24804638957934155,-18.719746831191202,-27.140673319604723,-28.467448382115926,-11.020270601278407,-16.99802063514546,-25.893566997540084,-34.32692086778398,-20.795330620756967,-6.517271177706926,-27.201444960176566,-34.533540951133524,-31.989710399563005,-13.963896061407356,-7.203788742604785,-14.784891083112498,-15.807204251745478,-11.929719171146072,-10.154515673122487,-28.532460594322625,-13.277836802405606,-18.35226033889212,-9.517234960024346,-2.768503364442461,-15.017089567644094,-16.468654780580497,-19.94124587102817,7.3493573011421605,-6.8199575728305275,-16.701089612628543,-22.753524829065665,-22.072019692964663,-11.604976069954482,-8.098692151195392,-21.58120004014996,-27.280134234304825,-15.137533147660346,-6.077685544017435,-21.691946706030425,-30.177166788804723,-32.628698761461344,-13.980785843166641,-16.833560207199934,-27.563957542305953,-33.907877214321076,-28.253273295284057,-13.104311344577237,-23.158809625884377,-28.954128735270025,-30.329040571411188,-18.392620444229646
1,57,3,8.812862557574837,5.213764019901073,15.491202848895288,7.5177591886568695,10.956719966537156,7.905748897623953,11.360215052099132,8.381019877295417,0.1582322463211483,-5.242405792561972,9.691083529373492,1.950764721736491,-1.4686190789542737,-8.217943964401123,-4.852944573892915,10.621725401114215,-1.1697245452527478,-7.586544123784883,-13.930265798301601,-4.073216705378599,-0.9119620016000862,-6.901990096925237,-13.876764326424505,-12.118156440249388,-9.895021218925763,-3.4195236571292176,-14.051375135234206,-7.7998313322981385,-10.658669668562126,-6.873078058411296,-5.860987448519692,10.009135375798843,0.3779793133641155,12.209089605137706,38.917920300873305,22.917806773105777,-46.97214682909045,6.6708335554022815,-0.3896155271554228,7.525318824481673,-4.664203356670376,6.475584419239766,22.354945815673744,10.46926761561686,4.085301621385465,-5.345491452914908,-7.287089989191237,9.352813079635176,-3.5363876173193214,-4.3382783946240435,-10.551898276319774,-9.058651157734328,-0.3625897898838468,-5.87384417695391,-8.790318599084346,-11.867500082884986,-11.054648593760932,-9.935641830718911,-11.849939690403101,-21.08624083219413,-13.886620363243296,-9.80306521357356
1,58,4,-31.620747541917915,6.562677529981217,-13.968450209398453,-6.928378990709375,33.643804517097585,1.0545105290849042,-0.965251237858178,-14.106869093483171,-10.7880865126939,-4.407955713035599,-3.543672235455456,-5.362921672475683,-15.35800853693041,-12.18080478720367,-3.3534982621544858,-3.834833423697913,-2.069008332927053,-11.51116750654112,-11.914599837036803,-2.691010615464707,-15.022608605917638,-7.617130224587302,-11.041174288657377,-6.418961596614169,-3.4902334595070683,-6.830884641059101,-12.552580011426471,-10.280246564232533,-12.926661287275396,-12.523967053548134,-1.1287130749807122,-11.10249113745806,-3.66680295019206,-11.058773275510196,-5.627187376501176,-10.363909634534364,-4.413841394946074,-1.6505242466881185,-19.015442793131182,-4.25820458658244,-3.904313041783141,-4.357247519851999,-7.465917275437702,-7.486333697415295,-14.349613511741794,-16.592576589083254,-9.620537703743251,-0.4497263127392751,-5.933453358420195,-9.240228325060407,-10.276845409603022,-8.682418226035848,-1.757088251275624,-3.742877373001935,-6.84583990816481,-6.501876904072647,-2.1325058363457563,-5.3923933544741365,-10.80672770252497,-11.978541060032814,-8.993947536718647,-10.446844279016485
1,59,5,-15.018565819030865,-33.72030833988199,-21.877137028725773,-28.746075717777757,-31.163847461706265,-23.798087775162088,-15.467621592214188,-20.36941222664787,-44.75441022617063,-52.301607551371205,-17.861083635924057,-5.921329875681096,-37.06170257889644,-49.913292594072324,-35.97851614326965,-12.957314939351704,-26.82974698449052,-44.20780697319562,-47.9555132948771,-26.753137126928433,-16.26004217153916,-46.97216190506771,-48.717729046577396,-38.64354783632772,-28.78990947643705,-10.494754514861391,-26.270798472551302,-23.203825181486412,-25.12213194938148,-13.396003145542808,-19.158825921742288,-30.501654033844446,-25.119970727575613,-19.734254311696375,7.198361418232681,-44.42759732938392,-41.9419383050465,-14.490907776828228,-2.9146363116664507,-10.6340899066091,-44.0377067967159,-33.12352741382471,-28.522054451813034,-3.198189477055764,-30.03986207850096,-44.55257589860661,-43.88450153062985,-24.513512365769877,-13.186922716658277,-37.25587568904568,-48.63190937478366,-41.729847261091585,-13.31227749972264,-31.09634596327454,-47.48979446219233,-46.65462574526304,-33.01596499411616,-25.897648383567997,-45.6325778103456,-43.23658311548754,-36.4175229752209,-22.554449867002855
1,60,5,-9.564213988984505,-50.57313165722825,32.83774061555541,-47.028938628551465,-46.92126489994005,-54.163937444367086,-54.695132009866725,-35.896121841378324,-43.78465774437276,-36.491561419444125,-49.35125644395992,-36.707381357506996,-33.417043057338475,-39.90034622099344,-43.76982757957968,-32.64725316443094,-27.36768093596143,-23.95432272498928,-30.313622098506933,-36.67399741273099,-20.255187203471607,-21.695627558476676,-26.825984082570898,-26.08895590328951,-16.672573252713097,-15.27874049764671,-23.155225252255608,-19.02854551941656,-14.095242492900018,-23.922192894785518,-56.79368905723095,-38.14986727950051,-53.73851113057715,-42.49899549455177,-46.46554723200277,-44.60021060050986,-59.865365854123695,-73.7421928091747,-21.96610208182801,-29.95449624119737,-12.89799525654625,-49.77398145271513,-46.56489854614909,-47.659972083277815,-24.441591820338882,-32.607674557079605,-38.3766577828948,-45.00948549116531,-21.84908381152172,-26.60812331808778,-22.685613071227944,-36.98263204497537,-28.504981332435825,-19.984891326849564,-21.893245416170927,-28.342682208502428,-26.03725396388029,-19.860096231534534,-19.78135389341723,-20.55806663665329,-23.19948341903738,-21.78241672157878
1,61,5,-22.848100503679458,-3.46773290361573,-12.715839275522386,7.926488603249458,12.13721253472471,4.3374147876279405,-4.899831990472879,5.627993038015034,4.911492377451458,-0.7702867261065913,2.6697401997019936,0.512147948149417,7.552976706542264,-2.580123923696215,2.04033266848362,-2.4996979342909844,9.124946745180688,-1.5794477738190134,-6.82179084199867,-3.781076146085269,4.127181337101432,-5.986371149218118,-13.080440796025819,-9.451301126422857,-7.28340903876304,-2.5558094752344824,-5.902872141223493,-9.430045244448657,-10.569289942067574,-9.39122898810793,-27.201855134673227,3.8167712439260435,3.4330895402377877,-18.77520688741309,0.389924194141314,8.484549470700136,14.158156290286916,-2.8080577916670113,-25.693266662519147,-1.5120618407097766,16.49202845731703,4.022961914516626,-30.91631727011464,-10.028466262423043,10.279754528117067,0.9189235548057192,1.3278892807742004,-1.9254949379417061,0.3072598389940472,3.4600237934827467,-5.415689797918651,-4.5361134440797155,-6.17717224091473,4.458253890877904,-6.951858891196911,-10.980894681793163,-9.531572693084343,2.44030598967859,-6.313236950374232,-11.692730135534234,-13.297471670706457,-9.862408924847841
1,62,4,3.7286794879814495,-12.47692538041582,16.72432828076729,3.3526878068777264,7.650914822432503,1.3613603299529067,-4.9229887567642265,3.233049940050965,4.306896311287745,0.6742156199186695,-1.1671821516427419,2.883138379377383,2.087881097411056,0.59474486185851,-2.3370755222305184,-3.1324824955904975,8.05263452231884,-2.301245495245405,-5.842269221661477,-7.134666051301058,-7.060125827721158,-1.926382655709438,-3.4726874665243623,-10.136964883541735,-21.70318240708411,-8.469975239827251,-2.0617525964271195,-8.572848656499419,-11.071663836494274,-18.02551511808003,1.3220181726827862,-1.1525789847506616,0.9750832275532912,-6.194510829839401,-14.463114933451497,9.744850314313132,-2.8319428597801224,4.8827105341933486,-2.6049642699838804,1.9873425839454637,4.140636241756285,-0.07380220194051837,-1.201550523614192,-3.495270061283942,2.2549853127949473,-2.401151916875344,-2.5771860095513297,-4.967145392050108,-4.857609701972517,2.734274856178317,-8.405522558610981,-7.708280518582862,-4.4477320788201045,0.7000738539528552,-1.3175074606622772,-9.962576020668019,-12.733245426345981,-1.3544374263232084,-0.09096227262578024,-9.488134698185604,-11.202817244977666,-11.850407637769308
1,63,2,-8.490985048312988,14.540033445443683,-7.351339971237793,-12.737775443894112,-8.53325560460684,-15.45506867255217,15.75139186404101,-10.500292736065873,-14.920815777124414,-14.307598681243066,-1.98378224214312,-1.9568625854231718,-13.197275809602955,-20.614559237368216,-13.64253471130023,3.1307891582297875,-4.854377438916919,-14.988119619659985,-13.136277117329183,-4.679935502091411,-3.0444051697850227,-10.48502367135228,-10.193225831582724,-4.574934566529782,-4.649238429507866,-1.5165629857106202,-5.883077976225711,-7.221633909094123,1.0719986768757415,6.7583222888401595,-11.868146500300343,-13.184481705879652,-8.878863867417696,1.9676497673868523,3.44467274662925,-14.593814938544941,-12.52454114126088,-18.85590307333325,5.475506380927271,-3.288659609831509,-9.86572800789641,-11.587743668652305,8.61486835659641,9.214157718733496,-8.274417287227836,-18.435662760285705,-18.566324343723142,-6.645259953150807,-6.75259585408267,-10.67772092118224,-14.164124024350475,-10.090077424773995,1.088821012878126,-6.978590349371474,-9.244213131585765,-8.757040524991552,-1.6961042078257322,-4.428830617306205,-4.575441107858066,-5.573507319840532,-4.8860200762368295,-8.63402571542921
1,64,3,-16.57538277808032,-5.4545689462570515,-2.093424097793858,-3.051400449206463,3.0788796943407983,-16.24797179063829,-0.1919879476971382,-8.010040616287233,-5.164932278461937,-3.460954780588153,-7.045001736626297,-2.7627720588977196,-0.8610463985923413,1.170809986214607,-7.739107858645158,-5.60813615907256,-3.419084650864707,0.984693216841394,-2.9677807603303985,-3.9812076007265875,-2.4502344349081238,1.955492584761686,3.3827673395777627,-1.758786411757196,-13.881265330264668,-2.513316982516612,-3.2324613281241734,-2.8356672599230235,-3.578619557194321,-1.947884629378322,-0.5924436110185414,3.8515641598212653,-8.019800256279005,-27.171558481120083,-8.65418150323648,1.980530705257522,5.134669512146852,-24.00299037043461,8.648532336804921,-0.8680657753493725,-16.263313047951325,-5.592442733394659,-20.7477967741746,-5.509016016589071,-5.494403182324476,3.828740274669924,-3.854516606210027,-3.8089703264782564,-16.404457715168174,-2.572216861972179,1.7882484157637868,-7.786154458094842,-4.637399597428512,-0.36113280444065277,2.4941451841192994,0.16282983942002777,-2.9603803446970707,-2.087697726992389,2.9277487746667004,4.614098222176661,-0.5674730251804467,-3.854101679786167
1,65,1,-16.220092296583296,-18.397492957755734,-5.093262413493927,-12.145818869390228,-9.792408174221839,-1.129740709984084,0.0884198455548873,-11.382942334019084,-11.304658369593485,-5.598299348726869,-0.42449037787481814,-7.9780700342707,-9.210061868800349,-12.14123597763842,-3.8289767492380804,5.050210389422205,-3.057025589281693,-8.971017655166913,-9.12766770722072,8.233015112488006,6.406760889173649,0.5424783802932002,-0.0215356663414627,6.881568774030114,8.323403340559906,-2.9076073020753435,4.112158433261624,2.888102591588592,-3.7036268432985233,-5.476577398883995,4.588346066271385,-5.264264613446756,-3.6903842106893125,-5.1943701433256395,-14.89034056627168,-3.4929785252344328,-14.154002447180986,20.800941104830297,-9.105162210714234,3.8017194182640415,-18.989232243504375,-3.040748441016884,9.3384365918024,2.166411008867548,-6.454781960136619,-9.051294096920174,-12.079832232988833,1.2262075216759254,-3.010143008785857,-6.247843643423262,-10.087805135039293,-2.607280076640406,3.4745496675803724,3.794222440570593,0.2656936769078436,-1.3846230577768353,9.996490766714539,1.5863898933478984,4.161482149598806,1.345821277204354,4.44381007583948,6.932711227575503
1,66,6,-5.32041959273743,49.15851142534576,-6.403171547001414,-11.131079926995975,-21.67674531455991,-22.487459644675255,-7.249021467003158,-0.9729508961346451,-17.689401108726134,-29.55768276251308,-10.579078440247784,0.34865716154681436,-4.43679548742068,-21.546517945780614,-12.36338049157455,-4.089981245194992,0.7849333318313814,-9.771929102291056,-15.430020931032018,-7.601427159635584,4.7252453133327545,-7.986141130975566,-7.717186235118563,-3.7190646404264216,9.46738542114361,-3.861535908677043,-5.660098692084232,-8.479860291839007,-10.62030210334626,-2.330799144192985,-10.877012796836297,-1.187159630643181,-23.69992267558486,-2.0547477417375615,-14.849170060939061,-22.715702452265276,-25.74182345309271,-41.72771006868016,-2.6409342621521286,12.988841832047564,-25.03647656806903,-14.609865424177821,-17.422684714379834,-12.230861816282685,-5.390333384663013,-9.4941988199972,-16.891056206531633,-4.610759793513838,-2.150645282914544,-3.6883048326140506,-16.699280501780564,-10.39864468544994,2.3933752288973724,-0.06193921235730826,-7.911895054642376,-4.994426931731589,-5.65790846949534,-3.307363451299508,-9.076829187253988,-7.768555452183985,-5.99429264923603,-1.2936464017711409
1,67,2,-30.347971078099256,-13.41960842657562,-6.436280760323491,-11.053264038228406,-11.439053726598342,-6.6694875724170695,8.953404200865275,-12.286712720088659,-12.725121276646226,-8.723868719730874,-2.9400942176126144,-5.8527476150860505,-7.798606067338654,-10.645976993471104,-6.418561157520596,2.2403964051783727,-7.595710287730929,-8.825965444845567,-8.221446393466579,-5.964285543279316,-4.4976685090194914,-4.195657403492249,-2.1703910346713666,-4.147684645157575,-3.2746595219260373,-1.707122961615736,-8.927917326266714,-6.69315563873729,-1.315167632658126,-1.2606675258763809,-28.87859462320852,-13.19701521870361,-10.86589269867029,-18.024883193758917,5.095279079384919,-16.734690888387316,3.4449187622791735,-15.562404788848825,-2.565207177716331,-12.420833173082999,-15.435313271279096,-7.18385480416984,-88.23411406540295,2.8667839382911424,-6.380371958903249,-11.080545385493108,-8.457364501840459,-4.166446305288956,-9.427285834329156,-8.069765552482291,-5.643044829967695,-8.035069228104529,-2.9098167778787802,-4.636328584843927,-4.486915188688191,-2.855200837843304,-4.049297762534964,-4.298304226964986,-2.1809032167117777,-4.4894431393321,-1.5115504977165526,-5.234904039253644
1,68,4,51.43917139742251,8.024190421909001,22.681232582956607,15.41515244871147,17.262633639417587,13.90312916612844,9.328961726333434,10.564446221435121,12.42998000317277,14.764170777029916,10.633930742559624,11.204124713600494,8.682070874813483,9.963540833216253,7.11735172594738,-3.445695502910668,13.04528127033291,9.574224433702675,11.185203825259906,11.279046086957912,9.0339314579146,11.961921267892885,12.88749281212506,14.348407510032017,8.625308218071378,9.968234941124821,9.832739376235848,11.395644691926078,7.9767626721508424,8.706144106597069,-5.00971052091478,28.79196461969307,17.44329402709333,28.751580281523847,12.366718909652091,24.596480820327997,6.788990376866423,-11.752686513996707,2.123011657127704,3.402276778639091,16.02379138536025,10.589349447522405,11.026074211090437,7.11167829601866,6.374568301758437,13.032767087425569,11.075204931358549,8.097804424120824,6.314853116160076,13.138105768460502,10.148958052508533,12.00985079400579,13.366787277729946,11.586667785222245,11.333280956917793,10.686718297507566,13.099217049709356,9.499105070740352,15.413290304427106,12.59281961706171,10.278505049237026,9.669634659865459
1,69,4,-1.3129147248706083,-16.721911381475813,-26.28690682754783,-9.142603658435005,2.442028237949698,-4.952170916884089,-20.361210827851995,-14.092034332476928,-0.18024075000047066,-1.4596265623027955,-10.328243598780631,-19.41198592847668,1.463413634814502,4.429949821256916,-3.562313346826845,-5.740514976608496,-8.717230408429739,6.12404717034774,4.484174937009811,-2.0604886127772133,-7.646399202767947,2.227173094478686,-1.3677573913378958,-0.33369217440485954,-25.445823385584628,-6.40013713882555,-5.784888969484447,-2.965228709960129,-8.637137389917882,-9.940085033613553,-29.027159202616758,-14.83469722760704,-6.242020538167621,-21.053078652109665,-8.150345824675904,2.8991309963166714,7.200498540635888,-24.819469779059762,-16.827573201880327,-16.79034895549824,5.793770491821333,-9.43924527398379,-32.6521739708941,-6.135249133607964,1.4792180187182429,2.5274087987192786,1.8689300774414903,-5.911502750919815,-9.346830861489627,-0.8442674363713444,8.168340474707867,2.1530912807892757,-3.4980970848601594,-1.4527181274961765,0.8002987232786134,-4.109640113004235,4.606099602118949,-2.479296012190968,4.110484507979779,-0.11988875085045056,-1.6822487794135406,-5.142262864910438
1,70,2,-41.56059633567929,-27.437966094414747,-15.585141561772092,-17.648761181847934,-13.60203482219721,-17.47548198008274,-10.185859170236919,-22.444475156277793,-18.195890117936372,-14.091489249312248,-15.571643196727804,-11.376593526528028,-3.744792568383785,-11.906596275500764,-24.367610976378234,-18.15937984272519,-9.58930031512864,-7.27161379049465,-12.359526003302053,-17.249169002309813,-10.432270076035001,-7.409786471642742,-10.971250868158227,-11.423582316898717,-16.973305736021025,-10.5012864771742,-19.558157483978974,-12.429381826392769,-12.15440621140993,-15.138488319816021,-56.55541693001259,-30.239641367585588,-14.340606579647911,-24.728893438604015,-23.445156252535526,-14.088232914724083,-10.612361221869547,-10.344072164581503,-11.119130241275741,-14.108784330168318,8.777760971382985,-20.225083657971975,-26.519939968788353,-10.593917991875152,1.1728990073883672,-9.48904652448325,-15.764417490936122,-16.059235449471487,-16.78504218513193,-6.530755140296208,-10.801406361753262,-16.50989282222055,-14.868867702276745,-1.0018533236210843,-6.921542983411286,-11.930399426054674,-12.071355868040069,-7.741003744985641,-3.695555750780356,-12.683207759866491,-11.725815161290324,-12.434891138384796
1,71,4,-27.169744542640878,-55.76585726112854,1.2405405781592451,-19.42938223254027,-21.713395473797153,-22.9545051170195,-17.503385623190088,-26.763571930742582,-12.303867933045073,-9.743851815055056,-13.749774230405594,-12.636363677237549,-7.107230317574448,-1.1059085784548142,-9.61688090333852,-3.080423510803771,-5.694553873797017,-1.1977200128774093,9.62808279557971,0.20693368515817612,-8.031576352239378,-0.1919638747690091,4.462774318461193,5.642586565508346,8.19817889091366,-1.8882031371737473,0.1318965125147541,-1.2961839417495373,-3.411602121028233,-5.0309083770233665,-48.353798214391624,-24.902361038072815,-22.41523510365315,-31.156345712452566,-29.562111438683612,-10.86537669680831,-11.038675147585755,-14.773607091966833,-17.99900550591736,-11.338336827006284,3.6703921862446327,-14.580041572451591,-18.677157846529315,-12.501620903917837,-1.4026466291852129,-2.386770621032978,-2.217915216960559,-7.9482171566270985,-0.5045352105800878,-7.622827624950396,3.3151931794042264,2.9225240293435926,-0.903847585341371,-4.113432147449289,0.2407374871076965,7.575916102587631,2.3047334768286927,-3.903811323842627,-2.332777116623731,-4.29634550504568,1.693885030420839,-6.131162936912801
1,72,5,0.6923501577069304,-20.95301296698247,-52.85434667766094,-14.477278989535293,-13.640764341576073,-17.742593936366585,1.3629619701504256,-19.826977227859935,-17.42530921633106,-7.815365583689813,-9.458354256047704,-25.145457492755124,-6.0260028493897275,-7.254641676946294,-11.949469803628048,-0.21708392727234244,-5.714705065762333,-4.7313964404165745,0.041180134850281325,-3.1555715728233147,-10.321084350268016,-6.382528406363434,-2.884605048905783,-4.960565203428838,-12.708762145669365,-7.345657036605675,-4.670465406462004,-5.894439257363358,-4.342687747691099,-4.129950418682177,-5.418324010514817,5.136063640539692,-8.080904905616142,49.77848232373958,1.9981441888503906,-12.192277051519792,4.008107942301871,-16.26840273826951,-12.256035006216097,-13.756716348582927,6.5054033799324085,-13.112425884890673,-4.85584885054041,12.046795277242987,-4.612795705520885,-8.777157972453209,-7.284619913274634,-5.839746128233917,-6.5456718579502535,-7.865157236742624,-5.59870453705875,-3.571913709318859,-10.830979367162287,-9.805651023325217,-5.77156903394839,-1.3280243887225305,-0.30681602039272104,-10.762440467071603,-7.3061266732288574,-2.9221525730156337,-5.364349625209665,-1.2330435109211186
1,73,5,-17.61638047589308,-19.927004465685666,8.675808851629856,-5.483297657039829,-4.905529529515015,-13.19201246772825,-8.610690543973224,-23.701717331111094,-6.270956788257484,-4.49425292510267,-8.970472604240761,-14.580258599914075,2.8137070307190095,0.260454446543008,-3.4407843881195856,-7.315230110024172,-5.708279092375207,-1.574599409928807,-2.2773652382013267,-1.9585028536754059,-10.016072643375612,-7.532999120272202,-8.565226232153128,-4.042905727946539,-18.498422272639672,-5.02859272362619,-11.253979074882297,-14.833963869820995,-7.260985658606279,-5.675850060677562,-24.843948157595044,2.1382805182166935,-6.053848660187564,-29.518958127534944,-9.091166950285249,-4.479012912763258,2.8378189527770368,-10.658525089812091,-14.333659514171513,-25.187453101684387,6.525641294559694,-6.249638153860496,-15.931859414388496,-11.372420470375099,-13.594036067131812,3.549548255597673,-0.6832467561315103,-1.8654516911000656,-14.645401146285609,-3.9789400938444044,-7.771710529633822,0.5049887068751389,-1.0179568913853272,-5.991407709162135,-7.7975495683665335,-4.6634943006423875,2.744734022493771,-6.807592845737667,-5.1081887839997995,-7.600066589231307,-0.9790584365950831,-0.10013803665912446
1,74,6,-2.007112560947086,22.00124241220878,-9.655687547379692,3.9079360460419545,11.308841028523332,41.113267469333465,17.39423568315078,-10.787903177551925,2.5325804031340478,4.4214542360107565,18.9074699272765,3.054188853811198,0.17024966254943885,-5.788849757813918,17.801517905122257,23.749183686752527,6.713789147211286,1.270427045838274,8.722735026624148,17.15757969980377,4.650883552396851,4.272190246617469,7.768574846590439,17.45747285063674,20.012968672484888,3.5021736351773143,4.993905884088813,12.62985559136085,7.881516519331989,8.659314651382948,-11.807577375163584,3.174043911838583,15.873823133717506,28.33662291743406,-3.1863120510924308,22.026000748933633,22.491926979182715,15.331740350439773,-9.285996425896883,-0.2975051060954963,-4.829276628428841,14.333760799431218,42.76173172636731,24.232236364629212,-16.79974651625152,1.286342494825762,7.748240195600913,22.937089564778457,-8.783690038591438,3.9079504699798373,3.981911931629866,18.13751613907516,16.00929915041821,7.287480792644003,4.543316025059766,6.2775226049125195,19.34040300784314,6.992764112783781,11.540118109889141,12.261066669916243,14.211590129791247,5.016493271917058
1,75,4,-16.959435857934643,-0.2736779077705471,-20.63558359329431,-13.617569012658254,-20.85381091811137,-9.713405510092656,-7.5079851682956615,-16.907777214967993,-17.270912026060838,-17.980711808570145,-3.6376497268040713,-7.173477657531143,-15.516023821435963,-19.061075735124525,-11.011176693866522,-7.505495757750445,-9.310952607019829,-15.7794067163202,-22.155567014726206,-8.656439407297025,4.372304179876042,-15.665495221434927,-21.706347233593092,-13.19973146316323,-0.5433708799139776,1.1312121747107042,-2.4703131458017875,-7.312654022695266,-11.389469649642706,-5.25847553073928,-9.610753859915746,-10.098510284181227,-13.396268596372952,-21.025194432359285,-31.44079624479865,-17.93367494534836,-18.473929361326668,-7.320773313355796,5.676453099266638,-7.177245474556778,-21.127088193253552,-10.145098722835142,11.075079461854953,5.694139006729356,-23.54673668387822,-19.30396018393065,-18.083855292558233,-7.71378507835382,-14.581647998800989,-3.561372723612117,-24.15824108955837,-15.48744474464981,0.06725563040775673,-7.418614992167706,-16.729504772393803,-20.680415748458124,-11.936487700846953,-7.02488422651191,-8.117781848010678,-18.11611069010844,-14.306884680329473,-9.66936445017005
1,76,1,-17.014630464518937,5.958655430867173,0.8316133951472993,-11.324413958005607,-5.12581681148376,-1.4671042174237179,5.92190391951945,2.8053947118587965,-6.937081951801329,-7.305369262719841,-2.02422924648982,-3.2829428284497184,-5.369564763525861,-10.748483746999687,-2.2792756055728765,11.769716370691802,-5.58983763822968,-3.974578922750745,-1.6370548557762699,-1.37670643677617,-5.229418797474552,-3.8921461543579357,-1.3663777004382216,2.083437807539978,23.71733842742424,-5.338949707054206,-1.6606842548381961,-6.5400563493291495,-1.7316302859746833,-4.941948141811822,4.657628075651275,-7.40327848883618,-20.472507482053853,19.553458637944082,19.41779925501565,-6.966674269086156,-13.241157536690194,13.103524876803881,0.06481934566101846,4.559125293608437,17.11550699397014,-5.335919947966802,10.725322359991143,9.133234882778371,-4.048506584018469,-4.402480212637936,-7.9276657618309665,5.055058775401514,-0.8865959054631454,-7.993276231220877,-2.419701474491599,0.38486342168435833,4.09044422009369,-5.98464882458424,-4.263945518561254,4.378069349519182,0.2980068221506542,-5.238560847668313,-4.641673988844385,0.30579815965384305,2.903656226582825,1.8551037505995938
1,77,4,-2.101027235752199,23.050291782017894,-3.5443234880960257,11.41930319532389,10.308801467314634,16.174430023027007,14.301240313366595,14.04102698195635,8.736445639878749,18.739140415246165,16.03150535147728,3.2529694618282434,15.842421633350401,8.540583729193113,12.750801018013325,19.924167755718642,6.243554669936339,10.19606741565485,7.461831039345895,-1.562702520920828,0.6342172724671835,1.8744442394775573,-4.826579819086986,-11.697756982567462,0.5003139845467535,2.540786612489285,-2.190141723383355,-7.240680180552486,-13.810902905309714,-14.346694857608988,30.91210105688106,14.772671190862805,24.839181827051895,29.455726033417367,23.3140749890789,16.815739166309573,37.55412378092865,-3.8023466473308973,11.74504965602807,15.370783386002413,27.687536982819438,15.583612312858065,21.6689057484292,12.148115351412837,25.742870212085364,12.221965722648841,10.757297843456174,11.890579605679502,8.553700988527341,9.631498520648696,3.7654938608317106,4.6816914975188855,1.867921779440465,8.812032820338876,1.4484581503017626,-5.346523792414767,-8.569515051002181,5.304663383697231,-2.529078105737158,-12.363052571964708,-14.101620166994095,-10.734416118618562
1,78,5,-31.6630422280329,16.351356657619423,32.34375138199186,12.149943697220856,2.4945600617949566,7.60860086037073,7.325969026162056,5.213281470509925,18.8541903831519,11.930847969723914,9.958996387880022,8.838484463645376,21.112253503987517,13.17105567936853,6.240404474642698,8.282551072026813,3.8067946421648324,10.393202798906714,10.723711059860344,1.792291195608855,3.7398621921041393,2.1289696191982723,1.2166360742412505,-0.9389780991847045,-9.927088312804699,1.9563078046889921,6.404990414793533,8.85560599010347,3.5350270363979215,1.062200492793103,5.5212119250422,-2.3023454366172307,7.607442957916998,-1.3924095095476026,-4.966691952601935,13.655415684847931,5.8839174391667735,-1.9352497404055096,17.382247382343355,1.8023402799466048,7.674172755489803,5.222201514642733,10.467912050759098,21.043690606770003,22.631055004304134,16.12204778694161,10.46435646356151,6.1937341367848555,7.61781522712,9.719373072997278,10.261306365179575,4.889445291332353,6.463687676981812,5.446271195621568,1.682929059706355,-0.3559226387566535,0.9720776485756215,6.289047908628497,4.113678043674134,3.3997006524558637,-0.36522379344919603,-1.8005552241094587
1,79,4,18.472361210529233,3.4937694817099945,10.441407263256238,21.272531590344986,17.8797102845842,16.43178254838396,11.436622232289562,19.352685632536236,18.005402767258456,17.64459286643784,12.295449534272105,25.886788756927334,28.205657412207184,15.392015014388951,13.076354664659553,7.3058757756541475,22.982698392020776,17.354797132460902,13.14159373384786,10.299466683097718,14.432692808099091,18.03851172627834,13.524455095073446,11.484503472008093,0.7857052311755551,8.00013636847072,6.504486782430884,3.646946134182014,-2.0581584789949217,2.9350237738250233,-13.416130346495935,1.5066586867111158,13.007010158242233,-15.09612123268407,10.82215096074634,24.468786238079367,18.372488534941198,19.837725840588433,24.444124437005403,23.80193753699521,8.783608082454746,17.09441481894111,13.05049156127269,5.248431326185424,33.335295324736286,23.02809031507592,15.241713881151892,16.898553313732883,26.604481110122148,25.316450034972373,12.301291694682904,12.20334874420632,2.6180622624346928,17.7069375091573,17.79746545569561,12.414252685610109,1.0680089412575065,9.692641807944371,9.643023943255962,4.079657058935707,2.9508136956009836,4.296524062843587
1,80,4,-6.284435890524123,-22.178255569257924,5.615604174573243,0.11525744767632418,-9.140587160954391,-11.510602967359315,-2.7965180923844257,7.624173636400571,-7.658527637925571,-13.997926677548794,-6.760285815104795,9.508536651270559,1.5914361202498752,-12.028839278693608,-3.2188664509392324,-6.328534762306909,6.463229330756319,-5.464280254866291,-5.509903718115445,-1.167066363481488,10.611661752470118,3.845610965951918,1.140720851991961,-0.51104317301112,-8.48997683863996,5.471738608644869,-2.8058145372878482,-2.382448139668599,2.660901978384793,0.39110140752319833,7.451082470315721,-22.815835490686492,-7.715299895251869,-10.243210398921423,-17.98289246075763,1.156168225706874,-30.973432337138327,-0.8764021088959795,17.312883626101776,11.343199673858352,-8.07682357817071,-5.1327445401707905,8.414080886851728,-1.5995168758871414,-1.0224530595502381,-9.454760213916352,-7.061283730152182,-3.005574367963139,-7.348898940958176,2.4969287955133983,-2.857748069783399,-3.576024083466066,1.6371029926543479,6.849955073671368,3.2789918000968887,3.3526443397717145,2.356536812330712,6.945172304741849,5.184702198526532,3.8548253148385307,1.506494672628256,3.8523408057872324
1,81,6,13.739792847778743,4.033652501294341,6.302223136182874,13.699070678274266,-0.360139084207576,-2.1930122719268423,3.3187970836624157,18.6162751231388,2.8058530505598966,-2.0111842634860517,5.867958637420088,8.554487385622389,5.350527940079478,1.0885411997939034,-3.037463096697337,-2.699424152955322,4.4932059725496645,1.2181799572838523,-2.1066331055197054,-0.4762840187177062,-2.3982767094062964,-4.903971200627157,-6.721170405016806,-6.20470951832604,-1.3490535806092183,6.786472033203873,9.46791123025256,-0.6098931628370252,0.6674181216328242,5.793278418526778,13.470432575156051,7.125620555916299,-0.5712166977364855,13.282989163133434,19.165478599643922,2.7944484287759344,-24.880550341317196,13.991968674857798,-11.894960000832777,14.588686725045207,29.939535895521516,5.196922293637042,9.977550599235673,-1.7125792225323062,2.08090985979226,3.7530228984882923,2.752240599064931,0.9640790274957349,-3.627624803821831,1.919015961017732,-6.332968362311761,-0.6525787331799912,0.8759727923017806,-6.040644530116055,-5.281829994989606,-1.8152596414906976,-5.720079261911801,0.24972524878813118,-5.275905769272915,-8.188149121203796,-3.704943963667244,2.1684855114464177
1,82,3,22.312679952737415,12.514169048608796,37.028438829430726,11.884877293541026,-1.1312218521176487,1.0709469502155733,2.3723798648670034,18.633960980274605,12.302946480922401,-3.7709018143302746,-8.050265763590973,7.036124932488833,5.4260621373428055,-5.046466673343873,-14.155126583364957,-8.598234175499986,9.534670015251852,0.43239263166309994,-9.35274061083612,-10.084982963153953,3.103034977551275,1.9543057171991332,-3.649831036151183,-4.270665787887282,7.84215014332497,1.0006279401941138,11.307191063127503,7.788856097002991,1.1070375379527047,2.257879881267777,40.46159585538068,19.490762138228135,3.5177656631780456,15.025753999310664,-2.8962025568797847,0.7588000265915502,-14.785006835784134,-2.6515477235633402,12.997887294148887,10.905355659756442,6.605879183540622,-7.704165336653231,-5.128446113894599,-6.960011906093468,8.709318584512646,1.1932768490983228,-8.557049078730552,-7.74566414707806,5.235526357391256,2.623108497843509,-5.730335765585683,-7.810218082377453,-9.614362584262318,6.195745831713218,2.0292367713934745,-4.399175456429764,0.013662385004686861,2.396115388789373,2.6026340685756404,2.269472593708511,1.955014942429686,0.7689215286021539
1,83,1,-23.20562469761637,-19.595806402131544,2.965783573141909,-18.36272424286823,-13.838681324135234,-8.283718660519249,-5.37172119678339,-10.707486767594402,-19.136122697464568,-18.499845587966462,-7.916637319708009,-0.17217934396538156,-15.93184001880085,-16.625531286546362,-8.645579882806583,-2.2023424466833372,-1.8263557236187329,-13.620671005692428,-9.8085744651943,-5.46131323959406,4.608492394409526,-8.987666461968843,-8.921105587741406,-6.250424487857009,-5.854223748850753,2.057454184609147,2.215469303790754,-1.1403252731259097,0.9262323558852978,-1.274286551389662,-9.0919292433778,-26.069432211494675,-16.641610738883788,-9.05478204645943,-20.41140301934467,-25.028535701561623,-15.021291538664116,-11.624205697350574,9.440562225287639,-4.546943992751126,-31.876020611737996,-9.179736344507198,-6.719293644833496,-7.064081794786745,-12.286977998284835,-17.534410729459154,-10.805492606320678,-4.368198745435373,0.5633193847450726,-10.940013444369168,-11.145880918893056,-9.853271699386998,-6.630536086493871,-5.174942741602113,-9.00812630589325,-5.809955978323135,-6.5602991944406055,-2.8017620580702474,-4.699377429944167,-4.860981964846937,-4.111053668371425,-1.8418994773997053
1,84,6,12.28651974511492,7.0129778926578785,-11.57703385533901,16.911395473860015,23.974579886056294,21.923035473721782,5.091255505308055,9.773424676034553,-0.9783686351530816,2.140108872772899,0.31410075424284406,17.16268853938617,1.7334058571879467,-1.0825687989524393,2.365210899356299,1.794119566042979,9.844057301831691,5.221974729560316,2.6697643151643105,1.5477087435357981,4.568571356057028,9.697335757883032,10.221631379105245,4.322999746606847,-6.32573664783523,2.1227945181336714,-2.3075460308662996,-0.26510984455121817,1.469241383008478,-11.209214304153596,0.2885318339984053,13.33737818615102,11.512305976959263,13.392042336145002,33.97400866830493,13.272607273876478,5.535733060593286,11.915815455012766,3.355427971439114,8.859561764089985,-21.396617325931413,4.034926217571809,9.733479389466535,-0.6776650173975748,-3.1448905421875244,0.8223651144426416,4.198581100100791,-1.1841974594721163,1.8409684053849327,9.543561067909188,2.570764805894437,4.303041595261449,-0.7181987751775045,11.814620944784906,10.056008164339305,9.818006095998896,3.207876759217823,6.073179638024605,4.431430859445802,6.428542623250955,1.1453087663096255,-7.577966438663168
1,85,3,0.3447446506924752,2.0009904567879153,-4.390950146897856,-0.05073242425555072,5.117123469960216,6.777701471500647,1.1543349517145884,1.0416490006226489,-4.072348316336371,-3.1038454051765565,3.1587218795860417,0.05183230099699858,-5.616665512277951,-8.517398109477826,-0.2721389437139763,-1.6226976778664879,-1.0720516881655637,-1.9395869034910338,-0.13167452014891906,7.06039603470211,3.972494928416139,6.79396420738819,8.39173957571478,11.286683033600948,5.38309689322146,7.391680856837278,8.825502173506608,10.890472772514174,11.52088358237341,7.489758897334243,14.329602373957005,-9.188140167991016,-10.814316187962525,12.763831509322648,14.612591117734043,-9.532093701912547,-25.41084706579993,6.758037739728649,-14.728036642215143,-1.3526138754493393,-7.110481984583978,2.041186572529556,13.630922680947835,2.823032410476048,-10.61093323826634,-6.410601006548214,-4.274467328313466,3.8754154412848174,-1.451666407468842,0.8046551057500995,1.0459812084076605,1.5553021766245365,10.257635117099598,7.896066578195955,6.6125029029733495,6.572084895448712,12.702215371948737,9.898866193914197,11.907652739929492,13.02485508012881,13.380970706436322,7.951637729161944
1,86,6,13.136754906304722,-17.48811199416112,-47.6777011237857,5.985353156742525,-18.64073922751732,12.243318112067335,21.472879904129247,17.610099294245614,17.620703044614366,11.297860863913852,5.570178572747221,13.430173740654087,12.763353841651863,22.610382998998197,18.047349963110033,4.282876048918539,14.798384608837168,32.485315626941436,30.679834909345256,6.160904846858328,7.424703225516143,29.793943311564814,29.372550304388486,16.748367680265105,27.889400458372194,7.08278076054256,20.17283164902885,8.050164409157844,8.295842085795327,7.596535265025472,-9.27146077765969,-3.6199107711407814,1.920849212786046,23.365299549839662,30.781434669500076,-2.419735126640286,-26.656173397176424,-5.771564279115052,-1.3203103496556778,3.888658198278123,31.187583117041644,9.204282288379945,19.052580146053693,-0.8774683259245823,1.1341984345146083,10.87125735852595,19.30337164332954,8.02101114176486,10.049283123461576,24.991349968968382,34.03900159658045,21.101466392998866,-2.1952025282491983,13.978692160212294,29.980585954719917,28.08662246104057,12.920548912410322,7.872856830752164,16.49006007966108,19.838570210991847,13.25473316646998,19.72993653490232
1,87,6,-3.731487189033411,-27.961789033307554,22.087930184766275,-0.5431683720430223,0.27331126681188195,-1.3299639016026394,4.636270662769675,2.163791414713714,-8.89773161702494,-15.48848667023021,-2.429779403343249,13.830286840840078,-1.1547113220071097,-14.12351290995209,-3.4491544805875995,9.353512548659811,13.098941973637695,-3.9222642719155036,-6.07453525075462,-2.091542701759352,1.5052885724140737,-0.4493886810704713,-5.379290560308684,-7.424905792401148,6.766779319655793,-0.10348131350900289,-2.9935811628110534,-2.286193780510162,4.9603191349746165,-3.7854131352065536,-5.23113634818938,-28.67225423685228,-14.996325918971603,5.923442972596826,4.141022252963809,-12.476848162165501,-33.88290172960703,5.373178107040741,2.4900397070933424,18.33454554044165,-14.964562537057741,-5.855695363951894,-0.1902415670976942,1.726994256733167,3.8866657042285313,-6.772795064942683,-7.776732621578182,0.5370993477905668,13.368663916364312,1.5948468875821398,-2.4879459723057904,-3.8302020924322018,3.572251382201528,5.000693657185616,-1.2085119606699906,-1.8290282758747807,3.891422462218059,3.9294139223582096,-0.2640774212550483,-1.6383428281945398,-1.7703600003179631,1.5153423604078387
1,88,4,-25.874255239690942,-11.943053536514588,-1.3575298416360129,-10.875030022795968,0.12383017364730509,-12.199359022308046,-0.8627975939619708,-14.246465025855818,-21.76391545381602,-20.33732091737683,-3.924000906871586,4.043513413336941,-18.436299653496686,-17.847001451908096,-8.551424061924944,-3.2978547610819517,-4.726070252905896,-13.549285768667556,-12.746719598951866,-0.11467852554761218,2.041606328132132,-7.0417837081817805,-7.498741794195841,-5.876145508958075,-6.760647608944007,7.174437704223497,3.717709059486307,-0.07533633727126432,9.07282016137843,6.14826992347201,-20.13534190653392,0.8334464886475651,-14.547993714279471,-3.4211880790024276,-27.8861826049482,-8.732330490210348,-40.625853848904846,-7.0860998009944804,-2.22499258756047,1.4418972103016046,-38.98924304340491,-10.657912365115456,-15.553310871987437,-7.810097455433235,-18.561229875606557,-16.684662841517405,-11.950232135120595,-8.365143198906106,-2.0366759384959594,-10.449989589998818,-9.672205945613182,-8.60236376958967,5.532191987717296,2.600270311450353,-6.779380380675743,-6.264405245824557,5.327289274769472,4.974107066561215,-2.9443393635376114,-3.729509238289985,0.951637100973503,6.026509291197102
1,89,6,-15.763076585831072,23.150449251528926,15.529816441817161,-8.73895911075084,-3.329719232542941,-14.844273393246812,8.506731665079911,-15.589599223625727,-13.828434446815216,-18.866367070021383,1.3177968773809146,6.356052610568889,-18.830483685894972,-16.142941971309483,-12.944376136755523,3.479750280064053,-13.522202174565406,-9.402512959681635,-16.26893354691111,-4.470671641765299,-5.679695073958125,-6.847282546322523,0.884352479777414,-0.595381657729242,5.053558431792911,5.937254868743081,10.296996562696274,12.777286443813917,12.036929617272452,5.26714480475227,-16.73498035799258,4.33013020301374,-19.254062419870824,12.624737185403339,-2.223771948776231,-26.286221793466577,-20.551877075882913,2.8669817321025173,-13.577638261781145,-10.148996622278917,-60.44935312528713,-6.990583559396677,4.751547421036265,9.561676384552472,-16.79454122688167,-9.308265397734033,-14.141647486694765,-8.156752530689827,-4.984199444956439,-9.482533617263167,-9.196240299086016,-12.636957068905586,0.8867985125767377,-11.855458723971763,-5.775081061644526,-1.3087513119254908,2.1298669225013827,1.7229032119389678,-2.1131170136774537,3.874817153802371,11.962172211295485,14.235316006784762
1,90,2,-7.678244476927807,26.092217333546703,5.033262605665299,12.807486578095236,16.97875708178049,5.144293866824453,13.559981319689886,12.623174089586316,11.425579493161196,10.192507037007037,5.1455627997610245,0.665724829248176,7.35138828466396,7.575834152765761,11.925666776372166,5.668266244141792,1.85546058418638,15.5047348786327,12.84270888017262,9.66135130204805,3.7446382289422964,19.0382328341011,18.86088654531803,14.380585441774713,15.852543018553874,6.978846032513167,8.444999799166421,6.609531208691068,7.115827210361091,3.8053955634851486,-15.386491296812892,6.141467702552313,8.153433537542286,4.06522290861779,4.777946040670317,0.428745400820714,-3.2671094057036627,6.598806735991336,-2.463033314782945,3.6449681508990883,9.13662145463978,9.524929681656555,8.058688986092447,1.093404068583169,5.453218155722252,12.682980895224144,9.52971045391224,4.264114375250331,4.032668418705283,13.537268505954161,17.007828436610183,13.216481268542216,5.386951540165198,7.466447880718762,18.84742195442001,18.981759440023215,8.185235326059114,6.102279861673444,15.05063776799091,19.03927486657915,12.95717020012529,7.25392298244803
1,91,5,-7.617260470850078,-30.355656245859667,-4.395976934945441,-11.400584698268556,-11.430987499198574,-36.3572096046878,-1.066354213821952,3.942704902870987,-5.713836575244983,-21.035855983611103,-10.474661251018963,4.436346765743887,-11.950222408648857,-14.709945570734305,-12.319098277585347,-3.7912844818585163,-2.7203133545202602,-7.598262430168688,-13.77377993808831,-6.438943865782825,2.4707955930313856,-2.790169291879711,1.9420713196031567,0.3614222238709148,6.841391996434388,-0.49262884601513346,-6.036510065561393,4.147964475403837,0.6888621705924955,1.532763001758879,22.958451479037343,-27.482190389776743,-18.870419410687717,-10.010732127330831,11.929675792184918,-17.358251338279462,-26.74097988313837,-7.7514676264509905,-4.855091418099885,-14.430271066276633,8.007242590257132,-10.187045863943126,3.850594468210346,-8.027827927024989,-1.5211653692148068,-14.521865159204996,-15.135555135375796,-12.429077880535832,0.4078079548993758,-5.02657608015082,-10.485959756006368,-11.379343375279687,-3.7247718072030693,-7.403447370771773,-2.6278941802816806,0.5660065372769781,0.6514015174925154,-2.2672197218507355,-8.778359179816603,1.2409989171002707,1.0013563432276424,4.229871507715602
1,92,2,-1.7322528052666195,2.262303679272896,2.4717749505326507,4.908699128366494,15.169503798026868,2.0660558643682707,12.80981187631444,13.185745504344025,10.5274680264226,7.261516420761263,5.795618187499849,5.4583078065997785,5.609588307260378,12.37264796073844,5.700352666263538,2.606874684916762,-0.6518646384271352,12.641554619605865,9.73765248196518,8.902913034155327,4.113296954506417,14.223347015485796,18.780108434897738,15.510089694303696,3.437696874005401,4.798227418793319,10.475346265472867,8.099381958509271,3.8124293963333997,7.4468757105642,7.515009435001618,13.48019702475881,5.114166151627149,0.49519059589848125,9.392767935270081,7.446677871616325,18.313458493888007,9.697808513145258,-2.3212084732949734,4.932550541488683,-7.020252999065945,8.41474174084596,0.7005852724357338,8.891942561853948,-0.48633311712750893,9.709782467791577,11.537725334101149,8.743098286979992,2.9128174984702735,9.695271003128193,13.832071860607643,9.747981306392607,0.853361275967029,3.736244114161263,13.471908847097213,16.789548078347465,11.727040504622156,3.2793246881309432,3.519454244615103,12.306482694628532,10.13224662192983,7.183126278732694
1,93,4,-17.757578215788957,-26.9146546227403,-9.368294178621797,-0.4784067895536026,-0.6366824501807373,-3.4540415117630716,-16.489905814117776,12.400093511996298,4.539036933786987,-0.07720816203551861,-4.6542363755813785,7.686648403112659,1.3365730696425915,7.773471340617281,-3.144596247138772,-6.04080376156219,0.04265169810827346,1.8893223365927816,-1.2917167340439364,1.0152648430169993,5.729525267197633,6.915039794383256,9.481901783848228,5.016792464897711,-7.515250529821325,-1.5298683984977444,2.533173784738539,3.4179219624663584,4.329541523145825,-0.9769936452744666,21.218359229359308,-6.784619559374896,-1.02496656532422,3.6029098526143084,21.247995065525174,8.404417755315082,3.575990330359742,-13.440367537701105,12.715766979117381,5.291903146792474,-12.0583495408291,-2.105045842324814,0.053462870123727746,-2.6282319159746694,4.167184522477683,2.979754709968024,0.4698292219829635,1.9420230130596874,0.06301987988919708,4.510404648713583,-0.31171269121894957,2.474476505661519,-2.721606232208857,5.859733125921792,7.065326519083326,4.227714990600715,5.191162004930584,4.253013676537841,8.409903035203856,8.840612031019685,5.193120724408003,2.216578942769004
1,94,1,-6.7502898251887675,-10.839470111833117,-2.2752570095472033,-3.968128851558105,-7.937570052425854,-7.1951097900178524,-3.214799523853311,-10.52218533220997,-8.86699613320028,-9.612538962738542,-2.2997548250458784,-8.626890488321008,-7.747656563419013,-6.214792203453441,-6.080946776516187,-6.570565232041676,-4.35975129525291,-11.164319388750128,-8.567204298587836,-3.3132153118892393,-4.754403414227428,-11.419254877309244,-9.809896365887044,-5.888659724891873,-3.971264732956158,-2.936678536418011,-4.512300576878391,-5.747486242774604,-4.1944273461406,-1.9028400729478507,12.285882858241486,31.3127882791365,-11.863394679944596,7.4296240076059235,-7.630643097433925,-5.125295844996667,-16.7668545543239,-16.166783661240853,4.592577039286856,-12.162072012791553,-15.11787897948085,-5.505827200140456,-19.62327595350401,5.471212798297953,-7.6687599954922225,-11.569647659689604,-9.042909476088314,-3.806582313030958,-6.107113808262859,-7.619122554479934,-7.315939281805896,-4.950231516909809,3.64476556158284,-3.8544683336030423,-11.237648776982258,-6.8258385045635634,-0.7909926117182058,-2.990676884516712,-7.380083157749079,-4.731015151147963,-3.772049971935679,-1.3267990110850925
1,95,6,37.86927594317171,10.86395832490767,7.5991114769386465,15.374184435869495,19.119797215513056,13.347924328601495,10.872531032371453,8.572728130267933,10.701972607523203,7.501177979658763,14.5406559020417,10.4430958293492,10.88550359581984,4.32766476964079,2.707678528190253,8.249084910423282,11.042032978814746,6.7715023107735846,1.2749618686190447,17.737866101116413,13.415314916509947,8.858736815158183,6.967600678025583,11.134321923254104,8.953331750266756,15.44654902384302,13.607269127512494,10.182882533704001,10.86859442550326,10.92936137341326,24.223972325054238,33.7223827748037,4.178376890298697,17.861474303846677,-0.2103348514065147,16.25470169808534,28.65758854196063,-3.6846818482196664,15.545485805924514,25.8569602428413,2.2117739019392966,6.276857024149564,14.630064736428487,16.299398952050183,9.671834497439969,9.76267125848227,3.026936396502142,11.410836374739231,-9.555530237965286,6.1723383365925875,0.9193384049278563,5.95855439881362,15.911216219796287,16.82037045868261,8.988896592327103,5.676501334122406,14.14302723904753,19.098618574803933,18.349428336840216,12.602347440563326,11.218076592856427,5.380004493237147
1,96,2,-20.745534205763793,-14.146573176811913,-2.7843511861453716,-19.122918586723696,-3.437026287860622,-13.96684858577168,-2.9257225715100934,-17.992391322517953,-3.664781503061334,1.5848606564104557,1.040462159983266,0.7464403423321663,1.049951661650724,3.7306720623519416,-4.638914480169374,1.3832192227085343,-2.986600350656707,3.2893783742698295,1.571072712268035,6.3585227404425755,9.320191047767667,3.902016679279315,5.335085536648592,8.958108127957633,5.612859226672395,11.838684565739753,32.56572701291339,9.371053580331017,11.623274800344925,11.796553955072678,-10.368053699911737,-11.116028207240673,-12.328274122734625,-5.188108200525364,-12.964459740534055,-8.309161944246686,8.510137534564045,-13.423038741641841,8.80744967858943,-3.549138199810572,-3.2681805502350727,-3.8475985394836165,-4.170870283766221,-1.2944858664101595,3.0079238370696952,-14.42959565827595,2.1543504216412925,2.635458673236937,6.523779215427427,-1.7396002956893153,3.6470425894779326,2.0839107803228085,8.504338802497195,6.498914770236836,3.4039024666587703,2.600540431625234,11.275582389133724,10.740750285047225,11.218211651211842,12.261380322822722,12.898323395959562,4.365371604381895
1,97,2,-133.4796138214992,-18.111233249579254,-6.971373044340533,-29.982047750376072,-36.665173753732596,-30.641428587095024,-12.616149869997335,-24.77940378574337,-21.823544005261407,-18.238112485899432,-13.306160283269268,-18.00539302707808,-13.268192950636148,-13.397373344476636,-13.122827102685715,-3.3657905888039528,-9.007523147968529,-6.774879203087125,-5.442455001470704,1.588213502151167,5.92442710024713,0.7010724899222718,1.1115578872481007,7.18985619339893,7.977245104113001,6.063164439455535,9.34692741716962,7.249585926950144,12.473712350423567,8.584996346310463,11.257664808356084,-32.8034977831128,-27.77296090743891,-29.690003848157634,-32.433348416930016,-30.411005472548588,-19.565847375839034,-10.165992686002538,0.8119059792469885,-9.719107872056892,-1.943619873329271,-20.772246327523778,5.55962768065311,-3.5246500150164257,-2.9958244956484643,-12.28054726246472,-13.854408465090161,-5.185532083007984,-8.646853482538111,-11.137018799872655,-8.89736018772805,-3.9496758646195422,6.31624250884008,2.8656502614797232,1.3238418163709005,-1.5386631464721985,6.973008628752895,6.0667151661203595,9.335990657348466,9.723604155170564,11.806308750670828,13.518386158955886
1,98,1,17.092393587212772,-43.24065497104172,12.587107554861786,-2.41689367553719,-14.290057495713421,-8.647557900968666,-10.646951450716433,-2.4163582138717175,-15.7731108673871,-14.223882503444093,-4.7911887501207415,9.313104193634917,-5.1882867070153456,-11.704347085409303,-8.217640108860483,-1.8366507322005028,3.0280074089447524,-5.633044085661289,-7.010314967088608,-2.8619017708456007,5.069840448749496,0.6295908193683198,-3.1179227253831012,-2.1264754238015993,0.8768363231338729,3.7764400526236686,8.916942146538593,4.700477377591062,2.612022270687017,-0.23699388002249902,4.754157415977345,-8.579969357148311,-16.087008924904936,43.44779581322177,-6.708771912699065,0.2210496163404579,-13.1235121461313,7.809320750126687,7.340750775958701,9.485375235652233,6.121924467214454,-8.828247212912746,14.063310392984635,1.5946828919213003,-1.2325563050533932,-10.367909069422907,-12.120925471322932,-0.48726897296018734,4.881518953962519,-2.8535943432745134,-10.03511895565316,-6.872233753297024,0.9194783127764481,1.7109630632713972,-0.9851901567563771,-6.318032257849487,-3.5259719757340475,4.801121992479287,5.364889929161931,4.311146546791237,-1.8192928819576424,5.546148694387253
1,99,5,-14.593375794316943,-0.8462695802402934,15.852171483438273,-18.120963918726613,-29.95058841449097,-17.639430998216895,-10.789828002640256,-13.793545126733251,-34.85448749981275,-23.379463565487562,-15.678458008006587,-15.951392978066341,-18.841570053908338,-25.570676368774798,-15.926977216822607,-3.3767128334857692,-10.403010730139009,-16.81289293748758,-11.826141369534751,-7.490188312568422,-1.3104060677266323,-11.293605890761059,-4.832354505432816,-1.113830187380678,10.564113359409948,1.0973937777779632,2.875014253528562,1.3229347795997626,1.6429597280696684,4.782244460157503,4.79851682593183,-22.91116358580567,-20.068636390403288,-33.23628595943856,-22.41397587877767,-22.485660201597312,-18.60294555839175,4.527087122440433,-10.936848692459662,-8.911924751907042,-19.07244670902742,-21.08454752318198,-4.57867338299388,-11.484710994880741,-20.846299513992747,-27.167279419739085,-19.661358991353882,-2.3827086065373395,-6.7774554989698235,-15.569944997272668,-14.735736149993562,-10.341148643919105,0.3053446053413731,-5.577540456771668,-11.224767906545871,-4.841887346173567,-7.171340454619648,-0.032038152246258944,-7.278087904199775,-2.9272663829075873,-1.3592954442904501,8.996538225902103
1,100,6,-14.593848488475313,-20.731239791831744,-14.362011927032354,-25.846370781663946,-34.02551770451046,-15.168370065392878,-6.683883250679637,-14.446442226740164,-24.428392437922714,-14.614848952104408,-13.13706367362926,-12.801866363349273,-5.97291137367237,-11.490905288232076,-4.199854675555467,2.5109145466022467,-4.002810841948702,-5.387023901663401,0.95636488956104,0.886123080692458,-0.559575683357785,-4.432694736209401,1.4574652519190638,5.09157877706173,10.101158830382653,-4.397366408758413,-12.923419313368996,-3.9946240038133918,-1.9429590211408927,-3.8550762162634657,0.3415413157242131,-22.87269475214501,-24.70394691883973,-11.605694774129406,-31.859241799156134,-11.849983213469386,-33.517846637723466,-19.150460495136493,-2.060044799868881,-8.800951369822297,-12.265374829697352,-14.590230487727144,11.659066139107079,0.8418166806875931,-23.8588786585847,-15.69697377923592,-4.659996726589913,-5.443082241614055,7.527489838303951,-4.858342977209447,-1.1852828328974725,0.4478206948615696,-1.3231036223403039,-0.32576103216014474,-3.958789075327263,5.1016567607024115,2.7126427189441307,-5.743245568626175,-4.213406129444879,1.1536307127055976,0.9808483689387388,1.141203295712062
1,101,2,5.175743482189206,-29.203762400365807,4.588558357731416,11.889373604662529,10.289846972766803,14.653332307775763,9.357053633086478,12.320164308724246,7.0414027275472195,18.37081000872138,9.920797461836894,4.747138022910804,13.120207501620772,24.96739728712453,21.319143821553475,4.261050940616903,12.274651853651621,20.04382968094292,24.04565647862307,16.222065380320142,11.804108801229692,22.991579949674094,29.62626503680539,30.002155485676553,14.653925787384926,7.082665028737675,8.031450889073312,14.144291229455218,13.16096802778179,8.646535136714213,13.196610027878757,7.322833132180503,13.81076782160415,0.26431384623595783,32.133672137631144,14.14967020850901,8.997893824628212,10.544184218490177,0.82242298478306,5.530735081470596,1.3948408943123942,16.20118096039244,12.247491185916825,6.17888982630358,-2.69192713763701,-13.753561256686226,21.44853643182573,12.6033509224426,14.746779010707812,20.73219503789414,25.680738063847144,24.734827302578,8.31407306151942,19.05149469574595,22.299109167987243,32.174799524429346,21.673570798028543,13.249387844670103,15.584162229762928,21.396033577348394,23.91425675092401,12.96382296513114
1,102,2,-14.025569802831583,0.03566122574095498,-10.008218733275806,-15.630485324279919,-15.046908659860492,-22.075362866040226,-13.555330704715916,-13.677289054683621,-16.854565104083502,-12.444636240817331,-14.055355222850318,-8.743942630727114,-16.52454910549994,-12.773007316384227,-5.9766743294440445,-9.606021371397484,-7.161556841953227,-5.180702937108173,-3.342006777027027,-3.136862870896367,2.4983375921800004,2.452308890000894,6.148815029016812,3.4737343325665813,5.366047755031416,0.04266611320852576,-2.7860492634993057,8.149858693336709,7.949355875431536,1.4662069177550328,7.238514125631072,-30.45220967518483,-15.11321862184913,-8.244140066371136,-10.028118986440484,-12.708477426110203,-23.904096755176408,-2.8708171371779416,-7.515969356374314,-12.437038002876422,-25.77888840766306,-12.308827335961888,-9.111732976329396,-4.583796784872326,-20.44625867359772,-15.104390150594826,-8.740840519449058,-11.663769846748021,8.836791153735955,-6.088573993388109,-2.48433259111352,-2.680995298560888,1.153982856288188,1.8980543900553783,2.848046470001884,6.861591416706401,0.6783162039114015,1.4159762788245949,2.544506114294252,8.604939995586259,6.180037916887823,2.938579293285928
1,103,4,-22.187624368952918,-19.95859875893449,14.519554475935662,8.061491815884388,5.4962027490780665,4.694191285306815,6.220378731945299,12.465110599256418,0.11144618544636803,-8.336380557952127,-0.4923152630558112,-0.7044542596573244,-3.928748042549845,-9.747460316594058,1.9801350205046364,1.9378694080997527,5.2561502414656145,-7.088005597135282,-7.445235546837306,3.590410123692779,4.6985717564026235,-2.329771639506629,4.4401868078403375,1.0222599763059752,8.06903234151442,-3.2385496125590594,-6.229139650459169,2.7011945931036494,2.442245237813217,1.3047954031584292,17.391625909066597,9.449979288617103,-3.8546468377249647,14.277422605105114,7.726366908096417,-2.293295061283903,6.398260452341646,15.030742415658592,-7.203981779684684,2.427082571223742,-21.125814645210422,2.7028541732125158,13.774822037916907,-3.2620053950061143,-2.404717122136457,1.6989844384171642,-6.317559505006437,-0.1615756173822565,8.45176835156119,-1.1085379004660183,-3.3513418306801004,-2.310609400601739,2.3667643288627436,-0.42789145437546283,-1.6777284258022562,0.9632975094633676,0.6729661400185718,-6.921161764880594,-6.545999997681602,-1.8257187153780596,-4.680311781138454,7.158160435529879
1,104,5,-9.935477823382476,-3.0236992822369433,17.785395069547533,18.98852792679809,15.000431196400658,3.8706153001658956,-0.20008795582703698,13.535681227188023,20.58223630456119,4.104116382077336,1.108383514350507,14.807960908110372,10.169041594944705,9.002554256673449,-0.9275155888824926,-5.355386048964248,8.60519566273362,12.815142637368565,0.8288104316310552,-1.0959320425896377,-7.726120817293294,11.071934062260677,17.96550555218284,8.420685365682514,-6.119888447452241,4.485723493813834,5.288145016901554,8.016746450033851,7.108962273475051,4.157256037473859,8.488307624135354,11.63136973565945,3.919948600056557,-9.885189280799802,14.968629470049617,5.644342582545055,11.84596438919443,30.936584217246715,-1.369161266151379,11.577106018130454,-3.3361886546424606,9.553475003286335,7.826422916475418,-3.675259967365803,15.732480650495111,16.226942644976987,6.0616929223533855,-7.973207132748853,16.16048799171227,13.836061672193976,9.4326841318412,-3.355384577167925,-1.764479077103118,10.231694892412287,11.562883989817298,11.898930489335482,6.54064979734717,6.124008423603344,6.98087704505363,13.109237042457307,5.996791587290693,6.48933847282627
1,105,6,-60.95136968537076,1.8812609230190862,1.5564309786238528,-28.536952096878046,-12.015934251828071,-7.025453591015094,0.9570693373452983,-18.93663774803281,-3.8122122211200065,-15.719344002285547,-14.383875713161217,-23.00639064173871,-17.753559611692303,1.0351748059875696,-1.07265952522526,-8.465097772638977,-9.026699795132142,2.670820776388765,-0.48202980005341217,-8.974693791350209,-12.61391136147899,5.15134228838653,6.937955250764813,-4.025190760160048,-16.184431004088093,-15.746123766799156,-8.026047727729123,-8.690913854598453,-6.022312209793797,-11.225814773996431,-18.36978687082485,-21.790758037712518,-8.88821826593542,-2.7137474098424548,-9.993181214633791,-26.62540415038424,11.31593754267457,11.475110625325726,-29.457361439106656,-25.763055058150744,-33.822168609354556,-6.875470887358515,-2.663372119036845,-14.902097451790214,-6.440439332892736,-0.10768811169603137,-4.3811663964581555,-16.071117698237675,-14.762448409298246,-6.906013540423857,6.529254775145091,-6.654889215636441,-14.532801940230794,-9.141306010733652,5.6543867539659844,6.661595020818001,-12.240698513120602,-12.649611178098432,-5.298097441290935,5.082489740194346,-6.0081383766288425,-7.72476998094197
1,106,1,17.61478362105242,9.545375061068095,39.107925587220144,16.5499007424067,17.01836473290331,13.38670681780432,13.471407103556675,18.15807727601652,9.103748712234385,7.5458125110443,6.085481589157473,20.948685715508805,5.41281942347428,4.61406443049995,1.1901844050848818,-0.6027676218143867,10.403131241251419,3.895793292217138,-0.34703626976598145,2.755130323848302,7.722116688834271,3.7136614352362463,6.400986095072654,8.29636786696387,6.05877422430075,2.979334929321963,0.4241285488952127,-2.947021824126015,4.131827159597334,-3.2176603171065805,4.605742483422523,15.462898541151032,15.417087004292851,8.951373081077916,21.17635882289217,8.494564738056463,8.544423875755284,17.695610194671435,26.538074450976225,21.35285604070509,1.4151803513281855,7.843206763761572,14.047332336650532,6.245055085332725,12.837006440817769,2.712280905973052,0.6735884482268162,1.230235809877675,16.4427241211439,5.460497998257691,1.3699331273574655,-0.2783189084744314,1.2434158091910352,0.6812253488261801,3.967598254656101,8.380030976472106,5.001701969687444,-0.1818521094860555,-1.6736954030149214,6.249782866275893,6.633942133542604,3.7551215171768586
1,107,3,-27.774360147077683,-22.05304572940236,-20.6045341364494,-14.778566379162553,-16.74801073650397,-19.156872055244857,-0.9591871607798802,-1.903838649755571,-17.74222244063345,-21.637398165349705,-12.19311161193906,0.4293387607648621,-11.307355186629412,-20.793526303062862,-15.338735408263235,-0.3992352465440231,-1.9571376689141853,-14.547631871454948,-18.39201742437918,-8.002394155326593,-3.258966030848284,-11.976915192276405,-10.429250050523532,-8.871463445083402,-12.504066797950095,-5.361952019900804,-11.394877631092301,-7.618505058310377,-8.372659373505996,-5.275732039383088,-26.68265881552929,-11.059048272033293,-25.867023647064343,-13.712477553454109,0.8299586424581353,-32.1745726988628,-39.58812218963552,-19.722777127265555,6.43819605671835,-3.8206644865638824,-11.433134373050278,-14.88191747410996,0.13796060981524255,6.364046478280567,-10.220642317540754,-22.447683239548045,-18.357210080480062,-9.272883997662227,-1.0020510863694478,-9.472055361786486,-11.93800727407472,-16.46057882650597,-1.353641436690829,-10.137620927288939,-12.552237489692333,-12.700932308940638,-7.2319772213515705,-8.227621549513286,-19.58080767453988,-10.287825635339063,-11.314408181462342,-4.1221688733686035
1,108,1,-42.43620739986256,-22.585171222664037,3.555467615471926,-9.018015976586355,-14.727317706091187,-6.36861516259293,-2.385709385563643,-1.7055502105504274,-12.549834952826005,-10.60558313403914,-3.587259768235795,9.710129862605804,-8.46416192924286,-5.778998500372212,-6.5095137221647885,-6.897146406560776,6.447579323132404,-1.652617938861979,-3.8982391679438,5.561374180882081,13.56742044008996,4.651380433746408,7.603105964130578,13.882008354724736,6.8639311192602595,10.236924366772788,15.84402813880546,16.572309725168278,17.23456104535882,11.156687361233656,-10.148519063959041,-6.0985023497444795,-8.561574237625592,-13.552961981696338,-3.5111178280104243,-24.27732893951782,-24.69625215090401,-3.1965732510689984,10.843353713266318,10.477705367091229,-13.423641784979797,-4.813674812205136,-4.883810512176374,2.5813444885482064,-6.077154919391545,-11.480306424563983,-7.124395206684199,-2.441121306043212,16.52422597334811,-2.273196965788217,1.4922291940112227,0.38984706673044456,2.423184564132697,7.423743221164889,4.417826242683873,7.463341107773714,16.77274020957169,15.026231614747873,15.97978413961374,14.842628183161352,18.24828684985319,14.187193702270347
1,109,1,11.961858617187266,7.667187109884876,3.5406763118850755,7.2852278085107445,8.540477641437924,10.086830643891567,0.09811183215096114,3.941711030826655,-2.1660299463106725,4.818156605665917,2.8316196715572786,-2.0982532280315525,-3.4504474089140196,-3.7192141574966504,-1.0903792824346317,-5.471569854448119,-3.104506311302142,-3.8080585072918725,-5.488889081926062,3.7491393557560864,-1.057564290853717,-4.481540875952331,-3.5091447816116776,0.25876599804657263,0.330696303107799,-3.3292417065126885,-3.7217084078413487,-2.210037223494999,-2.2285914349386724,1.1096813304792734,6.077864014702604,17.420634400360754,7.5773827770338755,5.3706694964103665,2.8675704383086873,1.1162519326842428,0.9340959878229532,-1.9875837067971236,11.795820622017795,0.21971323125336964,8.617463787642828,5.817694146806522,-4.589417071422426,2.2146830112991363,-3.438338466789346,0.554486005362578,-0.5532751693390316,-0.9333723184039315,-0.03473981560233469,-2.5090233706755622,-5.861648467843564,-2.3409784594550733,4.737397736821484,-2.93670275490504,-4.634866839570065,-3.7240577640314285,-0.5581236031678757,-0.4150492704087283,-4.191706374923628,-6.4242393301754515,-2.4586334866641972,-4.498474121593486
1,110,4,-36.565045257084776,-75.8289887147342,22.48274615397905,-15.4493278334508,-26.77898100958908,-12.785198270672604,-10.576979886513298,-4.748247630013968,-19.771025039800787,-15.10516190783279,-6.110804419896401,-5.678595125379901,-10.659026774237075,-13.654566556805888,-13.415421035878998,5.778409923943575,1.9534663197175586,-6.129498658224755,-10.61759081074013,3.3776341904772504,8.858741641010548,1.197932127868847,1.9047408997103914,7.506031330856612,14.42528274389575,5.9388951326652295,3.784183015819731,10.58152920296188,6.310800692657147,3.79590128903936,-18.96835759109478,-34.55535183815151,-22.48375949413492,-116.93827138186954,3.435709180148522,-24.290268050052415,-23.28990052962993,2.1401909378061945,-20.51886921812122,-7.502900327623986,-0.7014247417625982,-8.472054435337729,-0.41070734766289263,0.9934252401978547,0.20366760297882824,-9.51238169537135,-10.843633583367794,3.466107072762964,8.011193722395634,-2.7293541479072085,-2.8335734889217887,-6.421050473411639,10.326125728432089,8.770813930745629,0.7452244662293586,1.7216922952679958,8.200065165303835,7.8903689462600735,7.298046031864592,4.218775635766914,8.097717574275123,6.837455269988487
1,111,1,25.119435364698475,11.246467641884857,-21.540236711201104,-20.71396868158039,-12.043828472517808,-21.777457172028342,-14.761184374506513,-15.444078940398457,-9.946072012435922,-14.76895145255867,-23.505951952825253,-4.171120941729809,-3.437479799068195,-4.449256667413008,-20.244482019325577,-18.361320361120203,-1.5155836362846022,-6.728594937407198,-10.225987757806015,-16.00708950946972,4.137616386864241,-8.24738186269163,-11.88094542280021,-15.535803329290399,-7.597147925143566,-0.6160586592627737,-2.4501813348700705,-1.8867946138787204,-4.7969200087756585,-3.222600426047858,-47.52824439278169,-11.465645411029085,-15.75791916950527,6.940845131905317,-22.48409227680178,-15.493537675044145,-21.953698910409347,-32.20749854943826,-15.542441662267507,-11.314929254795992,-13.401913030368346,-24.066019845581284,-21.447118036224648,-18.39398568165318,-1.428056334849537,-4.635740102927488,-13.82837652326447,-21.67469974463271,2.859943039897015,-4.3830189929775365,-7.7571507631460355,-15.209260878050939,-15.778538174665997,3.7469780455661432,-8.324073800930707,-14.879452284221074,-14.08798662248273,1.8095139685461705,-2.963607753510587,-8.477621680750254,-10.744720940425621,-3.270143928789964
1,112,5,-33.778190314559644,-21.798090881009294,-27.487125821956763,-30.25099766490664,-34.26394453083686,-31.19166932098292,-17.477787968378934,-18.507159003746555,-19.860366277919134,-15.202608052709305,-14.537124671927867,-17.626014539324565,-13.043182695170911,-17.328702414067603,-17.35709344672903,-8.24312210973443,-10.70105609105241,-12.452085027874377,-9.98831362170508,-16.380572529384725,5.144670195017217,-11.572768932446932,-11.781540673163649,-15.614791793203567,-10.630244942004337,2.069587291922511,-0.5054421944873084,-1.9338314392172362,0.8885738342864118,-4.432844323117468,-2.9044618015007178,-27.972836594210893,-22.60943250029869,-52.02948271328722,-40.727767032684724,-17.548324173634384,-9.892483560163985,-28.971867654313566,-6.212491022809068,-18.28790888826295,-11.990129088528644,-24.441996864474756,-20.77487071869303,-2.1907496378386506,5.271742312921912,-19.414132812060416,-19.44924887892132,-14.321564983894554,-4.73274715935312,-12.723756018253718,-8.627233064029271,-15.808169057093027,-2.8348519605976303,-0.6930689734077402,-12.210947072769445,-12.104247935207148,-11.831621813519691,4.022016337345832,-1.184954896001372,-2.600265428560173,-4.765214713311625,-9.64014844523697
1,113,2,-0.26867028525689696,11.130959279017477,-2.553329692440812,17.035746609065217,18.225868231230756,2.5526881158215566,-3.0205442250092953,-4.620456699236499,19.78062056350271,18.110089980929008,4.802038639965583,-5.48313363078164,16.796412979048213,14.251612656102399,31.246757855411712,-5.35176786070508,-0.41345716744842964,7.393711834549672,11.172067228204963,2.066417696969525,0.9718171383322364,2.5585881626551474,1.3606367789822202,4.258706454323922,-1.0438489052296671,-0.2572801265888265,-1.192726821175824,-2.0176729127855566,-2.55665851996008,-1.8430284033131925,-8.49057034221364,5.066487662948482,5.686965395537451,-6.21530354459111,-5.256516828752553,25.67696536713983,18.132682385172977,19.30699936590134,25.408618381655778,3.8023658453873015,0.9790827410250205,7.373695997498568,-4.503896694494094,-1.1697680229979863,14.158889522776008,15.133755617502448,15.204605518919765,11.386155345727035,-6.821839013568508,6.62255687402879,10.08352595701723,5.685180246977636,-2.688936057580043,-0.5625137118849795,2.303194476416469,2.859031281638437,4.473233396039776,2.6311071819921086,2.5711218320378455,-0.7723371565296533,2.117362380254923,-4.138962285689688
1,114,4,-40.0456542200068,-40.333626619562885,-41.69949751220096,-42.30227008280233,-43.49997078318422,-43.585568369706984,-31.984065868323906,-25.93807598476004,-41.18596018523704,-41.681956328633326,-30.479891593590757,-24.484470132284056,-39.17821567087639,-38.83937106626788,-37.51759413466221,-21.680980932035634,-36.83404831224825,-39.421847671633806,-32.65697412810675,-33.96905427044486,-22.21503137468882,-36.922492260249655,-32.88701608195537,-33.3593538213612,-27.418432508300015,-18.898463064577523,-26.962598687901018,-26.628018870972475,-25.999503914584835,-19.358383096799983,-15.429046356164637,-43.261153366507564,-41.59692316502333,-52.145116417038444,-58.15095842248053,-49.64336838882144,-30.996241532720436,-64.82998371778466,-27.9076748036257,-32.36072803270528,-43.55520414906302,-40.61732447710708,-36.78974689752227,-16.97511000261663,-23.93104539048382,-38.56311690698309,-39.5567303670616,-21.775238172968898,-18.98080906762583,-36.65088406386897,-35.43590748092024,-34.765879559080766,-18.21485940990515,-27.05476219497803,-36.495691119897636,-33.4480486973757,-35.28336308333771,-21.14460534062634,-31.35893748791478,-31.97148394289357,-34.844168341105295,-28.035928879750937
1,115,3,27.118761362462493,28.692178911143316,-12.813150237683528,2.5493063306912958,12.974759637219156,11.01259977998575,12.204998646294934,-2.6277784276980825,12.700242301676328,5.197853419384582,11.472674381464907,0.0033432547252899014,0.44672078866420833,-1.8775173677585848,7.215352575930695,7.077078467825567,1.9795754183908627,-4.755517796022682,-5.103113687908128,6.133628155280859,-6.313825518778739,-7.387642928069773,-10.830796033405225,-5.559743471943388,-9.136515298085964,-1.8623835199836236,-6.6069164282909245,-10.580612522516562,-10.460241331582568,-2.0742909520319315,-8.730999005231553,22.12173894347576,15.63392976635112,17.353407853192138,15.01541068473058,1.005717515888648,6.594281559131424,5.086715846413339,-2.101432524167181,1.5816621498954362,15.003224500500384,8.247893392767123,6.720654108902301,7.584754339044507,7.656665371912649,-0.22611509957038506,0.1629746204423838,9.13416600069485,0.2401296726212193,-1.1051367691536318,-8.915716659095953,1.91756381370445,7.027928374623939,-1.5953003953824305,-7.670197565943317,-8.163139951619796,-1.168262945533526,-5.432613546681803,-10.193553950245743,-13.939128081927567,-13.382307036121077,-8.126673103560037
1,116,6,-26.133098359106153,-7.514059050281235,-20.88128519540926,-8.526438846820733,-0.5354542241761135,-4.2874495293831485,6.565022093493761,-3.6847349019244136,11.021172730751882,4.149788020371756,2.4844628832325695,-1.5981998549456267,5.112579088578587,4.279204793410694,-1.645945999135333,5.646995993830812,0.9329622124162744,-3.4573027802767564,2.5122701597013872,-0.25747785647967897,-6.0104443700757,-8.358273362195709,-11.611194545630271,-9.675361005663202,-13.357597012890551,-4.620442197371345,-3.9369977440957595,-8.3847104771199,-7.8993567941574,0.24610693823182778,-7.158387251221005,4.251122524939115,0.11188041709545204,0.07110538161018948,9.263920486291369,13.71745134190451,17.973658611861662,-26.382056592225382,6.95870449823304,-15.18670243556362,-12.482666192167414,-1.1476292676496787,-19.024584807296534,-0.060593207752922804,17.312319107489984,5.619651845962993,1.9202848194939341,6.547104701308941,4.985410281806253,-4.781959596464817,4.000398681135621,-1.6518460445378618,-1.0397819016219643,0.7585444057860022,-8.968571546419358,-5.731194517507053,-6.242112290931912,0.31546601282841596,-5.639286752767502,-8.711436342584292,-6.23538232394835,-9.83046238551417
1,117,1,36.14604486575035,0.8484838645132947,-9.857280676866445,8.412382717005816,5.963412287440605,3.943389890601904,-20.79489166295248,4.208065610668599,11.794199598589676,14.435872128017524,-2.075921602077247,-2.7135883089745545,14.601524201539789,14.165392815248994,11.20598205092659,-2.8112321277489754,10.646059081503532,13.120945613694984,14.80039152240653,1.5747440669049575,6.826812932404072,8.867290260997123,8.994459031831205,4.481502268917678,-9.13648653739109,2.6354104997590184,-4.897791344218137,4.5103178301417275,1.5926856307494575,3.6784054211726986,13.648840133555046,-4.710270712560998,0.34672263902952755,4.91381763039929,10.855110592857608,12.334487838659248,11.510245950165677,8.598364418440658,1.238142843880668,9.784757018481123,37.02612796821064,5.666384794567595,-15.743127757183673,-10.017746678258222,11.183023235354595,11.180943904353722,11.132561048674514,0.6790302823604331,5.189434893576929,10.894877208169644,10.678420458988452,8.935969125104661,-4.942367886993804,6.022934575497011,8.924921467854853,12.38532146080057,1.3453581315215384,7.0141453871151445,1.1968565214334461,7.815027834529558,5.077525636726395,3.5052177667299813
1,118,1,7.872195902939247,6.363207013307921,10.273646968530443,11.349249544349025,9.937870594786434,15.750542776431985,-1.0898389626271676,8.537327309048212,14.943354967481849,13.13089831720856,5.430008490229165,7.059947345598894,14.249895211672644,7.057404989841615,9.581759913620068,7.641271020001848,14.032111698352708,14.625197011068833,11.6919245077943,6.227219636417168,11.606963527002716,15.565632107849352,12.836485534497513,8.387971760886838,8.270142830283636,6.810969864358984,9.627590845157274,12.199050299278111,9.3516986217327,2.3433423633573636,2.3377461447664416,10.745049231481264,8.424438562051101,-4.272827086924782,4.212040779294399,18.520039830902,9.979364429907198,-9.401002977906561,3.4884824618333723,12.016050128504729,30.550152669956027,6.71928407494887,1.789613679414842,-3.6836638770565906,12.06991821382104,9.333612193535197,9.301173679962213,5.553785566246229,3.944316151779053,14.911707613435455,13.23087225681762,10.421502207610295,-7.310294869242283,15.327900107041373,15.52095418877718,13.68213749992685,3.934416643094002,14.928356187622526,17.536432139212028,15.358370330252852,12.020720054827093,5.306786134009949
1,119,4,3.364738924655972,-6.668141610920429,-14.730974635790751,7.705617553009314,3.946911631095245,6.0430808170903,-4.649884933287779,-4.998812270044089,11.540315859110615,16.338268430312954,3.725924833254638,2.374005570096281,2.4612627247910632,9.216656750840384,11.49086192105727,3.7690251755227164,-4.678179455784762,-0.10214019418557874,13.810121346696674,-2.787192707194197,-8.34286454851489,-6.2301431355384596,-3.845355240872309,-3.642203824429931,-4.590594249482197,-7.353761856557754,-14.937319677890972,-10.318884427244656,-9.570143005712717,-7.06286606893352,-47.28610314247088,3.1421793387839347,8.885082384548719,-11.699508282742118,-18.026837028040568,24.343363934582694,4.661723767475385,2.5196126881282686,-7.463847604915264,1.8274024890667602,-31.770040608760816,6.811481245532177,-9.30241352126638,-3.186051549486496,7.6112155842867395,7.039820356748815,9.366229395609254,5.702441621526351,-9.342059698955321,-2.6059918026099096,5.092162513060542,7.358426954301934,-7.412000872717216,-9.447301797353004,-6.84327339649019,2.970308707981574,-10.127706909824798,-8.67573181776012,-12.370944927741844,-6.3813223234127925,-10.379805760225281,-8.928264699740017
2,0,1,0.07749348306437805,-6.8458346183689995,-0.21222337485268367,-11.407518050088203,5.220561270073918,-7.9353525765331,11.572064772688368,-3.1364193700790644,2.854568561757688,-0.34118116036534474,-1.306207311742871,1.382099850693854,8.437553991631768,-1.755385572465544,4.553867976771802,1.401324614436682,0.642855042137387,1.4577478840492848,1.505066341243504,15.35481937822499,7.309957071162039,4.827494541171758,-0.16377987786446013,6.3103193853323045,4.856970094587296,5.218795852326765,7.183278585129656,2.737883860154485,2.6299457521200513,1.3165170131932666,11.109214717221283,-1.7683032154781393,-4.017223566020955,5.535039111436985,-4.878406908854317,-4.490674078322541,8.833009667160757,5.230710915403393,1.995365459699094,-5.915546342264861,8.132290370149038,13.39495846692533,-1.0063155866114466,-0.3858074157430631,0.9490328551264394,5.611866862990144,0.5854164123671444,-2.334726513902907,0.23245093654614024,8.182655075053896,2.154662526598791,-0.7885982216017817,-7.307239559229194,3.3199381282774563,-2.9425403224531443,2.1947301433239947,0.8593927160155306,2.9549988105711407,5.034573622547639,2.8915352717314557,8.631715298562147,2.6948755573390457
2,1,2,2.531061859381182,-5.883226788707827,-3.3680403273461796,4.22595002615779,11.297325902700813,3.4910827421685444,-8.135521992859312,3.64791507521295,5.863045577970671,1.1448542347359587,0.0014998761925675286,4.97609004782649,17.11206282316828,3.787351140161843,24.637971933121886,3.1914522131314382,12.241319718679827,4.073828021586849,3.4771033696285096,17.30862990950756,12.205077755094576,8.291187220156509,9.611483531390752,4.8034876839132865,8.110006792402663,-2.943623103888526,7.669115956145816,7.801675971779159,6.396294103547782,-2.285638457073305,-8.828214998765871,11.458582130283483,-0.09580829521504701,-18.787435287632423,2.3386658563664757,0.9809605122065443,7.160502057937091,-10.326881459340596,-3.0496399940684324,23.812272249811837,10.855680860715308,10.192147441566128,15.91644375513182,-9.600305870294617,1.3203510571634627,-8.552919942573306,5.862068077776487,6.920677977438061,6.600150017752082,5.720116794339335,5.329506367927688,4.935630668604906,14.436850418279903,6.726609336358859,16.858137164066154,10.857918131437431,12.69881904266616,3.97584991713577,9.190858203190853,13.189484683456039,8.610859979392687,7.073625766141222
2,2,5,-5.159667854560768,-10.121125456388675,0.6663310233196214,-4.923976932970306,-11.606777319389325,-4.509136303175718,-1.47199268090232,-3.3822556745442682,-15.512755606188975,-4.409633089333956,4.58367210577765,-3.412346437323565,-8.362403004114354,-8.089867693871808,-22.809221818645636,1.8370121716771548,-4.01759434560003,1.7785834724611664,1.6007019469241899,-12.10910510758744,-6.612005916242369,3.102027006129304,5.008156780426094,7.864452839579166,-2.1498005823232234,-9.696969468419145,-6.218096567272416,0.9005093915933158,4.2801360525758705,0.47045488032035376,-5.853856532698181,-7.2126615298003305,-5.296070345825084,-2.300999804053502,-3.7643933559018303,-0.7335526910922819,-10.112749561133631,0.7045194760373811,-5.946719829066902,-13.299499877433222,-5.647396832392212,-27.47873396356022,-21.694799613298425,-4.344947761492575,-6.213786494009557,0.3097800728069938,-4.101824724569734,10.666908308897707,-6.928194381035411,-5.631386710978231,-4.831636163766678,-0.3846360533611809,-0.9580406964097813,-2.797711323640059,3.4906024427902764,-0.8919270974470346,-15.891505732950636,-8.189792225523515,-1.0198737134356275,0.6214645643514103,1.1173462167314092,2.170580014751133
2,3,6,-24.44058338643573,7.312329091270815,-43.76701393578107,6.694353035418317,2.4547859269830337,1.805944016521296,-14.052635639360759,-7.1984124975761645,13.376458307466937,-8.016220841766907,-13.881137042965108,-6.4085839999976,5.870022659087784,-2.1189598639484326,49.21984096743715,-1.2425036187987863,-15.33524478107928,-26.45277203401415,-5.257039268694184,-7.373391103610629,-11.614361144397872,-8.722657241381517,-6.151030750990637,-3.5113735095620497,-5.623310023441729,-18.97507896701374,-5.461072147403639,-12.711028874283892,-8.56302325851738,-3.4120725264216247,-65.62843318828726,-4.844111406914436,0.9599366468411485,-85.80059332091635,-0.3026892769990897,-1.9199744116901067,5.38213770216467,1.4128140338878266,-19.020766930518345,-23.426865102223502,14.38153519227579,8.559045971902911,-8.509043656176003,-66.69699900324757,-6.678772618664743,-3.7944334952157854,-9.621026430120017,-10.62189854184029,-4.416479525860493,-6.395447212294103,-7.802084629778846,-9.034552506875341,-6.127424127444985,-13.554668434140297,-7.497082382826727,-10.03667596615063,-10.344968868135593,-15.23695065622877,-11.597293468814042,-10.420616865158081,-9.266114468686283,-8.998693887144327
2,4,4,3.41697247955585,12.106130599566711,8.375881053778492,5.189282415738541,8.113246701930358,7.238117708574713,9.565938724476416,5.480271653766266,13.157460051929435,7.367838133705733,6.3206923186165715,2.38250426795879,-0.8473766544356762,6.2543764679533655,-1.3033339060593123,7.292388001411431,11.024158507585526,10.170879179520947,4.160957073020499,2.041314683309416,12.903740892323055,5.57246924682361,5.8181075124388055,-4.191764051230944,0.9931703735336023,-2.740420285623704,4.788846772527549,0.8651817018370613,2.1474663939713157,-4.494904166399839,15.396332021875079,6.450661337275699,8.336437060225116,-6.702488750643122,5.7120695858966695,7.023450676045131,-1.2722741224257854,8.362445209811371,10.026185075695649,8.66193240437098,14.914893251520072,-9.295640590759668,9.545744852231048,23.247323562095822,10.098327807809524,5.302807237089773,5.654896362298503,6.24274378933194,7.8441282583445995,14.565091942141693,6.939157190028483,5.803593027700741,3.9415880289928227,9.049147043104577,4.826639230567508,3.465074648972736,0.0946496674995419,4.226510345231651,5.644569844643515,0.36193964866603273,-0.8935828154406888,2.6094906708600405
2,5,4,7.225398043329583,7.451166875796708,-0.39773079959630275,3.8303173745630255,5.09569454023887,8.219217301806342,-1.2556404644714263,-4.441998881174299,0.4110993456163615,-8.24029593167418,-1.947621398968849,-5.633847193201864,0.08016048280930986,5.248684419602971,-11.228604276829234,8.633126742240588,-3.18655234384464,-1.639176949881378,-5.588934346897214,16.400713769991583,-4.741098493201341,-1.2507488985727662,7.781499051823982,6.515367652221421,-1.818570968615481,-8.273137806483161,-5.996903329712864,-5.81073016616539,-8.876355077560271,-9.25865712293946,14.060830227695641,4.578713175159219,1.055163483998579,-13.459298359275582,-0.8960728875770265,-1.4291823342805965,1.172143107700365,0.2276816269859845,5.600074175972399,6.917534936088838,14.343270853048239,-9.256019616158822,17.111241324276595,-1.788813111031565,-4.714664891242934,13.103927209973335,3.1633501872988177,4.6780900475001195,-5.684793288297043,12.14629514937902,-3.1509928135882785,-7.281871941502824,-0.10143713269201088,-9.387265222453765,-7.798368642515527,-3.494722928397539,-3.1798027419746395,-7.086050508364964,-7.125081624636975,-1.8218994012965666,-4.388057260955802,-10.396471087184805
2,6,1,3.302579757530336,-4.002110788888275,1.1207925785878095,2.9364395822744753,10.37398939953958,-5.68614144314921,-13.783289587335291,7.290803840247598,20.415927596721755,11.071140004532046,4.818318184987619,-5.003918242163774,17.83565971870883,19.338480507818655,27.06630315354504,-5.247037064607779,8.941828284230896,13.017425904288983,10.241125923785855,5.184761680265118,6.451107866448781,8.082806410813111,8.363001308608347,6.0143838470415565,3.36263055245324,-4.531415786663718,-2.341990097173171,4.203152287910442,0.47012206262386397,2.504902113944565,10.361998504618322,3.760660492315341,-1.2031607733721408,-17.305916620282133,6.5483570540857645,9.37296981646157,7.504261650122342,-2.7954025579128063,2.7746104107851646,2.7227079264206306,2.441286993826309,13.181665056180673,-3.7824764816862766,-2.1724928273796684,7.197751009797039,8.861495097940107,15.069117586298775,-2.4797239603770027,8.57008875513495,-1.6936874008033331,9.016503163056857,6.546031352234772,-4.076600299248041,7.497512100559731,14.877699062121732,10.376500428222661,-2.9929807648891824,0.7893734562527328,6.389481368537131,4.016709602920613,4.24494309480325,2.5341290641439747
2,7,1,16.766154456872304,5.170036534301755,8.622623218575539,18.927920484745005,22.51247315540365,17.153727172442316,6.898133147053608,7.4859637471381575,26.65464784116372,14.032825068900035,9.20819549911042,-1.5134337799532747,22.1696363965549,14.235202189216896,32.44732860030559,4.728922410635278,5.105835754742345,13.733489473448298,8.390349286426671,7.20899185176552,5.442904770365778,7.985337965155623,4.5887702161264485,12.36389031380601,0.07957058683855595,-2.113802862296835,-4.544438774657731,1.5872870163265138,1.391899659650448,-3.479795562126105,1.5977821356912212,16.91978474386127,7.25919218856569,2.246097446794098,7.090739767112561,12.38011121870268,17.66751488909216,-0.7650716203469321,2.2803171782004763,2.9280426523920795,4.57827497855192,21.847031244281208,-1.4132858568847908,-0.650232388927578,4.118180396924046,16.744389220572472,15.343582605806784,9.00000845398981,4.169012717016769,2.3951101842813363,9.639825671013991,8.743415798253672,5.9925848319956225,3.4578868862604963,14.669714183217241,7.891387734221436,7.207091677161624,2.1024399015359694,3.9376909193375584,2.3036498429889742,7.694374103894145,0.14531340668682266
2,8,3,-9.898213154613606,10.73597951134292,-8.917164196884947,-10.773068297276744,-0.1378055235552722,-0.9073347169905901,-5.859986776730229,-8.420827552767063,-12.403110995979565,-4.558207569337199,-10.420570538992559,10.568331936533314,-20.829799197795907,10.063467756930246,-10.862645404322485,-4.898663983157859,-1.5348579615933753,1.4448006697476097,-2.0288899187225757,-9.745808932419147,2.4401745228778293,-6.080590135344059,2.0037708093934685,-2.658224796001777,1.2793270755706847,-6.85576091799885,0.16748762800835237,-1.2349366754202578,0.21416982749431587,5.594622321778956,-8.803757334761917,-10.58237028428603,-2.061660245310789,3.010457181008306,-4.943058515685929,-5.441320568436709,-2.49411205142146,-4.883787221076514,-7.358505816937133,-17.65052728714966,5.907916188785214,-0.2792933964079647,-3.7219621661777897,-4.7950360160502035,-8.127344136012766,-5.258812989113947,-1.6613425170639295,-7.393728198324579,-8.941908373690502,7.925371536769245,-4.555401557551061,-2.8259862302461736,-8.061538049468501,0.24091108216018214,-9.343334145332898,-0.5785826134109284,-1.718604236634636,-1.934893304300379,-0.38105911522161073,-2.4734251634899223,-8.092180643344252,-0.309750582122744
2,9,5,14.660188152659227,2.4678511559145475,7.636337226209521,23.12163947922428,18.967701693565196,6.715933089394393,-4.71342622570512,11.151949234079664,23.888737610598085,7.532224658115697,11.993296739077428,-5.372320912596653,20.64178494482143,16.225132597383205,26.337587264616324,3.0632654517979883,12.793696261033782,16.527775522724657,14.52188550249855,16.11066834917064,4.086008363562386,7.001748486172135,7.2738667917324245,11.296596998734989,13.637445252297864,9.082983261928323,15.936030812436574,9.601578295685165,3.6695246516681506,-1.0879843678870598,-7.947958521999231,21.65016091814856,1.8544422003281533,-27.904111790947805,10.676168837720848,12.703175574223085,11.591243263788336,-5.794656812713099,4.178922171105357,4.271962406602119,33.13317069901927,28.3708673347719,5.214793386619267,-10.376386693440283,12.060720700827403,20.585551346243342,15.852626246099197,8.418982195122759,9.114527488575977,20.679198057913208,13.533543398444799,9.15477203096195,6.203417731877753,7.317077348235901,30.481881153474514,12.632048159928578,13.357751669225893,9.627030277474237,10.629435978375563,14.079587345062636,19.066168412657035,4.2917518174764115
2,10,3,6.105372287185362,-4.476905314774229,8.117367271220358,-9.259849385540118,2.6036932995463364,-1.8295168996186606,0.013339008656813839,5.399774181559996,10.890245988187031,0.699893424481584,-0.9605517701768282,6.003429529722781,25.009555447031744,0.21377392349446664,26.88347109166407,3.657251533528679,0.6513067439323437,14.548630973437753,6.485314871724008,20.640845367088676,7.2828788185299045,1.5335307869742185,9.7057581845069,-2.1761499014512697,10.585711316722328,2.435721250205505,-0.11649511395612822,-1.039140710925182,1.7182503327409298,2.5368001968486285,-2.6425517476163805,-9.838208683828894,-3.248667504320421,-7.569052396645976,1.1260506247919864,1.8019836281948731,7.863985121718655,5.575679654573521,6.025026474784057,15.610746183444004,3.325638648111191,13.004651438018938,3.275033810800622,1.172749826277851,4.45070758332475,9.431807249398318,7.555338360051194,1.0684856194236128,4.253146210208356,8.66809629948764,6.812327027888745,6.13853442061852,6.071877211930721,3.2196301693641938,4.701473379939246,3.637289393931721,13.510290714684968,-5.5372089213697375,-0.4549419053762057,4.960155710617716,-1.825400585058802,2.3472776310518384
2,11,3,1.4946091869965257,-2.973857071863988,6.609659215049228,1.3705176269953576,-11.247626857866141,-1.126943877387064,1.6102742648945423,-0.19324710492680908,-1.9440570536364858,-0.39953400071982936,-4.050318314568931,-0.04614302384235458,12.84820666352128,-8.609107303773841,-14.350665053375435,8.183261824351524,6.981352383225431,1.9038125232952385,-1.4060855287286231,12.04454620634546,9.386793233278183,1.547594428130584,0.5578704955874062,9.21570347340369,3.2788973164165456,-5.498927674278976,-9.86724196250618,0.05128310632142413,3.74305348127808,7.462095921030036,0.5653362750876465,-6.233061888732201,-2.7433610264092625,-6.876060101680642,-2.778402270817355,-6.362676860872518,7.002039273860074,-4.8429022095188845,1.4409077055652897,10.237346631293066,-3.8381834258438974,10.789946448557622,3.1713215892725626,-1.344054528120224,4.450353673148173,0.7668917953525101,-0.14849027957222205,3.693750551106727,-0.845649220242463,-29.00407420507656,-3.0842556056634702,0.7750611984420828,6.307104718530689,0.6184269154853221,3.2728851387595252,0.8877771180123093,-1.9309877095482784,-8.566153658262573,0.2922067983166841,-2.2905426354306515,7.411512145602216,4.6983682295966265
2,12,1,-2.3675600462025264,-2.852550442807557,-6.261618975606723,-1.0222457463330614,-7.625677854345157,-0.175547399126537,0.3840504737166982,-2.067116445339308,-10.44392858586479,-12.827958050263458,-6.3243914979521385,-0.19973124318369884,0.09475915466730506,-17.44102145942701,-9.264155364072906,0.6319133608812112,-4.998529566826705,-13.622193410447457,-9.53716258844929,-1.0118390984560652,10.34402939158196,-5.996090150869834,-4.498771793686034,-10.441341515289757,3.971076267612417,0.9460372403718348,0.5342385794331381,-2.033899429015725,-1.5847043302222503,1.5835541754921256,-9.095601803100692,-6.732086513509473,-3.6076494561417434,-12.966880009526662,-3.7327353805104804,-6.7033397823163305,-2.288638283612161,-6.312299575747515,3.38152677513142,-2.313508797618675,-8.575355229581275,-2.8471744251323923,0.04054790335457542,5.802518656159321,-2.86863225821133,-14.426540695766848,-14.659383480238334,-5.058188544995176,5.79205310200455,-4.339592811242654,-9.796641198989214,-9.170445229312994,-4.238235719093098,-3.151174007210788,-5.814458918303433,-8.652933076909951,15.19433413032533,-1.5669499100072373,-5.650114407999268,-6.467716314625449,-6.94789101300398,-0.8117161075607304
2,13,5,5.678153229706991,-0.06661497160974084,-7.299154442814516,4.268869879735043,16.23630601332364,-3.204374153450944,-8.140712612762862,-0.2294890710164036,5.064508424367663,3.5065831274316617,7.24444594559339,10.371794231715848,20.732124434011737,10.06784105398578,5.781010235620026,-5.370909570193873,-4.682400163285794,15.463010199197639,2.803142179120274,4.263725551390431,16.610190193055242,3.376357177141827,3.592915892691874,7.192147383875238,5.68374001540289,3.9302588049435943,5.887680166088635,2.4247289697594248,-0.2817749831280318,-3.1947680301282837,-5.635077414148277,3.43786154807795,-2.3554807532033526,25.314330472633618,4.936115200267878,1.604131464960009,3.908219511359477,-3.4163784047123045,-7.748888727700588,-2.5150305726451867,6.772811406632749,9.861735261306624,-3.134982676671184,-0.9788454951173282,-7.053162191636718,16.556197901835617,7.276099752362181,-2.8587817704282363,-0.2581894265533222,20.653442796694534,3.492540555597259,4.723537906470549,-2.8863446029959374,3.017063495430461,12.266552653583911,5.65449614621409,3.5508217557571946,2.2751560234237562,1.0356437197273103,8.450834002141367,8.085304740021321,0.7570708203072689
2,14,1,-10.466208041449667,-7.533484449647031,-8.55918082471925,-13.142730714344395,-21.00501804589862,-10.342124905709813,-1.942548761446322,-16.76179387031987,-20.72523999741164,-20.55677930306551,-0.4914914084053246,-8.661468975700254,-11.630358776304776,-26.144875321809852,-25.161483815893906,2.64698822696398,-17.865556611157036,-19.502369967789,-15.220283195421818,-1.3924558768219257,-11.879186360210902,-8.9120282407214,-10.685715927946852,-7.869963628580656,1.0950541141068155,-8.77853704384733,-1.6565521526854592,-5.817433400034182,-1.163733533878879,8.743934061304417,-7.642918273710029,-16.75884029281605,-13.51314736139483,-4.900846495838239,-13.816325331356653,-18.813279235235804,-15.463473658827015,-11.055332020106842,-11.608416341495042,-10.941925125650874,-5.194270866346639,-22.954290894473473,-6.264551354072439,8.888059356272583,-14.014152229740848,-23.13386621635133,-21.794673714877614,-4.29407327638076,-7.610889454326801,-9.59844783666294,-18.448706449622783,-11.03756070941142,8.208570540859936,-13.377574892760043,-14.545171809905185,-12.943003787318387,-3.5838701969535083,-12.58475919709848,-12.333820638314984,-7.9585546298724825,-7.760175928041886,-0.9466102422192332
2,15,3,-0.0775271949426426,-4.177262162826613,-7.324964560988568,-5.203089131767117,8.699695353691537,-0.05973056447124492,-4.917185225796593,-1.333538378929583,6.446641851375569,2.0624649996028808,2.5503077544044794,-13.26038459254566,15.241454612509134,-10.698709462814755,13.104040858381214,-3.139187477690896,2.8670228517091854,6.66400534459731,4.8788029622831734,6.985889974589712,2.0422247257878685,7.620824189141123,3.61707439393986,1.0206278746538775,0.4391465577773924,4.844570568876295,6.20716753823501,5.348141312871765,4.353230839765561,-4.387715975504094,-8.41177339547473,-10.574251401328999,-3.883677623331227,-12.564586319619929,0.06174871064268311,-0.3463633147681623,3.5770448086465314,-9.382736011533208,3.3076103306489,-9.940374706426024,0.8371216821052692,-1.2702686798974605,-14.086488752932548,-7.495906886258499,1.2377679832279684,8.365605128031772,-0.7941174888529057,-5.934286631684946,-2.4864650761095284,5.544598897964487,3.576686710005674,3.7130933455078003,-0.313411927100544,7.474895592824348,6.03237426240088,7.140544089965706,-1.089130371161623,8.546608571962615,4.869163125026517,6.4891194182465135,3.5644388701425997,5.457486689283808
2,16,2,-0.06591135890381944,0.6915891646952702,8.140493636521395,1.790544725830664,19.38164908529781,11.461265866144947,5.97213388350224,2.4127086935871516,16.186249003881912,7.960395835357062,-5.86521962300375,5.204513163896415,8.275682717334572,-1.7968561209783647,19.297153132291882,-2.320831347052462,-2.906256176355271,5.3460474373636435,0.7297228994756568,-1.3674167556682515,4.616307626654417,-4.204862874523713,5.1673190255490375,8.413686162968188,-0.0761578704525788,3.3716215372380853,1.9654643392565139,1.6611613965843142,-1.3964752223148869,0.41213574819266796,11.653881009940692,15.000185366538235,4.207020051811435,0.41555265755188237,3.911337349450263,7.646036008849922,11.910524178875564,3.207711027503559,17.220333793404976,4.915601063837728,0.9958373179613813,5.881111767597316,-0.3958642981185514,9.671033009103065,-2.9450345118814028,2.0680137705057864,0.7400157025822842,-3.910191329298314,-0.10961071494398977,1.8538187082413944,2.8709832235671033,0.24575622851119802,-0.483423144556582,-3.5980518218669344,8.049816976982829,1.0484560793947149,-5.834686495920237,1.2325099253708995,3.3492789010449138,1.6897648650266959,-3.0081062022949396,-1.5398463573556664
2,17,1,7.160868623680097,2.6586798551924007,-0.17735063554378333,-1.4183037757146653,-6.342449305715358,1.4620832872439284,3.3426094008382536,-2.3034013711801933,-1.376892252757053,-4.619791982650031,-1.4504675129815374,-15.021613639438666,-1.3566098949043575,-16.410724256551127,-0.189160289538162,-1.889365444811652,-3.914202275893243,-10.06827075076971,-8.488887684084705,-4.430661152582616,-2.5691703016324556,-6.952003059499873,-6.070078165883699,-1.5164757264073845,-3.0966003606913675,2.3931551960796646,-9.111135936356382,1.0277482405668366,-2.0525765762687076,1.6722759212276372,-8.329603290798643,1.2416778817409413,0.7477975261692948,7.515013765220005,-3.905459899504999,-4.507758639162268,3.4089505067592056,8.59486665960583,-24.213727429327452,9.30245340134517,-8.561830963627097,-10.009395463363742,-1.0451865995461807,6.016717992813851,-8.580862039518426,-13.090546080552997,-8.262840745107429,1.4345289036608895,-6.223973980957141,0.8447139524832024,-10.634896265127038,-4.21525685988912,0.13907369966732225,-7.609174539766658,-7.639589930293941,-4.84715339174869,-4.891459515908873,-7.543343323123894,-7.836380159800371,-6.748880340899457,-10.16883154172541,-1.2000513682823375
2,18,1,11.348693350849603,5.002431015035409,8.941545975502438,15.076966853812337,3.0964445335870026,12.434457128072477,6.258467445903877,11.539677815977484,6.212657383256929,8.586726736504492,0.9987444391178848,3.6224547037372066,0.7214481523714791,-1.7950318155514955,-2.1685787668315353,-2.4128393354632607,3.677411758897419,-0.8624978539215895,-4.293428685005034,-10.09986140778879,-4.217637364207423,-5.8412379400304895,-3.1584249617781794,-11.859177814325223,-10.064807496419766,-9.032344872699817,-5.902548552154306,-0.6033098722649055,-7.547489162889404,-5.223358874538597,10.751403973585491,11.627224119162186,11.519576623626962,3.5052138415517335,10.377385213425972,14.135058498702849,4.588761693798006,8.81373419217402,11.163982214269838,7.198538865380152,10.29965580525104,0.6503334597616309,8.965700352087433,-3.65013543723674,5.619509643591127,-4.408963158544966,2.5361556680191604,-3.160624221239875,2.4189695533998194,5.0024731881553075,-3.361092783510685,-7.065683892314752,-6.062010015020286,-4.532418476111006,-7.883349012810643,-8.572094209696644,-9.67784996884137,-7.3861823527972215,-8.70306595757663,-7.417541266451649,-9.696316370605304,-7.660428349019553
2,19,2,1.9766588755428964,-11.429098089543608,-1.627872809625753,7.260472995678754,6.642513817937184,1.3657862206001012,4.612545259569477,-0.2681578642166246,9.855116332722154,10.24736159385704,8.480284301632247,0.3155522095948088,3.871214938418166,8.883483761694375,-0.1579698669928602,0.7274394288727243,8.179200262535458,4.59819511255454,9.90864516158656,7.5745168410925885,0.4059507798221773,6.952951102858271,3.348124449981784,3.3421080075204372,2.93345663453475,2.6623284872166986,-0.7043762739617144,0.35621807461593136,6.067335482527749,5.4571622681474645,-0.7281850296549672,1.7874522322583692,2.0335792714144976,-0.15363456602435527,-0.4373602226955774,5.2349999442401245,5.205128213027262,3.320852402370516,15.968978203211282,5.755524585364249,2.2044415709267318,-1.0077102198946961,-4.146484773860192,0.1314351616360578,6.216217396826274,-0.43850612052625504,8.114367441410513,4.855760869740438,13.727847971294706,0.3490767044628541,10.857939140175516,9.653522858805047,11.26855814418324,9.149707773353951,3.6311717852325414,6.730995277385799,-4.603204655398543,3.8276083134739443,3.1518143913367886,0.7438834707661561,0.10625281522232205,5.637116656048082
2,20,1,0.46453113822272374,-3.565079315792678,5.228435697806311,8.58078612300863,6.371115937590504,5.626592092034289,-1.8351583734166046,11.815790218959865,16.472439345222245,8.846416002514257,6.2097080662256,5.538464413240286,12.42598455185753,8.744271087392066,-12.395160676457177,7.324690608455369,17.645041756320555,8.331503413379098,12.488735963567718,10.834564275494435,18.739274192479346,16.635031170325306,10.18881898178299,14.118681820035656,10.555628991617656,19.5364042979824,12.31827393970338,14.086556059989798,12.776649530352346,7.522753427191302,2.2926703234225845,5.198930685249402,-0.5794294561918185,-3.895647342793823,8.225376949952231,8.572620905390597,1.0418666603111841,7.755667848533113,-3.058167556641487,2.5667014199695193,12.030132922321185,1.712402512660116,2.044491417603794,-0.916195166195038,15.214675457239526,7.47900349152752,8.718140879088008,5.14113395315845,14.226649383968887,12.609338957816362,12.450766615615015,10.976418633877136,9.167976270384365,21.98960609818106,17.440650688893186,12.387652789810437,9.426932478976648,18.640150146218158,14.884149421756037,10.617234604125464,19.527476388007027,13.441050936195367
2,21,1,0.5399390746634929,6.831374925106947,-6.234241555478972,1.0326017784408998,5.201285882966546,12.49749113980499,9.659783733406716,-4.450050270480174,9.657613958442221,10.313698306850087,14.355640844129612,10.544695845055513,2.205747645620894,2.3762391760332022,6.909146428017353,15.379820541047097,2.197413962882397,-0.6291241325670835,10.455059852581705,12.02657274891646,0.21001144657593007,6.065696455725676,8.400835872843587,8.546360021468436,4.160156565763784,8.667586587937313,17.304134381969064,8.651942836972548,4.575279438186711,5.080434325560019,-9.336862639501328,1.1896195337517073,6.414423479721309,1.2760239032895042,-1.9469178285358864,4.538729957123168,5.808501372761208,5.212223335805281,6.588706957951479,-10.661013957805837,10.30218377832051,13.018626634644837,10.889142095770051,10.675330464069434,-2.342491425482965,0.2834307147848705,9.44775833739195,9.841187515636769,-0.4373348660926085,9.558064324003306,5.927802481455728,12.045072923317871,12.449119278888515,4.303586659385119,9.057472325384431,8.48567722348224,10.406009712279204,11.923513501132957,11.981019518701595,8.5285043614042,8.625458727851964,4.670813889583439
2,22,3,4.553775171760651,-0.46970072574913546,-10.556235700550419,-9.070187779143453,-5.282137280545856,-7.827802084613499,-12.416096114076487,-5.536357856196604,-22.846791065411598,-10.124112507884911,-11.14151742570556,-9.66978586183452,-23.904693032853398,-12.625526175084643,2.5260776368355953,-11.084377911305289,-12.06928194365918,0.26560473487508174,-14.678490311793263,-8.130377658392964,-13.231486079714653,-16.36585803313761,-18.47327781359597,-7.612924452325923,-15.84711125048399,-7.284623033389808,-20.15619194979506,-15.75742044899522,-11.71421837095716,-4.493147203755542,-1.172446526467754,-1.4433092408609096,-4.5338341640081365,-3.84322666429074,-4.87897987733027,-8.493252594319243,-3.384720358179836,-3.7527943668523567,-14.78154958748235,-9.07321713210606,-21.09968434262839,-0.3540102968037848,-8.359778198671936,-28.467366655073224,-5.263906802175707,-10.507274107888293,-4.682109470297467,-6.112800117877382,-6.6120775949987936,-13.800142414566896,-10.219360568038212,-12.246990706885187,-8.083290810657026,-11.381455225109052,-20.18135742089008,-17.349687641690952,-15.574571594399984,-8.607994860628759,-16.272640711298532,-13.276685451611685,-13.685100914274413,-11.151557437893816
2,23,4,-9.931514421909503,-1.5422900778741204,-24.092206002173306,-16.55857830964846,-14.388672369623139,-0.20736549522091685,5.445487442914757,-12.177258074011021,-5.850439620840294,-5.59873433383863,-5.105966356128638,-16.747367834070374,-11.442285421014788,-3.1490168969442203,-3.54658329293768,-6.755099049428621,-1.6127095513738587,-8.395923320743503,-5.562058379010458,0.7546777385741292,-8.151650078231238,0.6200194622463775,-4.9016932947561145,-1.8410568859530376,-9.081070497590854,-0.052466973503370706,-2.634597135083069,-0.7528954968353294,-4.161273080855608,-2.5678641692303668,-8.336095798760653,-8.787123665349874,-5.510733165755507,-1.3016696998781383,-15.295282501060074,-14.225596040828012,-9.48060445443773,3.8401046618819237,-3.7507173297472476,-7.535152818615797,-20.946690349067314,-2.9092349165641704,8.338931306106284,-9.430606418743542,-13.722990256143596,-16.20154297486993,-3.496677907013405,9.779438718517381,-15.829188234150044,-10.820466938405863,-4.273104169337852,-6.232817488949652,-0.5579505120744774,-6.811707685315389,-3.2086294714997465,-5.506313554670023,-3.313504542996426,-3.4964039624191647,-2.2115576481276245,-1.5757975987976471,-1.793645658359931,-4.488002939149737
2,24,2,-8.36876922204704,-0.004432275028127437,-11.97543281286659,-18.982540496568213,-4.822746222975049,-9.000476113134406,-12.469999896362424,-14.77180436505687,-13.745454996744755,-11.686883027756169,-12.389523396541064,-9.58984868978036,0.5528357083601847,19.660634716906692,-1.6681468941316724,-9.45966907727486,-9.69176195608452,-15.180834905380706,-13.412561327923184,-4.232720625166576,-4.689149764411877,-7.369232658685824,-8.27299884184287,-12.805387837657562,-6.720875184983015,-7.836485467652405,-2.474166690485505,-3.3214042792153533,-4.855921150696258,-3.1438936126374406,-15.893709254553306,-18.073162329104935,-9.807835737470443,-7.337161754984862,-11.35291914941697,-14.5058499767286,-5.783352716848614,-11.895546243037657,-12.99852538885685,-15.650333501307713,-15.754138491184616,5.560314112615478,-12.07003608549286,-6.116558380459052,-9.111506713531549,-4.22886125092315,-11.144845767977372,-10.194093913907507,-9.232606811897558,-14.534107960806017,-8.155357718649437,-11.836434913685592,-1.1795583511362002,-4.570286808172012,-5.384442317975325,-10.237346688376325,-13.187567709956506,-8.474065540063124,-2.18525034237139,-7.952955378719221,-10.997168797386317,-3.552561784719642
2,25,6,-6.613130863443611,-1.497988190660934,-0.3859296264354049,5.45855263997687,-14.15407690012874,-8.676375273717333,-10.947646749966848,-4.140426103320974,-18.431465925012777,-2.290593200067921,-7.890224973620034,2.2059372337648595,-19.942599393961174,-4.993663301009957,-18.21719069326888,-7.614243245070299,-8.017813473468552,-10.867271386450394,-7.158681937391172,-10.741726322173394,1.342718958137727,-1.0871712154390796,2.1258189624129997,-0.307559740292362,-2.5611230876387623,-13.273070439396752,-10.383481673896313,-2.6423452066104285,-5.17023034221152,-3.844351588379271,-8.30001398504189,9.83901764227577,-3.4480617324847906,-26.79707951880084,-1.8025565301295274,-1.3634479331965679,-27.622336678388624,-0.8255564825291304,-4.986125909791487,-1.7582715784494813,-4.351128535879004,-18.421274185771264,-4.644658244691973,-10.830460600009776,-2.5173815524126764,1.2517179501379228,-2.9848240331814813,-8.706297449881164,-2.568521473556757,-9.695140909213313,-3.0753405523236563,-6.952167493938588,-5.383224736649273,-4.392396836530233,-4.736105885472369,-5.4385230185424325,-10.847170245112483,-7.335830306906892,1.588820680720368,-1.4539348802233998,-4.263000903719265,-4.62637719774914
2,26,4,-0.9130731125294071,5.201130023353914,0.5885214895895887,-1.2220991279464217,-1.4286767250883798,0.7195143372036241,-2.790443554688128,3.3587333504593273,0.19405181036989505,1.3375325057337553,12.811770926598781,-7.596547661281028,0.8936375858739198,8.02784929952653,10.169670023001366,0.27028972388063377,12.657032490957802,14.004807264203349,15.77540252303204,3.3870461328727415,-2.5079229637276277,7.1879005555245215,8.537449061870575,3.3781393936312734,5.598894416752111,-9.639505532056255,-0.5064230159651955,-1.4994206870792492,3.558700510777712,1.9208591437739586,-3.777572326998156,-8.156095027188178,-1.216904247154075,1.917071472103821,0.9840446168190522,4.488411544169096,-3.175450504588168,3.0823512705292835,-8.158155342688923,-5.121247656071254,4.817361770504403,4.848404648827342,1.5385781637745737,-1.6550648934435017,2.663082670681632,0.7261627210451783,12.057910499080625,9.222621525007462,-3.7403275668621063,6.144357014402022,15.833384582000523,7.88229991136709,2.0633033209639353,2.9047646457726897,16.610274406967733,8.844874024936338,6.073545769728696,1.3991758862124175,10.817985314694115,4.574280926517617,2.3217919076134166,4.712394087484513
2,27,4,1.7428386106223952,5.770308680060077,-3.871096994814806,-10.94860311255828,2.684848087771636,-0.9524118386708751,1.7847768237797283,-7.093002321630167,-4.006370360145298,-5.357768582185824,0.49822832462477196,-4.210613957401819,6.5917698912004505,10.00452494607648,4.440001870448724,-5.822864239802584,-17.610628242096187,1.5943990051519217,-9.585989357829774,-12.553825821290257,-12.176078349948165,-11.576787774746377,-15.511424173623695,-11.5802805735389,-10.819497873325178,-0.7133630078921962,-11.609983580005238,-14.554449218711468,-8.621498308167228,-5.431154084743979,-7.42087393035976,-13.524282835549952,-1.9780828963351864,0.23714865798630314,-3.1626297291254684,-4.2887013680784305,-4.481291208119505,2.3673535410950834,-1.247011799728725,2.524952735098807,-2.9106800856931887,-3.311777138685034,-14.88862390209148,-4.89665007566261,-7.054898036734726,-0.1542622964465761,3.3862497920125003,-1.4282386099419935,-5.62108964722876,-6.946370121023453,-7.605344923379226,-5.99691588943256,-0.4365765617609514,-7.275177073681995,-12.415670532165331,-14.222082317352482,-17.639631987776514,-9.702808893955783,-8.788214825389046,-13.07380272661585,-11.691475386436027,-7.3539008684172416
2,28,6,-3.184639490618394,6.037341657463778,-8.174860663076002,-7.256697944888964,-7.135947531793361,12.270336065350515,7.607780111760542,-3.672292662591375,10.878739836293546,-1.5854543421826357,-3.240287517918635,2.8349771877387306,20.76709419125463,3.4328267781586383,11.773220041539615,0.19114469178020954,-1.6515300390140202,3.700668714804256,5.661637437779728,12.432346379338975,1.1640158493253523,7.942064253641747,5.240506584097336,5.683242765896977,4.006323949581513,12.28426074627333,2.9349060431917806,8.279558730788713,5.349830797271486,4.153137389138888,0.3002666800691771,-0.6056524125189053,-1.391975527793941,-2.561346416514958,-2.501877001219813,-9.593872299520063,-4.740243233967479,-0.08344674571246925,-0.012504790037893378,-6.95377271378124,5.884583443797918,5.546760243034307,-8.599981544539332,-8.434162351978582,-0.5043122393942262,15.408069894075537,1.0093533132543289,4.551002966035612,-1.7204454308006594,9.803782601272921,2.271296668366144,9.540410918206339,-4.348410981298401,6.575182463360449,3.7794133911772456,8.018571817338826,-4.232480426250798,5.886222443952249,-1.6494697081152254,6.332720931233243,11.331844718771892,5.689929201880971
2,29,3,0.5136865426377374,-2.1739252751108205,-11.292417456827518,-8.84115376423976,-10.48420685546177,2.150179683696478,-11.520318153791317,-2.825265776945231,-4.815579573601124,-4.377246184183692,-2.1268216849236574,-2.1827772189749473,1.4055083773734915,10.050575335896232,7.015753170793375,-6.644645667226031,1.0257848101815705,8.043231685589092,1.9689065648481332,-8.447425555267442,-3.778886726949498,0.22980506372887832,5.467433940301219,-1.9326982216500677,-1.3388428206487388,7.267833445857208,6.7641196453989245,1.6471060802478625,-3.353698458709962,-2.2344691292382777,-1.906357323955291,-11.556960346421414,-6.1380751263407065,7.863226722835038,-2.015441429528704,-0.7079195445119524,-3.365777826379624,-0.7952887989501126,1.0746621943714956,28.676476347055758,-14.04514029921917,11.602311395846943,-6.512127689704892,-3.787026720071812,-0.2862957294053601,3.001390291477281,2.406966125320008,-0.9133680840959861,-2.8408672552237784,8.94345037477863,-3.137194619763917,-2.754905257771566,-3.0930908188655435,0.4110361085750356,10.554967548448321,0.41773924220171604,-1.334064981200243,7.275396249768118,3.218185013262328,3.860863102395541,-2.234292094391293,-2.977375051290611
2,30,5,-1.2392131835335816,0.8439007480515222,-3.5925788220199872,-2.9704822869992706,8.193028008701592,0.48504945321900284,10.644729950493662,-5.64525234712878,-1.7521329481245544,0.25806720885334683,11.6538894598077,-6.251060661155637,6.586777251181844,-3.260885848504742,7.734011895386736,1.0947760217255218,-3.3709685034924277,3.037000319863693,5.0715570292242464,6.4039747306350145,-0.5967583112963818,-3.344319917380856,4.320047675505945,19.775023369936317,9.223287285441847,-5.487012822521712,10.19243817363025,-1.4425255291209353,1.3253395216107926,0.3974821589285191,-5.324092441335003,-2.9127023816563016,-5.381063378438715,-5.821069415579212,-8.60859749445737,-3.8841368155326794,-1.9659362793445756,-2.606714180216374,-4.7629019158222246,-3.169189678323341,14.886559537078089,4.732967008237457,3.6212244568472154,2.6343569999856,-1.0651908806161718,12.395935995491822,2.7348756639729843,3.7549347085651137,1.134738250999007,-1.285705897434638,7.81227642309776,0.3511790843132507,5.028586618062792,1.0783529602241069,0.26484627434529684,3.8024175329043004,1.049281834522489,-0.670552536413619,-3.6441021677924375,2.546886677603894,5.852449323118826,1.1585850379594453
2,31,4,-4.256251319007744,-1.2871215256021882,-6.575553397943335,-22.120114219579378,-16.900707444766677,-17.102949664723596,-7.440718151379107,-5.182777294275781,-12.017034103503311,-11.503056749065477,-10.503541187951107,5.82055533375228,-29.103712307516393,6.686221518650339,-39.2029375884591,-7.187576091019205,-5.741191271647085,-3.290277230621473,-7.961187982094114,-10.15973104258273,7.540668016515398,-0.5227997975719225,-1.8593716125299282,0.6434912275602456,-9.684258164866353,20.4378026218676,-4.712377106998023,4.423557770461204,6.128700816822123,0.39319738536709653,3.1244875458864216,-23.338648998701004,-8.442993243026162,-3.093857574617355,-5.750877448726763,-14.03309045523042,-18.68514718599163,-5.231561943190172,16.151157178711614,4.0268971046965945,-19.98974091641423,-20.096040018652456,-8.887031358553143,3.178264912694872,-2.8482909247881825,-8.274915835388551,-14.645551512608446,-12.662387427442313,1.8613264922921493,-13.828455112874508,-5.807595594331805,-0.9469431119118454,-10.500857402187231,4.793460320085057,-2.6853663227520883,-0.03991591711187814,-11.627219848806133,3.8320573854101116,5.828509891507917,-0.14299626666598186,1.5187382246708359,7.3367615234527035
2,32,1,-6.332013211866119,-5.634129511260589,-4.933494619539623,-3.6754862688866576,-11.472329770760025,-14.420903331872706,-13.069092382052238,-6.364711892950106,-11.291911988678136,-4.54016660542296,-10.28031718172133,-5.284985358304368,-11.136394086793604,22.32065012324146,-16.164685885762655,-4.396761721829181,-3.181795572544018,-13.741452520735931,-7.741604135280881,-8.605226883353815,2.907920407971774,-14.835208913674814,-12.062848387808515,14.256099691750805,-2.8685016620268176,1.121765784002136,-3.711947360422415,-2.2717096235875682,0.8730266160195372,-0.0609819161458644,-9.942354902761378,-1.095504912465423,-3.220944678402374,-8.213462071090076,-5.615519819584561,-6.138129961381596,-9.96781116637697,4.871278173608205,-2.704932345145537,-2.562808374897004,-15.45555698723963,-20.646878734742092,-0.02570901898576463,1.1990191433365769,-8.119853066091656,-19.88318047984843,-8.052736683646451,3.0558333581813226,-7.135366043836881,-11.483482218568957,-7.426612314878869,-4.5632086535177505,0.6071607429057184,-5.17801210122955,-12.97394548369595,-8.774892649978186,-3.2707363929671933,-7.5194375318696505,-7.183733636706426,-8.368036189343687,-2.651104510875372,0.418501884403934
2,33,5,-4.760925905717955,-7.129168447232012,-6.0999709596266865,-2.439302458944617,4.8976233738315536,19.25753211165302,-2.266253489228647,2.0621068146613597,24.049315709575275,5.964061344471875,8.406329901593667,-1.0875883142850016,7.472439315692498,-24.447842562162307,28.085001413369692,2.352624186019342,-2.9298206404669274,-2.3905219923046133,0.26510330074943766,0.23898559310132855,-1.0943546813980836,-2.4779038664589583,0.4848387230914545,-8.544758948980167,-4.692966889499163,-0.906761757816505,3.4398206777007485,-1.6372387542548323,-1.7562534678727388,-11.142473768681382,-1.8663150718401578,-9.310770169400225,4.2649853349686015,-8.763993174837134,-0.5571879063528486,4.2788425832532555,4.640824252875839,6.082279694493765,8.706828345357229,10.446877836976661,12.037699763969771,20.661072957888802,1.1777761850006319,-2.205220989383213,2.9285862166434526,-8.16386414014894,-1.1120754416134764,-7.557516532382229,-3.6469123508190613,20.036220982852498,-1.6378708362988228,3.7063986156874034,-0.7304686387523831,-2.3916469520730215,3.0983404238458436,0.7265587447256578,16.987373103728377,2.871809007372799,-2.656130834363353,-3.0351170760965545,4.494091028847346,-1.280178172945432
2,34,3,-6.96829139640578,-4.260258125714822,-13.92102350193507,-16.803626710708002,-11.863340501787095,-3.4440928569699585,-11.012226762636224,-10.373795586019167,-0.0564485022786816,-5.659619313067038,-2.7119305341659974,-32.50510425393176,-8.887119856350719,4.431743899445481,10.546873988759728,2.1200889418435476,-4.821966786522466,-3.9381796635755517,-1.5051085646718563,-1.3323628919287132,-12.77789239564957,-4.755524606784669,-0.006033353886578913,0.576336928515514,-0.332089080906859,-7.4972720011307725,2.9373032750629995,0.5295409233559213,1.4170862380358415,-1.3854408655088482,-21.774736845275246,-10.247858655333749,-6.333095980632096,-6.0556059060391165,-10.936747121579225,-12.857269214413689,-12.012134064920247,-10.682307536806057,-18.50586693422732,-31.06851515503283,0.32868479349559576,6.146573193144148,5.922283262996816,1.2077025950250273,-9.147382097125691,-10.986682103060906,-4.816468548654328,-9.451790385845504,-14.975323341468835,6.9243350295007815,-5.061297953991993,-1.1531247633179973,-0.3162557918510239,-1.5393870363420838,-1.3915710837989146,0.892411556163032,-0.4105767928256949,-5.53308842490177,2.609777205192098,2.374676135425432,3.0517171272417416,1.674930191110456
2,35,4,-14.511512574081008,11.679851149343,-23.88286863540005,-21.074367216674656,-6.6916861936120675,-22.91067173109366,-20.166687074003786,-20.647687575620843,-21.00580996481655,-23.606988069845553,-19.519791587687482,-18.255046330417926,-0.829466248430857,-5.907048363465723,15.87870186812631,-13.623870371909046,-23.991847498160684,-3.821419057958736,-11.54724895954132,-13.638764080477925,-24.31298213280601,-22.907806707228115,-13.026037700065388,-13.811273735221011,-8.521687494863464,-12.472641638451726,-23.437073711033268,-18.810603801774356,-11.360886292679734,-9.81549106476965,-14.557335408268173,-8.85657829453419,-14.198117554982801,-36.790767959705214,-13.293652060373523,-20.16469843740143,-17.575106660074493,-11.186059324195751,-18.432279079425612,-25.272788099399435,-20.967575049981846,5.298337079834465,-17.186771448660455,-18.229914578177578,-18.71281105861431,-8.430218844647552,-13.416125679178531,-21.419934326283087,-21.525529870534125,-18.50768700033063,-15.741258608580496,-17.015816429039322,-14.481164767838479,-18.451369115673916,-12.067895792515534,-5.096280101300557,-9.223325206648289,-17.67211152349667,-17.35958864707954,-17.43177770178129,-22.07681092592637,-11.567324947208025
2,36,5,-6.744178402714615,-2.0163640707912975,-4.058517192263248,-8.327096393263737,-17.61593689687732,-14.474634408678227,4.346186418109001,-2.8648403563831986,-14.321741372818222,1.493812913677041,-0.5869837298552028,-8.891644779320169,-7.462542544755082,14.95145547046417,-35.24819152747713,-1.4019692223973397,-0.08936627178521023,-7.839978267058229,-0.34329192612956105,-11.318037994395473,-10.713257746271244,-0.44556332447725105,2.220249506860698,6.887781281546666,-6.924461481138705,-6.164753180604834,-0.9354747439303046,-5.788922672279226,-1.9619378768498226,-7.29583442865348,-9.2766221790495,-3.2087642946266333,-4.402622302387566,-0.28330432167049646,-4.303144305280024,-2.315577482373068,-12.047297420332255,-6.921406846584346,-4.017590123756858,-10.801541181553791,-17.58710592910193,-7.546292604265234,4.253875103438408,-4.027689182364224,-6.1106092467358915,-4.38478357513526,-1.4979924066673695,-1.5891114002968216,-10.710186280707664,-14.314553747748633,0.5674049430867508,1.3621544635105063,2.5518708513459054,-3.015639464916072,-4.838832258746577,-3.66802892086619,-1.5482896220325135,-2.0899055698920592,-4.562458669267047,0.07270723964348885,-1.661022397189789,-2.4237894567138536
2,37,1,0.0010785856852079806,3.4089547462204877,-5.694049695438544,1.1849470207376813,-6.869011436430056,-8.297081499676382,0.6860867124732309,-2.890958055535832,-8.222672103194334,1.5748117640500956,2.3404016937242753,-11.79827186114881,-10.018441203660789,-0.26032969682681845,-23.528694139725378,-1.4046446390381848,-5.176541747329418,-6.653611295311375,-0.35160463634969186,-2.52898898141717,-1.9440107542947624,-1.4332522913222991,2.2251747106996937,3.427918317966258,3.7663945831449275,-7.599787617147692,-4.937509786610196,-2.714694393798709,1.7939195190158848,1.399441352727393,0.41705670881244106,7.36575254636657,0.23939432676245467,3.661641700420436,1.8771050485509737,2.6622357567113535,2.036962466314435,-5.358017089299674,-4.898133128818984,-0.5433854662199942,-10.731079586599837,-1.3955905001110787,3.355859961360693,-1.310597456474902,-3.6136112390426787,0.2592385088110605,1.5255341938322005,-2.5595684128120633,-1.7387054462394709,-30.87081904309551,1.9362373486070368,0.8967553992789776,3.8997088952171737,-5.906222475647201,3.2608942574503414,3.669651054118467,5.037097308194125,-4.1363772280605104,-3.1509127747721792,-1.6298572983842605,1.90396426072083,3.80377003234788
2,38,3,-7.276070250317502,-8.038584523175553,-2.4862712949326937,-2.023560256015784,-17.78312953326441,-10.25962612419759,-7.5322752573794345,-0.48267740556379674,-5.486650462094813,-11.96530423249777,0.8594053272930229,-2.3678844070698086,-13.161715445085987,-16.86337421870814,-25.3881204295449,-9.94062327827532,0.4246783777503527,-14.630030033701075,-8.337549385279653,-8.86974453787311,-6.739775639322658,-2.93573177823933,-3.821296883338108,-4.9418324897429216,-3.133967265872876,-0.7902244861328568,-0.4840973490258532,-0.3861275871238874,-0.061997325403797904,0.43644592445343733,-8.942333874216724,-2.731104881934272,-5.308027392894984,-0.19848827701970595,-3.374608660420607,-3.707228631343372,-9.949361513505075,-2.4137830538391256,-4.350387013307201,-4.2749958894692535,-6.246232413283621,-21.424927067193305,-9.993187260109837,-7.3597782253083315,-2.1423894780142807,-12.259259527935297,-14.534879030432647,-5.688521949687925,-10.89671748086084,-8.591125374796185,-11.066488613170101,-5.321695064597693,-4.238555916198871,-2.917484368663281,-1.6579804661081796,-4.602281901562339,-2.836552903465019,-3.5333200686912214,1.1246982408891912,-3.377035545775799,-0.3211642418442872,-0.3455502407102868
2,39,5,-0.8782805231649705,-18.583271856715037,-1.4881040031067663,-0.04329912590499044,-8.774163781265623,10.875339703089216,4.446523933648704,5.259744094008939,-0.14834275780381823,-2.7423794160415302,12.780845902371786,5.6109736785292625,-1.5924019610691005,-11.891071754149952,-6.463659062200773,2.885164890710901,7.614533819280923,-3.4234776446459465,-2.9132880669462704,-4.320987178285314,15.778865747312755,12.397364221479203,3.4642698774795715,10.158138367097552,0.575098282711512,6.998639134008701,18.428002755907254,10.115530335412528,3.180990894302364,6.894147440603726,-3.9889151015795945,5.452864745569345,1.2960114054063827,9.93177972552252,-0.9902970112381766,3.6819536029872264,-5.309923387831077,-4.653906342766543,11.969285784425537,7.099579114319256,17.019806300448934,-9.539395568528908,-14.405124955719756,0.09671411791634626,2.2983707799462674,-8.550712234272456,-6.427724512509735,9.854897208415288,8.296618089125278,21.445879244387573,-4.248692850241579,3.0247736543916717,1.2183535893265973,6.198521993940743,9.278101024115688,2.617200837447876,9.002131876921872,11.628424915314723,11.908333339523985,2.7323519394437725,4.377979294692237,2.280658450943032
2,40,3,0.4986033337219147,-0.6500638386507229,-0.1909087353226976,-2.944731201090647,0.41146574469237857,5.62617917911422,1.9496522522758608,-1.0052833412035653,20.398514401917236,1.2328722431188133,0.3989736562447127,1.7217514825496458,8.785986058663848,7.426081319521297,29.351478313709197,5.280148616617139,7.99429947633024,1.1234721581099507,2.7443342842161655,6.039410390868422,5.5034948078938175,5.3305512338695,6.947452937536756,10.721039453782598,6.943538847890474,-1.3737703503177645,18.575338517883555,7.239423866292868,10.246215488920665,-5.021651663664134,-2.8019962130886724,-2.2463165880067346,1.5015272684452092,-5.9399407335511665,0.9327024681448927,-1.115277457230572,-3.0682792128404497,-4.311819253398512,1.513058809779311,3.065018215648283,12.26655688341253,-5.393513349452752,8.056857154562664,-0.008645491027159745,1.2223350250548344,0.4759320555618265,2.296832962166064,3.1923075544579715,0.170811720794385,19.608344755317194,-0.2827439630722137,6.896603706343914,15.557634472642558,5.157544354022275,11.399146432034305,8.568803736962739,12.118795527876769,4.5564084886686835,9.089888745419135,10.197725711679995,9.524253371630211,10.215522278137163
2,41,2,-3.60100106390693,1.2095142904975706,0.5587720863702828,-9.58282105461126,3.978023907181057,5.58004881813554,-0.7662261030068847,-1.0380241713719442,12.720142122943003,1.228418879371375,-2.323590987884416,-0.31264510131781814,5.310277271675085,-1.9405348138065959,23.99932582113073,1.8952428574578728,-1.0458733492258296,-2.3461358980162115,4.660681127661432,4.926829317028109,-0.8245284197988312,1.629398075449164,5.624287481442454,5.557263851211196,7.43878002893521,-0.7243552890083782,8.004107885948594,8.11855957638358,4.777584901397547,9.078015888955942,-6.343700597517008,-5.610569278800454,1.3536985927238705,9.354785509748245,-2.032306864176218,-4.163148010740191,1.4413500448189118,2.7330766002670273,2.393079380824929,3.7357140830703774,9.152319985739286,17.48109748473011,-1.9689107616432011,1.2294047945562374,-2.2234346960421374,-7.799105939581325,4.648938884947264,1.0851952150412953,-1.866888004898167,15.716607252150078,0.9762880888017946,4.724511126260751,2.764924275802401,3.1944057077578263,5.873203594623728,4.364627592265606,10.548319117756702,3.6895036916475616,3.7088844005860344,8.617255542415938,7.505289756766767,5.879940589560508
2,42,3,5.9018786716297615,0.5934088703290354,-1.5681212133069233,-2.0706344152823433,8.206337461634202,1.325756602398143,4.304273455256095,-7.18469850528168,-6.970890913143036,-1.6636092811141436,-6.650699991676048,-2.82377850140513,-5.470614975354519,-23.585917808660643,15.703078591787232,-2.478750697984478,-0.4245351815266857,-2.337170139102765,-1.8277346760761444,5.063016873988801,-21.901495250021444,-6.180223975637244,-6.695954105953072,-10.807056191808936,-3.6125495181214538,-13.69434881664631,-14.659459208467654,-11.29410702802763,-9.618747094305371,-5.999056171739427,2.0249337794872497,-0.7255560207328331,-0.5670636797869695,6.113697544274081,-6.677744585220003,-6.003429548837604,3.3945539849639927,5.639012545528939,-9.275143369984043,-15.028995271698317,-7.179419336499784,18.205912063088515,3.0136212604233936,-1.5811947696365247,-7.44702525745805,0.12000048254821102,-3.1071417782790722,13.111237040766303,-6.311414906244,-13.578675274578174,-0.2964748074187009,-2.650952858293838,3.2851497089694717,-10.959877657806265,1.5675607915490684,-0.15888418961407114,-19.263835147761448,-7.8201425881806506,-9.902367467196978,-11.35304978190036,-10.769234327485831,-9.125047906892515
2,43,5,-0.42379366804095986,-9.755031579849877,-5.283477095864353,-1.3874126234625623,9.60349947432193,4.693105941036399,20.035121266071393,2.668732570029975,11.909403429461763,5.063012694656035,1.8039174302219867,4.464510093386308,18.01885411970136,-16.87680164179425,19.778060986937252,-1.033212742745512,-5.277654386057357,5.813822654507507,5.844760274304437,19.202056923404147,31.925203025704487,11.22700759734982,9.869972091372599,18.537992612754056,3.7175677951152726,15.625998034073808,6.91615722947413,11.096983774508374,4.457465640973393,8.234342666660867,-6.7679366807612364,-6.696939962728671,0.5511672693622739,-1.09411875235212,-1.1724212028585925,5.257018116507226,10.461072132513834,-6.325158318004955,5.917261080844781,3.201901059745381,5.364909928354504,5.361594080561542,15.373749280700508,-0.598220341288054,1.8181665143815862,7.775891200775595,3.8752975985521387,6.820281485288695,7.215256867737217,11.129644523579167,-0.1330529991366966,8.97812084867278,14.560246689926556,5.083126553489046,4.919055901217933,11.517272004516935,15.797041559569166,7.888881008027169,9.502732260766006,15.955373819253012,12.90426763553717,5.013579166238767
2,44,4,-0.8526052079254355,2.3006164291192137,-15.867077561231655,-9.049125948125816,-3.3775242601674633,-0.9218745002091482,-15.235859496834154,-0.05983592690218531,-2.7597462445860956,9.933524060358364,-4.920538885677916,1.0070949644531764,-2.062486037907259,30.45323131717285,-0.06679617715772436,-2.1889369572262942,0.8247728351639898,17.49038747816188,15.399917444986551,-14.02211088530447,2.344783451044705,1.5628589455310902,6.615637771966986,-2.7079533005542147,-6.722948120076779,30.71449220344061,5.399171742837782,10.859156729668374,6.6606474056635525,8.20410461280858,-9.908468214908568,-6.7014943650957735,4.348630123635433,-2.970587611249533,5.768985836562223,0.25298189790919423,-5.528685674207603,6.526237710015616,-6.529149050529044,-10.994754514032293,-12.885409227413371,-13.324467321903235,-14.020366657638876,-4.595355396465646,5.808514093699095,-7.3513307016592755,8.110470321216832,-0.7599820916586353,-3.224466948463331,-5.731130137585284,18.070579646745838,15.204264652074826,3.8351499149519026,9.640613571309094,4.47377065055799,15.546583381367894,5.368693231900292,5.490046241207096,9.099806722480709,9.772769114048009,-0.8363633709278226,7.074514729436487
2,45,1,4.651707038578648,-6.1769208778036635,11.965498068477817,9.65297513232543,-0.3175113593205463,2.6523810703386905,7.553636202588677,7.611184317947984,-4.210163110594561,-0.46844514379868357,-3.795988165534942,6.208161816137226,-5.287349047275579,-7.142878191114019,-15.548769872811647,-7.802821979199242,-0.755052690348792,-6.108839683359628,-10.889306475385661,-20.85881127744187,-3.743024012755329,-7.361240227320566,-12.27795356877784,-12.404821574091677,-8.110209009212603,-3.58041110548486,-3.9932714962377807,-7.613556423224509,-7.593265540943272,-1.914155935249631,7.528500241278552,2.6180729816054416,2.1185259068464286,8.325899893452023,7.773114646671387,1.711075293399941,-2.164188603751316,2.2726238525143216,11.264753650215157,9.034885383614268,1.9962333477579226,-5.071986861663257,-32.78197505275105,-3.7131987079330604,5.807338574162975,-8.312636609779808,-5.090790350171852,-1.038416008748932,2.832567232365649,-6.34367531830184,-18.191637625383983,-11.142402184627406,-12.996418834732077,-3.949298263527453,-5.837471459276702,-11.147196785558199,-14.407796193186824,-0.42900116950636985,-7.806348470011272,-12.88987100802408,-14.681102532348248,-7.312072047941026
2,46,2,6.0773544402838455,14.525230779062682,8.476673618447396,15.912866698896023,21.330277295576597,28.35862820104854,9.061175739210913,6.807903158398939,22.217696308794373,6.415451527607243,9.979220494423519,6.241205995130103,20.39572519329716,3.0353066904992785,32.57806443200423,3.8580992601970907,16.055428959792717,23.560200385431326,9.786095664898935,15.887027062396172,-0.022013975596963165,19.54840764541693,24.1560274325368,18.232914458812633,10.539623072069906,1.8276293708874678,22.161614268223154,10.922881590520465,7.7801380988619275,1.0456375052141604,6.3191839868725275,20.211658836410535,9.808526704769308,0.7377490739497109,1.849082994206648,15.102161759862724,26.87917367041837,5.4870086104336515,-3.3662244394796375,16.541375762987414,24.145208089726,27.443309309687937,5.144487645076703,5.468790696035199,6.271418848233986,22.179807115232617,14.377962372561056,1.422799355804739,4.709074013190703,31.77008525593341,10.47235086091075,6.957998586580062,-1.7046459220156718,7.322246983556483,21.75118919106474,13.565568036604208,17.012799671146926,2.1547552865089443,17.57028256147737,17.4545750719745,19.654390759215257,7.968632640067217
2,47,2,1.7670055671890323,3.599745537938049,-0.7987562981434166,-2.1588799453045193,6.499003587057814,-7.800176136720949,3.115260658921992,0.5996739114634693,-3.6827330152254256,6.321884660186563,-1.106337070465088,-2.1586903408624063,20.185288348984795,11.172989960035828,2.2965295394746263,-1.7888383722875436,1.3912087075139687,13.13949085095125,8.135033188517651,2.4131131979705005,-5.573252892354503,9.116217111569558,9.484594455852012,5.786141952073838,-2.488740188455804,-13.189459325314102,-1.0842556966832149,-0.06530042440721318,1.2722699562110376,-4.543149520597629,4.229215241968632,-6.624611828703339,-0.7266641212059424,-4.886235027392277,2.8106838334919653,-2.3156659965993955,-0.1894762517696975,1.1165793925046748,2.6509106831224756,-2.991464086592472,-9.657972018012966,-9.16724743825815,-16.782855544807152,-3.6069922404528407,9.002481592316517,7.49716242752606,10.060636417309917,-0.5236171395517886,-2.88481944049822,-1.4503410503086513,12.078028521886683,7.527438462747006,6.235770932535027,2.5428629671337037,4.4884789845928905,6.780715369298576,8.459576529382566,0.9616767300474578,0.6407526507065042,7.338421485330002,1.4655802082724692,0.9685863432497146
2,48,4,6.439201341658018,12.764372274892889,2.2762050373911307,20.813700469892186,14.822796923131127,5.779666231536282,4.509338590021174,1.904794210125125,-4.795255113892805,8.259849319098203,3.4682893068291905,-2.767094026018708,3.7310332245443307,-5.436719765716302,-9.416787097366843,3.3598161941030757,3.107124938075174,-5.027887188502948,2.42014502756661,0.7401800873439491,5.683740031757822,4.53297464970908,5.53725526704476,11.683192232101248,2.462011660403775,9.821107342157791,1.198121758419226,4.508226220689077,-1.767561735017452,7.544809569309395,-0.2708248082412088,19.12483728426032,6.555034986299629,25.358383711541023,3.099831856571412,9.464493262740536,11.802695618329086,3.249097307076364,5.197932149152972,-19.107297675820394,-5.640765268281785,-2.5623997005906594,3.4426434251604703,0.43263716680259123,6.635629411005254,-4.954231903638418,2.1673990285205775,9.380608269831212,12.624915278425854,-8.504152080907323,-5.297742961020003,3.5296925625695676,-4.964284667699804,2.9351629728860233,5.8715983533595795,7.394579376218979,-8.126324507339694,6.399803724571516,4.219406888451107,2.1883259793152887,2.305663860243995,-0.7561144425261133
2,49,1,2.545538387147756,3.3621039175507965,1.2268726792322793,-20.898840849901113,-6.780058037750877,-6.471019454223743,-12.230563452194742,-1.0916329803081553,-6.195926592662572,-5.360132067225778,0.19717380344277108,-2.378792391226786,-15.012197220008032,-35.6660612618051,0.8432730486752789,-4.0823217889339425,-12.50714343412574,-9.500979493338072,-10.154885830130523,-6.568112809438163,9.534929597812775,-16.169851060576235,-12.714846067922748,-15.953136476046382,-2.2049555433232633,12.666655447788349,3.284007967659842,4.9889360710569655,0.27232472816618297,-2.8782552571558417,1.925552650865895,-9.683171221293604,-2.8947499294470016,-3.9943585475770407,4.338922851843897,-5.60274533031611,-4.39676177690214,1.2647620396370562,-2.5460609119476345,5.11879130139615,-4.793877429550332,-16.99272382827816,-2.9934779837182366,4.304193398903875,-14.699750118674174,0.6518629054800131,-9.87654892164397,-9.259798870262939,-5.277603871643363,5.891438366981539,-15.286371578666845,-2.4929155016260443,-4.545007615624903,-7.238109326035504,-10.597339812064222,-2.3313643462251727,-8.530796421487342,-4.094342183003703,-2.414507847154379,-7.223211388075271,0.5462926079678105,-0.966226934125967
2,50,4,-4.761966594506243,-10.878807220940203,-9.256558918712164,-1.188911709945828,-14.44692839850194,1.2608394445624294,-11.011969682079082,-10.587632571415208,-9.61972455017087,-1.4478005164007608,1.717546706547871,-14.872900271356642,-16.731951606119193,-3.8984912202761643,-27.21403088286612,-0.8845034693708504,-9.62479730886293,-7.460794091781195,2.7328196084353964,-0.5285676479248735,7.316685554060361,9.427117871577007,8.510526685220212,15.59590306650938,6.4866168401431175,51.394115888490894,4.137097766611543,11.81161079229787,7.20292891393893,10.006007975115004,-3.5451845471156656,-11.63423058840379,-1.7307719781358775,-1.7007571366706458,-5.939414136679609,-13.89602652714564,-10.18829240854944,-4.426987265588763,-23.412666639949144,-14.928506162619543,-10.326780379454535,-11.199680630435676,-4.22586991863855,-6.495826862275417,-6.413395433371503,-12.261829623225612,-1.4412531854290913,2.754302732612391,-9.045599545920034,-12.932584527720953,5.937008322091636,-1.9646090538377254,2.984802985245863,0.04075854903132439,-0.5048557296849616,0.2239781942462719,11.434099213288329,-6.026610628451883,6.655102811231301,17.76901953976328,-0.6734977324674956,7.693792676308938
2,51,3,5.548529859450527,9.841305441382092,11.47499677674028,10.956949436060365,5.997960857240621,2.5981824266746982,3.1213192608457336,0.08106625395849704,0.29998019981913515,-3.971371296427649,0.9086239938737767,-1.5835921184795847,7.954122349460856,8.668597698836336,10.812112127853814,-5.010848971492634,6.14083483708999,7.188848580642627,-0.43031997116646115,-4.990263295405342,-3.2941743851037364,-3.6511971977647266,3.074367298928112,-11.959540656211267,-9.647080906053507,-11.049117478292162,-4.258383185727658,-3.1791792396092555,-10.405689536673359,-10.152193629716685,-7.405150203238719,2.860020507490489,3.878238374276493,4.691736581917038,3.067596672034666,0.9953697086652589,0.3460515808518524,-3.3435236810360167,1.0767267016160138,1.617651682210767,7.94885171222978,7.36140447247365,-2.644384426450945,-3.0249548185696247,0.010145452180196413,9.159570983929067,-3.18879369605885,-9.693105922844378,-5.832988606493283,7.143792487771775,-4.970478076612711,-4.9511816090926875,-9.341488770527267,-5.987705855153319,5.970048376631632,-1.4415143815255378,-8.31751550936208,-5.105435607364263,-2.7520023538481175,-5.697980561384522,-10.564384108159418,-10.725888932487228
2,52,4,-3.564598985198071,7.252927074078235,4.270740619201846,-17.073027481302248,30.679202471382727,4.8636817458858,-3.316424303866992,3.338703758781776,26.41721683621359,8.553092800921236,9.267808114110327,13.90468891392031,21.98825359771528,-9.589039743594011,55.379698276519775,-0.512709146331451,5.0585509158710655,14.215046196389483,13.171726086540385,18.79852449448732,4.351179054256802,12.27200022523813,10.41932766818691,4.640280790987609,5.240793082743836,-14.94483649003797,-7.920332468637241,-8.816055765579929,-2.493534832693091,-1.6677508182914522,-8.561363221305175,-3.0094502480110026,2.445213560457913,-1.329388321746459,1.242705873554435,8.595865181618848,30.28654866383932,-0.9571770020397141,-2.81921558406931,2.8175555791864886,26.692389721732305,33.90431382107297,10.298665630145612,-4.603693281309594,-2.7847431396111495,22.68206312698199,20.30651491162617,11.890473509008604,1.996460937396213,16.996717864374933,8.54220155465825,7.24395299751436,1.2459373992935907,0.1986062247646827,7.828868011035383,14.310365737472637,7.915950766969019,-4.385162691767443,-3.276074507296447,4.399226523413346,2.0359218010860616,-2.491032238595369
2,53,3,7.460962588989701,10.295278302220652,11.47405297908841,7.038639351044117,26.22653992955642,8.187761490187818,0.7617979938754946,7.3563317833695425,19.933658834455958,10.589229326888287,5.878609146854679,1.192535021932932,14.343932392348233,-2.077640944066821,8.025355063469673,-1.3241008314553915,-1.3483730945622594,3.7225393430761473,-1.4037177680236315,5.3209030037382385,3.665669531970309,-3.903833593031754,-5.517191981533314,-8.202044286424433,-7.24737410485267,20.94633645855072,-0.9870233463759475,-5.975706679530713,-5.584615923873173,-6.759619827552628,13.908556598533947,10.622581086476428,10.525180166407646,2.3596855163369788,11.700361068951109,10.667856156314935,22.00599132164768,3.3730750703650343,6.67210311582312,9.097826433977081,9.214283615805021,24.21365577958826,1.5983256658982121,5.48005674732849,5.548365495088173,12.609570825850124,2.435759145743784,-2.199777572835999,5.158277484770052,3.914231808509725,-2.698734794021088,-1.4198964299384238,-4.585294230929122,-0.017636479560012297,-2.2351641890411145,-2.7008161457431514,-8.723988743584105,-3.7468874918342348,-4.903635547371445,-3.6139397612977313,-3.6433394576831732,-5.663116283528438
2,54,6,11.318151759074583,8.702151677752964,16.54472100689281,-8.64883359991264,22.225014644595458,25.84072813064586,4.838992381276758,13.947431814061805,17.82342458804841,8.186379529149614,-1.8054046832343071,4.569524182143006,-2.2004558911813974,-9.42898430648862,-13.023417008359262,7.463814898220846,8.98307972399109,3.561540181180689,10.326413804131397,3.169703731460997,2.2055370282685622,9.181504873780348,9.679130697069215,9.275130681909351,2.5999941121923125,11.06130635752002,13.183775807549129,10.00998527234102,4.446237420367938,11.86138976461867,5.76021386240609,12.694466813365235,10.678288117482717,14.85151400158135,13.14657740641907,10.484847230700455,11.051835011350132,14.885636794908974,8.875782092232491,16.945742331581513,31.685770772215818,19.675267157758153,12.183640962375742,1.574837039338379,3.472068590123386,1.5566528884341881,2.637070356048329,19.414726728982306,6.722855372547464,-0.723710661451616,-1.3698266917909212,10.067727336705453,4.265410831606971,5.19235809254687,10.446683967849474,8.889394966522,15.432270650979037,9.961032033125619,6.077105916780991,2.3521692412110364,2.844945673771179,2.824330379936571
2,55,1,-4.86467606654936,-2.9517461993822423,-2.5253866405294443,-6.414840603201856,-3.040156012673566,-8.364046243746287,-4.079376771410064,-3.122667471060482,5.1381131287936705,-2.079541066276739,-8.315813487367251,-0.32471171120982395,-8.79489270874822,-15.665876044255752,-6.867932920821194,-7.629541280130693,7.055340441227773,-7.349156660050513,-3.2551348257082977,-4.99219295848161,1.4752790980926918,0.05425762278368686,0.3189354309039873,3.10325301038783,-0.6820716139712805,0.583368800603217,5.72853906341351,0.5392692800520393,0.6087533576504853,7.3865530953583525,-4.992904960694606,-14.489856694711419,-5.474592255360287,-7.638351108742561,-6.571175778264083,-3.745922692807211,-2.1219806783355595,-8.670548401579898,-8.244631292639161,-7.261981312321815,9.244799830188771,-4.463393624508526,0.8608420268155463,-0.09412721888071321,-6.280123377082551,3.053966894109804,-0.1359011272810371,-8.066189419591753,6.997118251943367,4.3652090347406105,-5.309679075235095,-2.7309698748470455,-2.5834277434410855,-1.2643406931765202,-0.030229818552912673,-1.7149387594403294,-2.0515864410483076,7.9369493773116275,-2.5525787094062777,2.906664852632163,-0.4672528489878985,0.24441227395791731
2,56,2,2.5264610882689493,1.6792107535662448,0.6690232768745688,44.70665573735337,21.19579608122842,14.868505831328713,18.8234455907354,5.265052705707888,17.698022806278733,12.258513756272407,17.392733939946073,1.2063122308903895,10.754879916575169,50.96922648171101,39.22453011154402,-2.630742010751331,6.242958725316496,6.028519182125242,14.558999669749479,5.828846991045133,9.929732071826376,19.18611407876243,12.582387119486208,9.26104179756125,9.836371772199943,6.533509622129226,22.452009550136765,14.246788608837337,8.953764334321022,12.38551247306168,-0.7976860602431728,-1.6482226436094536,3.7793291787185277,5.865708316375337,2.324555850337918,3.600289040790279,25.8300140033953,2.4663638465401765,-5.448145980231195,-8.224504809281447,2.160906524056706,31.460267377199557,7.30841086266517,5.538978502438285,4.890389232805406,8.468440943261294,14.440996162048195,15.352725310909863,6.035420399749786,29.07850051544062,12.611491925259143,17.608336302610788,4.226767337395492,6.538734137319121,16.547177349995238,14.828889148991271,17.972028537889056,7.859569834318106,12.408010969052045,16.10200154063541,19.371486789592335,8.853452086607678
2,57,1,-6.847203882274835,-9.486258671163627,0.7853835248686489,-19.819603264513532,-17.234810354188085,-9.446780881276588,2.6059642307255895,-11.792579713209369,-24.336154835434957,-18.382521165762004,-2.8126851011510596,-9.29513915582765,-28.06517408533795,-29.83560094212908,-19.87997001400446,-8.976945325913958,-14.219764904187224,-29.170748541131616,-22.39775619783052,-13.236318720958938,-8.160818084869987,-20.610805190886698,-23.038870951569642,-14.480701453983784,-8.975209582097282,0.8241366305184068,-13.13275394901042,-8.408499624671,-11.309261903711935,0.08958957496272321,-0.40426124835872385,-3.81109254767482,-8.242191845619283,10.440098767418686,-8.511874897337357,-19.116857514398667,-19.842080669241913,-4.212611022320145,0.23313765869605124,-3.0813738233182693,-26.22718435007986,-21.053098999154074,-0.4684367743207186,1.7175256772614202,-11.359495911781282,-31.109825730051192,-21.95844961121315,-13.40782137211731,-0.13736312451954094,-22.959549060091376,-23.065831448201372,-18.897067233193194,-6.476302853808166,-11.686175209015795,-22.4228541211384,-21.597251409346736,-7.8184192363263545,-12.19173030089587,-14.687434919087636,-17.009972588533955,-21.134081007918436,-10.585466901521858
2,58,1,-7.199752215568616,-10.72395930380174,-2.5442871383061942,-0.61522486696883,-8.723441017984706,-6.545096010355871,-4.841031567290109,-5.834092457239271,-15.843934462542041,-6.641890223217532,-4.114266369423668,-8.24658629159648,-20.26729846663955,-12.811185181342513,-10.12504791041336,0.14619824311855042,-13.465854086890447,-20.010570960800813,-9.466978995901792,-6.4213836682085885,-17.861398235372285,-13.214679571686359,-13.905417815577703,-8.038643516350268,-3.357928623945068,-13.558860550566411,-9.702160074693586,-6.339845577974679,-4.432236936641857,-4.220607692750578,3.563554097341781,-5.145831631825921,-5.643735626280855,-0.00045922471255721575,-4.897100942504664,-8.501775932089402,-12.316706576748055,3.4125401612609725,-0.03958726119499908,4.870368121578019,-9.589566386526263,-9.926108803935119,5.433698924689937,7.922725636852765,-12.76948292044604,-20.26351495278523,-9.751719991222211,0.29635265041369885,-10.22676731900471,-24.78591866464149,-15.96924779073493,-6.568711099964449,-0.8755882475979451,-15.57618530192298,-18.49339580899333,-9.799106011076312,-3.63181646427185,-13.717361462098076,-17.601051503417594,-14.311267387485369,-6.847229246140983,-4.463275640953062
2,59,1,-3.8200835110619664,-2.419850077707227,6.983138709260921,6.604953100813959,3.654386568473787,4.128751367398697,-2.1999755488118033,7.278143095534026,7.555877613471591,-1.9571390294004232,12.45382545061023,6.383262552303925,2.3257397420068338,4.335341656353417,16.706360716679388,8.731298565962524,13.251380895008896,7.014164770788675,6.176701879991989,6.180818099003262,1.1305503508149903,4.1977004036420915,1.437604533380647,4.1583701530130694,16.803137921398832,-1.8251309492966032,11.85287484958223,8.958276753495564,9.545007563218837,1.4021588217739653,-2.197894228690462,11.773548630815812,2.3134287573828747,-13.088911221862377,2.0499307061431984,1.5184643774778903,3.0011333635122304,0.8852912973521684,1.26732788103201,9.514402775093913,3.4978828670296584,-4.077169077233452,9.230769914347773,-12.528268486715664,7.504358550681302,-2.731332318229804,7.3674588828977985,7.510139056458709,7.919679515347697,20.047107974782865,6.333985000349034,5.569899127959193,5.695562220973577,4.6234069289185316,11.506026994882761,9.227774300294495,1.9437831034202409,3.9863577610983447,12.414351933885643,11.275712166208681,14.76956298161389,9.072741054486844
2,60,1,1.949251932457585,-1.1608601877204607,1.823184437368338,-11.434988196666652,-2.317456620768075,-10.80313389887465,7.926559598639421,0.28294622870843605,-9.820487947975534,-0.283375898070517,2.5558607843590972,-4.929348703752063,-4.854298925061327,14.820740780645483,-9.080316263304953,8.842021706014327,-11.45269630905581,2.1385175234399654,0.2708248280715645,1.474874521900967,-8.261442050405941,-16.50871094198125,-11.703403061460243,-4.181462750474854,1.5796695924704742,-6.751576764452295,-9.39468876744916,-2.0814622936418217,-4.966572448321642,-0.7545934028649507,0.47198436670175714,-1.4985906611900863,1.0976199794265378,10.75491358484027,4.171207800870988,-3.3139722522620754,2.918689374289499,7.44382325089651,-3.6105481684207916,-1.2498767773461776,-9.844124146623583,5.1227264532410555,6.956780950788676,-20.456622766739706,-10.552507082426287,-3.245638318405283,3.806693914278253,9.38247469685427,-12.335767185772628,-13.449578493651817,-0.8477558046891693,-0.05170023495831089,5.6214940725519105,-11.822270212445128,-11.716784186727255,-4.84620113275582,-1.509532378168731,-7.064778119746581,-12.252817640853372,-9.13163741743874,-4.970924631503651,-5.283784591865433
2,61,6,-10.140000590611617,-10.137784471763762,-12.972812175750732,-83.04899966571385,-20.362036468847318,-5.563301298829798,-3.2530324149184064,-9.529545102092413,-3.217262319402722,-8.757774396245829,-8.773262200527824,-6.724169926717877,-6.8812424638308585,-20.169531014577544,8.777546991321552,-16.62327624604153,-4.111001075177295,-5.7158614426521925,-9.143105683802837,-8.044579937599785,-3.541097762403873,-5.060821796154103,-7.503119873144186,8.966344844300032,-8.81362051667827,2.0426375896942512,-3.9643605217513644,8.533876347241971,4.185351510850211,-8.98894033151702,-1.2115029274605278,-18.448984460632612,-8.936848268049157,-16.02133145817078,-5.3895866745719445,-2.2078542735075506,-23.870760072397495,-9.128460582425229,-15.324627490157683,-14.171266763902663,3.4374191573162274,-14.844237865198682,-30.692583527506834,-0.9371769427230987,-4.865632453161042,-16.622256688796355,-10.741330266112415,-6.527885094962212,-12.950633851402417,5.558287600339272,-6.716906279524241,-4.477503646920412,-8.837985416806141,-3.202136928175872,-5.564354568018532,-5.57825400643959,-9.99815466250407,-7.895790705502757,1.279061596590751,-1.017986181850841,-2.032315238678499,2.222339245927998
2,62,4,-0.9222157537346566,1.9819801307805789,2.401076108580682,-3.072976923542005,28.55497199855745,2.32079342012748,-0.8014400788673721,3.145469318907822,12.711652441450005,7.872192433785373,5.851518198061257,3.292312214656436,7.3109977520866005,-3.5321025151941114,-7.295918687224028,0.837918032344044,-2.6935356849486523,17.018390667147745,13.167104044230655,3.0117717040929852,-4.700677013285912,5.720799265957509,8.95720226428949,-1.7083998676503014,-4.798166442503465,0.406094060870025,-0.45513569419385713,-3.9120704989153428,-1.3405954825873603,-5.882021821504341,4.098829215335683,5.565395263435389,2.6717239643060937,10.112644242327203,7.091607700783489,4.33230814315583,30.650796999564253,6.97190638256498,-7.940336793052068,-8.02945451765526,4.325920921761723,24.78947455445076,-1.032264749246942,-5.460625501451782,7.795992416693132,34.23157464487977,14.27768817307746,7.1170891859034855,-4.970865696759487,-3.4300713139165886,13.102519874093295,3.859620304619213,3.0079334929199306,-2.691610179557581,11.837665201732651,6.929808068089187,-3.1623895456560174,-4.553699371268657,-1.1965670136325972,2.223004857577928,4.517419505182927,-1.2840078806010538
2,63,3,2.9627637261661075,-5.25121231545785,-0.0276553130186189,30.354566329136112,1.8355712679714526,-5.865817839370634,-4.452923749164654,0.8070900007406594,-1.639092614340436,7.095395373861967,2.598241409093778,-3.2977049965184273,-8.485302282318402,13.08666141955864,-9.570139413551862,0.665294592036999,5.79907644313772,5.488630681258921,6.01277864606279,-4.959856590619539,4.422980432478115,1.2759986438493196,-2.7797083380676813,0.17770876467409688,-3.9641708851360318,-0.8532751342508846,-9.527303714577746,-4.852567262161046,1.611176017416277,3.842240794348851,-4.467391885907913,6.068266580278826,8.171351008162624,5.400427250572048,5.883740833704932,7.375670464578787,-0.09674783062371586,2.2548946308471822,-3.122048140321743,8.967225503948763,26.045688028197453,-9.878529086873703,3.13233679125267,-5.265857401588953,5.835828267957829,-4.430720108981449,6.632237717316195,6.880248055679771,5.48123232345665,10.944217149347137,0.4429511194878329,0.416281537618488,0.8126429764599333,3.9306000747218204,4.24075094278811,-4.048826833391882,5.8136246682360495,6.139120001754747,-0.6385828489210541,0.3203131822257288,-2.581241109805955,1.7194806058300525
2,64,2,-10.243426357691247,1.1011885377782873,9.813414012604369,-9.881769054722632,-14.09343199269483,-12.853346758755999,-16.56781783634115,-3.852790620308596,-5.145422956906259,-12.539976951609388,-11.059536804070282,16.979616493713575,-12.590948377894911,-8.495439255769112,8.911349965111784,-15.0409565572059,-4.0278156240834155,-13.778035765422928,-11.614757225008264,-12.096183239340364,-10.16609715606745,-10.63491316548572,-9.063412969318653,-17.429039198178334,-14.450749721980047,-7.249392238962346,-8.985199028448621,-10.787152980420199,-10.372906581632838,-8.592258675160203,-4.630409230777664,-13.684338286291903,-7.496909598263387,-15.493631834436838,-1.764785204190624,-1.0153866454152525,-14.493151413685665,-15.824869826526893,1.594213560180989,19.93585819028681,-7.727304506638064,-16.271102890395,-14.636623688042164,-5.860138455965196,-3.1422546529097546,-12.096587677849692,-18.565643947389802,-19.040619495620078,1.6190209385098484,-15.29346657906575,-10.814589498746326,-14.106910109042932,-12.862662123834225,-9.995205452165957,-11.276011308155415,-12.819641072757355,-13.594099819796485,-11.862472539602944,-11.097919132265192,-9.391583713032762,-8.82829087263928,-10.561793049984823
2,65,3,9.273416066496845,1.5080577626188347,-8.897581260719498,13.59616012398789,11.8055437115907,6.642686506778723,-0.9370168015451696,-3.8783395313544244,6.865750458602583,3.6097855394388123,-5.341880569172021,-18.60102205946134,-3.1364699176217368,16.57401123342868,8.341779341716778,-5.459656444264623,-6.163118475571092,22.785729115056565,11.715831930431097,6.690051404498064,-5.126101162318687,6.440406289814808,13.595633499528748,8.95579087706964,0.7240729812850675,-7.712170642919886,-0.7419874711535728,1.7152926526600254,3.9373412515809045,1.7176562453869992,-3.6808286931979035,6.4057105260208385,-0.2948864266594374,8.845253201133408,3.4100544417004386,-1.20723915381766,6.712541453337309,1.012450000816365,-10.258079884000262,-7.198045936430145,4.596054785953066,16.95504514318777,-10.902746606903175,-12.064761196887801,-0.7990511718480107,23.857429371056387,14.718174471429037,4.782202565065791,-3.9643562884558343,17.92814791137914,15.138488039283502,4.649659366420717,-4.6695920118108045,2.1220397038567,12.028089462075288,7.701658693853512,8.312657726823538,-4.924229711021592,2.1585134272747557,10.036764409006915,8.258876212191103,3.2538793872951004
2,66,2,-11.218294579944597,5.733771799206055,-7.533564578927774,-21.6819156793105,-11.549566230668521,-7.457827913415859,-9.852533617880338,-7.697576121427119,-8.536627558877738,-12.845413308908679,1.9144381503347394,-5.287235144321329,-0.9822960912318156,-8.335514460713044,-10.009151108774478,-2.177430654364841,-7.475354812496272,-5.874753960294696,-8.791307299102586,1.0730527723492005,-15.18031250691132,-14.851594075197116,-9.480141069240329,-9.27901529381158,-3.4381607247732284,-5.006429377176639,-7.2591879823608565,-5.917998417916637,-7.2346375553482565,-2.152829853999542,-13.270521471776604,-12.469494262704531,-4.97624591294471,-11.636632078327239,-13.627042928409598,-11.541813985445675,-0.9728880431957374,-2.817947437339347,-10.270829046752716,-5.220081035405536,-7.319828620589362,-11.338649006605866,3.9314806386146977,0.9286156604577585,-7.5648012056935325,2.2762135128684413,-10.601001073401886,-6.654862674252734,-3.7510964668174154,-5.8744465199089015,-9.59964440485872,-9.81356144791594,-2.232501488748624,-10.744856667068857,-4.900955901208626,-7.219069784427658,-15.407126243021807,-7.03506649787561,-1.6062802260332727,-10.025814308273818,-5.279099575862883,-7.212488794767461
2,67,2,1.134481259513783,6.0708197430457655,1.060741809151339,-19.653560719702675,-0.051236763261485546,3.0496399875264615,16.179743749384837,-2.5580264040802763,-5.596880552358925,-3.561308437186043,-2.4379247687529877,-3.6576223929480824,-13.054329293019068,24.476290251423652,13.526347287726125,3.2195121967120155,-6.027082478005734,-0.9497238230386116,-0.8200119079073624,-3.291094560005771,-13.357018619980199,-7.746167089852575,-9.162768767424009,-10.290264491991303,-5.022153044204658,-17.010225485192567,-11.67307636396187,-11.15051256017987,-10.396883906387702,-4.309514687640773,4.092475626015716,2.3860517802943533,-0.37214395875769923,-2.083948090763356,-0.7817264722330816,-4.405192334636498,0.6546773017758912,-4.913540838002346,-3.0692187672844393,0.7575721394486457,-8.728543192579796,2.894256928072469,-5.9887844558035725,4.610653492553932,-7.6717829198715615,-0.8662981767116521,1.2368411047088852,-1.6379971996988965,-16.70331461461852,3.7913493865351313,0.21984923374058266,-2.4511752794099193,-1.249455427381824,-9.029484038536507,-8.88300767170674,-5.021630627636957,-8.918053141306723,-11.732756442583463,-10.147702339218883,-10.402828805614263,-4.300140346934244,-10.307281648694747
2,68,1,4.660828626618107,0.1353449790522729,-3.5691576593487357,-16.195214633648167,8.138218430502317,-1.260215967734595,-6.4094139893891295,1.4109054524763842,10.544552631085597,5.571845675659612,-2.5372341882604985,-3.575936712188328,4.202634075968867,10.34283692934891,-2.640028018169332,-0.4762269422275628,0.4748450690005875,9.995807861727545,10.269602864639975,3.3286299808177984,-3.527189892603132,-0.41968994601288895,6.201479685947113,7.4825383569227535,-4.9510299745583675,-3.6328992424490165,-0.49842638676849826,1.6196529406872462,3.1666322360042365,-1.7357477738362985,-3.7161521513906597,0.8131148697036064,-1.5552414337218536,-3.028793055064429,1.53717937569202,7.0992378329406725,5.425331477121244,-2.995812048874342,-4.736118531012523,-7.623647090149813,11.577621930755862,6.550333048012561,-2.61337523779082,-5.194030763740405,0.5248852725788138,15.532502690148421,11.987457334359247,-2.2172539464777263,-4.997623742092401,5.394832061071987,7.7983602543667425,0.9242044458756353,3.25638615286614,2.6012665184396435,6.524539829833747,2.290096006469754,-2.223885507663575,-1.6363540502583116,5.490387581538677,3.2588550800389426,2.092450334054486,3.3654744979221265
2,69,6,-7.720171556240182,-1.6370997791428405,-2.559176483951444,3.303169604036643,-26.34432428525532,-18.336976360893114,3.4700799337247528,-2.6130634033967337,-6.985868923733056,-9.99246255242515,-3.7399398961399766,-8.613063543126346,-8.08424721910368,-25.319280883797063,-16.598885982950428,-2.3377051778909985,-1.6067141742649955,-14.071270630649504,-7.648492272319657,-2.4208359849190613,2.158597621112703,6.031101860253641,-0.45952164072815904,-3.2031691960263537,11.713620136270489,18.224942930179047,14.52246260588488,6.839346294927339,6.046463207750605,6.202204375143767,2.079372538844259,5.116200166038897,-2.15431285792644,2.1782227880435006,0.10956443252223587,-9.77416381296678,-4.0009901031494035,-11.527615427789161,-3.7309742411598563,-7.523360142189007,-13.18972902747565,-27.25395945077991,-6.532924109286198,-4.355080483174637,-2.4595806160998515,-11.572599941941276,-13.331060993008126,1.6796995470976097,0.24015687530996588,-5.448112255257624,-4.781136610891623,-2.834825555725799,-1.5769352435656794,5.637074533151463,-9.41480686792695,-6.938078557481851,9.94679980945387,20.738187279829052,2.1041462672079265,0.5840597260607086,-1.4930797924355756,6.551782376882503
2,70,3,2.0488014988737504,-3.0946033068041032,1.5690354639437147,2.748930825147685,-18.016713764157192,-15.177498181191533,-4.614285294829708,-0.9480006060585741,-12.648016328775753,-10.180742245394642,-7.071106283806217,3.167550848796964,-16.257414219378518,-4.621649942724261,-23.269299568790114,-5.445453701231333,-0.10601267229947264,-15.422285334939678,-13.32929994524797,-2.3600942032956866,-4.583103384924826,-5.807747238520079,-8.346106437483533,-3.5307542413257336,-11.788855247761736,-0.37604113658904315,-6.375169059943136,-2.9043181280537342,-2.836772059885467,-8.769263857380745,6.147790855796238,-1.0276429396486142,-6.4031405616097405,-7.82228700222061,-1.0034000951705908,-5.054733739984111,-16.047343775766294,-12.230795146675968,1.5639248462223507,0.20015672435302534,-5.07263143948938,-18.6339188794401,-1.9388874783067083,-0.10297072315361432,-6.723162936160294,-23.885501978192014,-15.605458705084075,-10.018289513113652,-5.3598624493858615,-1.5936406393331013,-14.833776512274104,-8.423064813926453,-6.040033921235943,-1.600571375158502,-8.121133858746871,-6.623845103037793,-8.898423834022406,-2.66791944950819,-0.9436483857926089,-1.8223501526319035,4.65318164342969,-1.72244663053851
2,71,3,-4.025746841301641,2.876814354983409,-0.6847342939184212,-0.24340107062513588,3.2763778444197844,-8.06490023760125,-11.985658249481327,-1.4674466729118691,10.8460074124855,-3.1724296131557432,1.2358847009103253,-1.166817640465481,6.003775036871072,15.47197584703383,7.6168384872399635,-3.509452358160802,-0.08516153411530805,3.2600095929544586,3.3305259380239702,-0.8981120597412126,1.4803432657996687,4.294578845930716,11.05844982271651,-0.1075125671241704,-18.33123380506821,-11.929032773767574,1.0344639828757993,1.6811741334045431,-4.9177708337764905,-6.962291863383493,-1.66503758162896,-2.613518504141944,-4.940244156776402,-15.578106591648352,0.19561067937941412,4.132589587629435,-2.615275387016194,-7.605888371287684,-10.6534638482738,-1.4383207502343318,-4.8198433731932475,7.765400277450681,-7.104929852055201,-9.707890120689852,-0.5187762085711818,-6.576623532852927,-0.6392738319388249,-1.742248753102769,-4.906045490671403,17.606221210393237,1.6127516411560026,1.575726043944043,-7.0848960659421305,-1.8864793707730185,4.026956124850208,4.832470341418055,2.5231663145056764,-2.078862809326226,1.5584223654643607,4.953873815326229,-4.668273302567441,-6.108237263723848
2,72,4,-0.24308508938950743,-1.3972673245660232,-4.2164617387532495,17.45383798685379,5.137481071963547,-6.764599870623474,1.9224728400387432,-1.6874476178895637,-1.443423007160607,-4.652979381041738,-1.4275139321391355,-6.736261833436427,0.7391688592345793,-7.4660774015355855,5.457044281428908,-10.006534663233449,-6.2498514852259435,-9.430206234453292,-3.969487974522408,-8.727696340213098,-5.947040068065158,-7.790607958734628,-7.7259984368447,-10.947431869100685,-11.927216973973485,-1.0511146151665134,-11.537103510041508,-5.5704216207036845,-8.752086568828219,-6.883277345636141,-2.4989276806960206,-4.827549262687835,-1.5387762324577878,7.296639054922793,3.1652123624368045,-5.4332060275553955,-10.47504720978848,3.4656560984553697,-5.643668198605952,-3.3700036083904616,-16.480528670357447,-9.375590316928559,-1.8505576038108469,-11.883846182626016,1.367677991698699,0.4067048833988708,-2.2993903210977225,-8.692216975029512,-4.798992196007107,-16.681570167647582,-0.23776800835096196,-7.2926828905020145,-12.523621378716355,-3.035441458191177,-9.004781942042271,-5.361703690943567,-15.046522232953738,-1.9284387150915656,-7.399382429606305,-9.869761438759207,-7.94612156225528,-8.858107689086614
2,73,1,4.499749262124393,8.04428913752071,7.949896809531422,-4.230184243787534,0.030124442464468493,6.545188692727744,7.280039108880771,2.8169699564303565,-12.654871115483711,-1.2635360058999,-2.820294157283882,-7.796738164272255,-14.651765924969272,-5.495089466924922,-12.377081862440699,-2.3727885597135594,-0.7280670809105216,-11.583402446959532,-5.974295262928782,-5.7548294237633115,-2.1002447959149206,-1.4024538026850024,-2.6917029165140356,-0.6289009361811098,1.855053119225111,6.857602023724013,2.581363295216292,0.8108608057586146,-0.1960235250682199,1.6381447063531809,-0.48611955983825583,7.8164391093944205,4.301812960243807,11.302141577488092,3.1698300599393145,0.07905237441996066,-5.688715781871707,-3.523469718968175,5.315067694170353,14.11745567864557,-1.6063349890045655,-2.9807119549979,7.670198769444915,4.438590475880518,7.430105030400363,-16.43231715048414,-5.27013806299102,4.621906987788929,-0.0055024475767847525,-6.548791020705433,0.048186409832319144,-1.2318105632268899,0.982987114211272,-0.6128612150687989,-4.84101469957883,-5.035677446052431,-1.3190407056429598,0.34598421976652016,1.1939843936891488,0.16584423536480156,-0.16846081382799374,-1.0677778539531753
2,74,1,2.9206653929020217,6.988893970568872,-2.0718814728372714,10.585589155668346,8.9255147898185,22.767077057900643,16.252362561457577,-0.6144496157265646,7.393146829884046,5.072521873363631,10.132614858766523,-4.759868386394641,6.957396014600644,-3.615191213355015,8.091797386778785,7.1281993869385465,3.506351381608442,1.5590248934231772,2.56990755021731,12.733531653210985,12.5534086902058,5.069147083011072,6.49800083375104,12.724178344147603,12.149117989670025,3.1486586797776575,9.714631182573191,8.460326392266039,5.049273450404588,-2.295855421198124,5.55349294465637,4.006222894768767,14.454347726900318,10.626503601081803,0.14229683051021963,13.940151447305315,10.433184917800403,8.000261239247491,3.361522496689291,2.6250289566360587,17.267677545706487,18.66587177269366,9.0535583061098,16.664342408045755,-2.5335097141881917,1.6409254188297249,6.043480295369903,2.6678983212843317,7.528555036113573,15.992079185196987,-2.510417205593888,4.417254752292093,-0.47584779217566675,2.96558230239671,10.272244676993019,4.184066534031003,8.105696644384148,5.011683300228382,11.001360800208111,9.497613301523394,10.500558301022771,5.193727320199261
2,75,1,-5.05370150829052,2.2164786802661602,-7.361653112238503,35.252707881989274,8.41149539547041,-13.238492680077512,5.3711243999849385,-7.470686596491736,-5.566343203027982,-8.114637064225063,-7.260047375531182,-2.7789289423082835,0.9947924738886162,13.628782916973085,-3.540255052652976,-3.603984085593099,-0.32218805496103853,10.933738837506992,3.819893939284288,0.5646663243121406,6.896452008911244,5.315526858131154,4.9835011963164675,7.75790501474517,3.306089349710043,-0.5320898404901437,-0.30068377342938357,1.4307370409483045,7.098643772576642,2.780753273686191,-7.782897843002548,1.917724531796964,-7.320228873911066,5.365655667262105,-7.911387997247824,-8.85624117562661,-0.5414179231426332,-11.510901665451325,6.4487443012866885,-7.688138503308703,-9.31894805086294,-8.156954558319182,0.03403424795308074,2.875752585690194,-6.732381386847074,7.804338802197353,2.3189859099504417,-3.2838520933533224,-8.408192132940373,-8.524771572067973,5.323704843000486,0.6439631558136958,3.7610270309307374,5.4013962228441725,10.239828258219013,5.549873771997762,15.697883705972002,7.047074187024521,5.905990815437516,6.378270037494961,22.144319059917844,6.963589439486584
2,76,1,-9.451958892543281,11.172981533267324,-4.85076402450298,-4.135521980865698,8.354103024276657,1.0844452718710078,1.9970043363367647,-0.059848580850152655,15.790030749560124,4.258884582163131,2.8687670602997004,-2.2551432255337565,-0.34576520737169814,11.450640215061421,-3.882009210701029,0.9186219720215334,5.097691558892045,4.77635467716879,7.524683066621061,11.529545067059924,13.874880449346655,7.5094481097398,10.537874652677578,11.596556187153048,16.552435536573572,10.751863348013838,19.418885258049144,17.42966268963476,13.995369650446246,11.772006631510825,-7.254721943235095,-7.679484616647044,2.7517958846477035,-3.2224866642911967,-3.5865455634165078,2.8744464388526083,12.50845798442215,-7.639071596400218,-7.432409671828056,-5.858305754730618,5.562597666026616,5.041470562221436,4.401653275348066,4.415775946131336,-8.344648553649106,16.41248532584528,7.989922015950445,1.8072669433838715,2.63791715813142,4.113170882732404,4.55310538856358,11.586516074972545,12.67051898562577,12.432401288573335,8.887574936558561,16.796253609561877,13.15561053220455,18.11845425716261,18.080581810312957,13.806668630551274,13.614866793291965,13.6177696571799
2,77,6,1.8526010430622375,4.49791658071165,2.2118567400498375,9.463764370805245,30.534740146397194,10.897943529766053,19.960332742551483,8.713004913953386,25.05449359482383,15.950124019098169,21.23184415661706,9.074969796478051,17.88820676769062,-15.680449404458445,32.953515754967185,7.025232903699097,10.843454092900014,1.6194463951694889,15.010966979648643,9.505445558628882,7.406608015753142,17.54282093575087,18.416917690416657,14.00440696613272,13.494819855601408,9.680129332236504,14.687662567542985,21.825885090386354,10.120265879986311,5.339588499014696,7.222469874316967,8.710561301786358,13.665307180456278,8.032791395467228,8.584228340082056,18.239541712512327,21.081196728003462,14.037425942400962,3.1880480062739,4.657563354502002,18.754589214557544,12.662935107151368,9.863719680323833,3.9893279639413457,3.837374482071027,10.453450408582457,18.717694203301175,13.927343309198207,6.329952988410136,26.127921256168598,11.592254435388005,15.817610437964744,7.090267952063074,15.102157583823663,20.539665196545233,14.967815311205362,15.280725843295825,3.539943313987065,14.980450694347036,17.846049471741264,19.240692021347957,10.325200468642498
2,78,6,-6.296415815107165,6.349274679302901,1.9522306701969123,22.62810878746393,-3.8220131425811665,2.2896409954342603,-3.8299340030814464,0.8858853472033279,-0.1441127072520007,-3.1151005746104605,9.457920627157414,-0.11428742960277055,5.552279618523293,-3.5809587674987746,11.015748955513821,8.205381073069011,-9.115298499421376,-1.934311877886436,-3.224386842120666,1.9047141251744821,10.486730514866554,1.1294886751055007,-6.508529692343095,-3.4448850184406443,1.6883450546358683,-3.533952124859775,-8.130668411849113,-0.04286091747443738,-7.610089018509339,-3.8765572874534238,-3.214780777874517,-5.713228184071075,-0.26281972615638877,4.504573428134505,-6.647624374918139,4.634331741347549,-3.0664674969072028,11.247660661797697,2.631437275592784,-2.7458173229427247,19.491845358778548,-7.681957830277435,17.99960393822049,4.538051532331581,-2.427042018111067,11.753872995554445,2.939380418543319,-3.484678709336481,1.4437304957622155,-3.997181325878315,-4.997328882423659,-3.432312739783014,-0.17093815849866867,-9.696236317398075,-1.6734850565198724,-2.41100656643805,-4.884436036522571,0.8958958496464545,-3.967158115287197,-5.853772338956775,24.29927660629335,-7.839110362689895
2,79,6,-11.776038647583897,-5.259074169415526,-11.168464994722434,-79.2413404961912,0.7075150948608435,-4.176857726330439,-16.755570941491097,-9.670148221537376,-2.0953616651865405,-10.619956342262073,2.6471609549778634,-11.58391651632718,8.829323081876057,22.807886383223632,19.112770675579323,-12.010608894296178,-13.502133998792713,12.328457255350868,-0.5428841004500211,4.269299591145417,-13.468390468212705,-17.113891355426446,-12.678435583811865,-12.896873280269705,-9.40643105479865,-35.85132870804975,-6.218130247349421,-9.978938198972084,-3.5365305875269,-10.863348939558255,-10.079705435368115,-13.399247545976097,-9.277738687514166,-9.106905869571724,-12.017261491486481,-3.4122031838519558,4.58823082780057,-7.614698232921049,-14.466363952654158,-15.440777068304616,12.290475171025305,7.14986365950643,-7.39740216055113,-10.525770104240355,1.269624027026046,-13.20376336474607,-3.1944688763355904,-17.530737473652138,-19.858773388604572,8.25802932761428,-0.0844031610957725,-10.05328447103682,-4.328785865709592,-9.38207026362056,1.1561624578586431,-2.9319356555891485,-4.020493001961034,-18.005599369231398,-9.706427984098656,-4.508841438820905,-6.686798747265481,-4.4631785881569295
2,80,6,0.27682443264099593,-10.289350301850728,1.2538961669651612,17.289278652450843,8.461670422466566,12.127036527457946,1.6429940643379597,0.31473486514928145,6.145549358050456,1.8501025766997428,15.64585490806438,-5.023893061661864,-10.176111942679599,-10.891514196060598,3.8058639174190967,13.788138975798176,-5.867806456701989,-6.837934863543497,-2.696628160036467,15.750557213362937,7.658907332548465,-5.5957809190106795,-2.1137102204034237,-7.575721854488819,30.123792368827814,31.86182791094589,17.494478521709578,6.821103079562505,7.271604178098552,2.4306190664902676,-6.372232466186514,-8.705652838777297,0.28905532320268523,0.8507977996827893,-2.1042473144959177,-0.7389540562474332,13.956759812764634,-0.4838023567912967,-0.22394029619512956,-1.0172825439992113,3.775802729764906,1.5191932294245167,10.254127997041842,11.290091832145682,-8.375514501626267,-19.56024256344067,-4.298219062606577,-14.80382483000527,10.239878777990954,4.999363858048326,-2.919628900589374,0.621902768170778,19.79230159216718,-0.3143978170687104,-0.1665352845348688,-4.40413476122407,0.03798619171649875,-5.750767855109964,3.6182372861927954,2.595431202477436,4.629962640928058,7.736468335113877
2,81,5,9.187769900842735,15.140008947675723,-2.1118058158999045,-69.02741119374589,7.737850207801361,21.91445517553608,14.017724980387229,0.25776807037068666,5.753957309387485,5.085797674851726,21.104036690394683,-11.086547730797223,-12.256938167790906,8.186691344193207,15.614091545775,-9.203881233385422,-9.866807953022965,-10.980033650142484,-3.1640958634046137,8.807174252800456,-1.701018333071616,-6.448478846265597,2.1162381495871583,-2.292784028663868,-0.02251956769174441,-23.2126069336948,-10.057409166153978,-9.82141486678,-11.39720829554391,-28.222457364474142,17.918908420314146,-0.7992491555831788,6.900517818415771,12.392805529145033,-1.9658266757387752,8.438181763577346,7.887595921209678,1.695633805061623,3.054527286099404,-4.198816989503073,33.47016004309422,11.062195429169549,4.415636934817019,3.3543305684948654,-9.846635210574837,-0.0471288905160996,-0.013301107441870463,-1.2645555734407243,-4.411984049209689,28.707717388595736,-5.414305565197291,-10.756662265920056,-10.245027385592438,-6.5142047358903925,10.721111011714118,-6.191456453851994,-12.081951041660481,-17.431903991053204,-11.108123360883171,-5.453665368696221,-9.83822554901878,-10.974109868859731
2,82,5,7.065131885953608,22.134291713466727,-15.108519529106049,0.587160710211299,5.001318734502647,-1.980256920757069,-15.687338102688429,-7.0369328869075165,-5.805231927598755,3.653539734279236,4.45663984869955,-10.263489679309542,2.727283422812457,20.927549733939333,-0.29885526595029527,-4.578283455086556,-2.859940384809929,13.077560905367136,3.7041655483587452,-7.1138239636358485,-4.717243376483279,0.3556071364479835,5.221627206246298,-2.461581849288649,-5.414587802321813,-40.221707319341036,0.7625774110059775,-1.3653944444320194,-3.147993062054965,-16.44977227234985,3.5487235943309794,6.0033158196318075,-0.5630948200322132,5.7294069377353365,-1.2532599987235025,0.15152378889118723,3.0401644976355304,12.204951319309718,-8.969462691147516,-10.523301154136563,-8.118441631858486,-12.740314843632818,-3.1451196431426505,-7.158724025141717,-2.837239674207324,0.6143990614083767,-0.1530615261460584,-4.748669625566591,-14.785484639842553,10.221960076795346,8.432097926219113,-3.397688674445194,-11.26142087644648,0.2959187082582853,6.4614597395425895,5.28402897842773,-1.1492359755878778,-11.995007310880395,2.346494048294361,5.037965216855636,-4.847208093448612,-2.484493320603378
2,83,4,3.9473644119414786,2.1482964107403295,-2.1339672618423497,-5.57333297470993,-1.9417650486376696,-6.353677546361277,-1.2298387313806793,-1.670165001681619,-8.423435550001333,-0.782354311495111,-6.058352840564598,-8.80936092833375,-14.488828732893339,5.122128125734446,-7.087377666323248,3.9914977141178976,-7.555266734723722,3.519745176149783,0.26437865087773804,-7.029547243095121,-9.521034452105901,-4.579290409038616,-5.2131038737119875,-4.3746845463245405,-5.704940876878074,0.04136525444322933,-2.5290944475578385,-3.4834737330675125,-7.196790374293015,-2.956894671180988,1.5389700350124471,-2.9718221407412093,0.11681117903350374,3.8316107877677807,1.5869921764313453,-6.166754511707439,-3.37213128470005,-4.004777857126943,-10.909070615350021,-4.304336665834231,-13.754639823013475,-15.984187884642395,-7.675557914394432,-1.0838806753887271,1.406789181163398,19.333306685998664,-3.848788017225335,6.655574668925709,3.298863639328175,-17.121909215887335,4.219364759444101,-1.4847966933214078,-7.19275835492625,-4.44320392644987,-6.230331788339269,0.07508769376975719,-16.055197189377456,5.014274314681929,-3.807448111588088,-5.784528273612076,-3.1248836081088878,-7.189151922220272
2,84,4,-0.7168936596149816,4.047752479591023,-4.169122264039045,7.2434684087283765,-4.1936600757194915,-7.989437522321216,-13.164909139320974,-2.8158113235357867,-13.332990701385585,-2.735642451511144,-6.274254348083607,-3.2795630123284525,-20.043311843784853,18.131430994236563,-22.767313157503548,-5.648235314350689,7.427463330657836,0.9941015047725386,3.5961727568334556,-5.544430363684799,9.492523683010027,0.5927473759426296,-0.36828043683227685,3.3547055441431883,-0.6974455608202639,-2.5759914650542015,2.3229379448812546,0.500693002761138,0.801296830895674,-1.0307268734635204,-8.735650875787368,4.01923331576286,0.26948085315411957,2.0038593255392296,-3.6138386859149665,-9.308233876871618,-9.350121588696068,-1.828501473203665,-1.8329211668201546,-4.708513654115402,-18.430100881869393,-25.88786148470714,-4.810367804227921,-10.176196260786638,8.246999139244458,-3.4219104096793163,0.10111688060413458,5.74949129012118,-0.7288971005473286,-18.69349782652698,-1.82117474739576,-2.2883433473818937,-3.093385672369948,3.270588874907756,0.695300987524139,-7.276331521865983,8.957096947896543,5.489182661764506,0.716514474059252,2.6284205336237276,-4.550000224404443,1.7980568298797421
2,85,4,4.686402744312609,1.5220329946168931,4.4609414728829755,2.714264657200745,-14.420722114044336,-1.735903715084466,-3.788471840072149,6.034986442227555,-1.1067921501050542,-2.73755950233388,5.051350547466427,8.370787387304915,-16.81887435419031,-20.55327803437121,12.76415309328132,-5.8681056571885835,12.172796247754151,-13.639850990767247,-7.093398302347716,-15.952626756869446,0.9398607556912594,-0.23769637400556984,-2.5414600287530016,2.4185061394577727,-4.773156799466873,8.654378121502967,5.399390769100223,-2.111022119364905,-2.737492060697661,3.7323223896326043,3.5966361753369975,4.075862911643414,0.021752781007529254,-5.257405769420653,0.8460536321466108,-2.0640702334845926,-18.71528005596569,4.34188048261013,1.4058117210728724,9.82566179234886,6.94235492593086,-15.354086181614548,-2.09246298452703,2.856843718225363,0.2603845032068291,-23.202153825257895,-12.931644942219622,-6.689019169522133,-19.64175107900235,5.5510872479573585,-3.6018858395982534,-8.45027792319178,-6.252948204657379,0.802649226425806,-9.207188550382853,-9.819114476198145,-0.2543932961799754,5.45418772347862,-5.32861732962973,-3.317646170239442,0.45315968935809514,-2.2315451123910703
2,86,2,4.620600880475762,-8.195669682402233,-7.983218824490905,-8.087596785186266,-6.106867916331196,3.0736932071442595,0.6290652369285322,-7.653447039908065,7.039503047603367,-5.4846702533399245,-9.292430153979756,-6.396875516840873,0.0869563660107372,-32.29827815003512,2.0425491309838315,-7.80968107462565,-9.428921089348643,-27.302457576254145,-9.296508519915959,-0.36700383172279605,-4.389279062712064,-9.312935849015672,-5.450332633026581,0.5482980742278263,-4.790152820962959,-5.902388446055712,-3.69299228847163,4.977172822771004,-1.5175164763066102,-6.56434618191022,5.427800411932035,-19.207373983294858,-6.3205912420866905,1.2585222811051988,-6.374676097616004,-3.623845053791271,-10.925270384427433,-7.466245971620083,-3.9341054591861315,-12.431714465523628,-14.562412359570034,-5.692537148187799,-5.35066922962852,0.27676122796880714,-8.866816384624828,-12.03737111878013,-4.173255445072201,-0.8350445695175992,-4.894075809296492,-11.970520201650237,-10.11119074972415,-3.67692300954425,0.6623663944987257,-3.7409974283470584,-5.28137887290838,-2.0861474192082308,-0.4439833641006814,-14.461712521603094,-4.449325660107339,-3.906340453455726,-3.829137695104267,-1.1845173346895232
2,87,6,-12.807009899034727,-15.273087296544064,0.45578454166832527,8.38427383210737,-10.16601714732625,-5.337481956054433,-5.164466671042271,-1.7511259878576704,-3.9063446254174177,-9.859725527192763,-5.527847181602452,9.413231179640604,-0.98388448202267,-22.68899796730499,-5.093149724779879,-3.097523079549031,-1.163906291161278,-22.26755545251979,-16.44660387703264,-3.1098846053625113,-4.652385340094929,-6.71704124881909,-11.938891675050666,-12.605387000588514,-5.781300940641726,1.6277676505737997,14.918845338519757,0.5498948487930171,-5.062144787686808,-1.107070138428087,-5.181871409823258,-4.011771725490689,-7.531289370923595,-10.848345678152024,-6.509351200069207,-6.387155585303311,-17.272341529043718,0.8519479106861823,6.388655529050845,2.557617702475952,-21.478249242756423,2.042772452505986,1.4845228153848786,4.448567287280883,-0.4459087659332267,-14.36814569999895,-16.98290705267431,-0.3506186885259504,0.3195674020524424,-12.899898459271693,-19.982203432563225,-6.868434254954592,-9.944550004679847,-4.379731959180634,-16.144209619202627,-14.035841772196491,-14.758435849918099,1.2125225177988752,-5.451849329398898,-6.835946258361929,-14.425917155858942,-4.551251533827405
2,88,1,1.3422892390091614,-1.8933511555035858,-3.917981498908799,11.423625075263997,9.379281116859627,-0.3252341448068169,3.2858111926183398,2.693476702018482,10.751260805378877,4.882308342289633,5.320081417516967,4.647860369894923,7.47265415136679,6.746078617745872,4.842750606081657,5.1674201065041245,13.306224159623795,19.475974246314387,9.146686940022356,12.447867908424186,23.797408133801994,8.48142188785189,11.174182314806181,7.725290570595513,4.15348711228225,0.2214334379404606,10.097817993325343,9.271440014720149,7.669836431378269,3.46453959155947,-1.8871535249281588,3.125035277908532,1.2406034945317252,-2.6725328415415737,2.3422723317564262,3.735120017053106,-2.3268436050474097,3.426928308380697,-0.35856904477880436,-1.1381636689581751,-0.9225107673555613,9.076153688303124,6.964946136980247,6.800344649560343,6.54006968170586,6.735153785793158,4.488723322022253,4.5106993931055985,9.084108255553721,10.797294361289685,12.450732919887246,7.34011938936282,9.661418464670819,9.503338982600992,14.84959277138114,12.03691607359911,13.504720965161825,5.513467513183813,9.366317062661414,11.549570503724153,11.361113796180975,8.292687208914174
2,89,6,14.61270961173591,31.25208452198561,13.905573720623526,28.00861177316346,-4.841393908360836,2.9186935362792217,13.78683718268918,4.204251979148337,-9.641114942763545,-6.275400296035339,9.88497530929346,7.797770265547674,-1.832407163211896,6.7415746405504855,-21.92914232833129,-2.830633405028138,5.3129400330504915,1.1421029763977688,-10.070916655950434,2.281989791203384,-0.47993463423193866,-6.650978120753725,-16.54645260119038,-6.667177890813572,-1.0874155887357164,-5.034670425896963,1.2513514409841178,-3.6541632856355934,-5.725960524667555,-6.47339569438794,16.911868143735873,27.63169422836564,13.420014442467108,1.1241842254644214,6.542496543320851,6.312910521902693,3.4476446072775393,0.27471776478128673,6.547902036901204,11.828016954610444,-12.943648385928897,-7.58968014526749,11.89681440287428,1.6388651118329842,1.5623996425874362,-15.893561787085561,-7.418864233873601,-7.34680572048784,-0.11451492699362908,-9.630733667123248,-8.310559469388751,-13.788303350439154,0.376083276609367,-1.5755365204929215,-9.139617147696459,-12.523246323508094,-10.626035979414063,1.9910427544084257,-8.635957935098102,-27.067916687850555,-13.591243284481878,-5.9537601512743175
2,90,4,3.2748357740389893,8.430100806784342,-12.931261522218396,-22.109694966468204,3.9488474801779025,-7.41976587144408,-7.2917939525143,-3.455519042000537,-5.998158785787115,0.5135265113682943,-7.692608819922385,4.48906460013269,19.17612042623322,29.51381726562977,-16.14264645970359,0.10859117971551452,0.733910771436058,16.447299120175394,13.437410700918605,10.008278988960496,-5.7756677698322685,0.7215788055256738,11.882262085996029,4.126370860882697,-4.9646680739526525,-14.429384568515214,-15.512237202682789,1.3813624987719433,1.161142485079969,1.2916927862821552,-3.845446998420278,-5.8468247526935775,0.13183544097445576,5.499867263460172,-0.3382361022749827,-2.6693476577312114,2.726895840634114,-1.05296839452377,2.219314181887568,0.11331831722232141,-12.732735434490278,4.302251141541065,-12.715461168512022,-1.1805231945259818,-2.226367074939446,30.679754330617612,8.547447064437158,0.23617121761255858,-2.7963420753935115,8.381143390132884,14.871817456331199,2.36277803722996,-5.369561303225228,4.460284165492875,12.887124012587828,8.45574235600396,-6.966108994217729,-7.3746213752140415,3.803163277893897,2.648513400487078,4.209686983376741,1.013334840093172
2,91,4,-14.876447751873915,-11.010040031677878,-5.902080912801729,-15.813472962824676,1.0771228017671612,-5.22634601890587,-9.677765738204819,-6.269257408055687,-21.859645507343846,-4.079810771682276,-11.654744701766656,-4.784536728953442,6.178210159809122,35.20653555942019,-23.870903153222336,-4.501733717349609,-0.34362057811103597,22.153204825774914,10.888291170048275,2.7727565207893434,4.5213588388046135,3.63264218191957,7.1422968077779965,1.164272848016969,-1.4767073212509485,5.532574364319212,2.9705412397842585,5.828956501944583,6.206430253067347,11.558430812957626,-9.026804333461858,-5.644047357533816,-11.99202446898492,-26.944052922857423,-7.947364413020443,-11.872116640914326,-6.002013954947272,-11.903947344430293,-3.7913915599560046,-6.802059446819268,-20.136760642002447,-3.5410725029707875,-10.729642868022117,-11.356479251234814,-0.9833452228411304,19.380899064163337,-0.11489404383592472,-1.6850081552274339,3.0510851352407418,8.242571085305293,13.922616080494551,3.773679266201061,8.740647693465627,8.23926792339217,9.249425997242056,11.557196347860666,-4.571782466762402,4.938828547326165,11.146606893751423,9.638953715290242,1.5825893888693656,6.402820317869692
2,92,6,-14.72437214342558,-9.367943400971404,-11.351596157270954,-6.509287987438195,-23.79718463504458,-6.110390198303434,-12.858748053950139,-7.359399079447382,-0.314237672744726,-11.04656015757881,-10.66827333260828,-6.006041771414259,-18.341589778707156,8.442167424301546,31.12554924399024,-10.237633206041114,-16.532397540604208,-10.20398656392424,-4.222482522561285,-17.521931826068865,-11.833039142577563,-10.463814861799888,-12.909555124527797,-9.158854749326295,-11.043379208782875,-1.3946887929377247,-12.728968924842775,-16.89898424273038,-13.544721061551224,-43.165094299378175,-12.374094638700898,-25.290947145441688,-11.775448832910792,-5.765349715539231,-10.741490402327086,-3.8726011223682217,-19.393243839101086,-17.879342286075218,-7.414688952147913,-8.933170121662865,4.737138158289669,-10.918651439374456,-20.453113279146383,-10.11329732299214,-10.157557029413379,-11.914893295865784,-8.615439643765367,-17.697403449633317,-15.664216023301943,-6.262604864547029,-0.01978520740096043,-13.326771966749567,-11.547986360289528,-12.554676841126708,-11.400498781216937,-15.59061134293131,-2.6128190994410376,-4.00048453314798,-14.367981332286096,-7.063901646624938,-22.187837188381984,-13.78759128307332
2,93,6,-14.633131020350335,0.7409552931984331,-6.414431902352815,-13.454183574092996,7.208739005937812,-17.75923224120606,-10.674824836459472,-9.047213208236979,-18.93673457113868,-13.231157448997417,-12.469452134537978,-1.2030807269123813,-10.05496962195854,-12.949618541981977,-22.767974597992517,-16.26088595519797,-11.97464920174922,20.65417185094116,2.1557453342077375,-16.008476983755827,-1.9814155127217137,-11.05931767307948,-4.878979877421131,5.175665372959907,-11.630185956589688,44.50818436483786,-5.6012243530826655,-4.788956399461849,-1.3296706986772588,-52.46406355909659,-17.4558940824212,-15.961689306536643,-11.951767205237974,2.069880246082548,-3.864574911143834,-13.61252423662057,6.765316080120276,-16.743449531677296,2.8192661650842292,-23.810237245270745,-15.33626434052501,-16.667982635156417,-10.110503879886839,-4.805290935799572,-4.448095414719379,17.749411134628534,-4.8343409882097355,-25.31623482465651,-8.958419895151676,5.891547949712087,1.4589907958558408,-1.8784153607912504,-7.554634662628986,-2.0445335726821554,-0.7805636734701693,0.22659460914026255,-4.904402380763766,-5.455573866461834,-2.926951457723616,-1.3545959443450206,-8.203038530923969,-0.1476390902180119
2,94,3,-24.299950711451846,-18.117139799673694,-23.23501695581804,-25.92172716503464,2.637685543641722,-12.120813723165174,5.357713785340509,-16.270930129478174,8.464375171960878,-4.840879902307503,3.664460353348858,-13.025607913959677,5.925207230466896,-12.240582560938666,15.463073436227603,3.3565298163491084,-6.368179349365028,2.1476897231257777,4.852407182600898,12.282579641300815,0.34582829055171915,2.25087104618504,9.53344662421633,12.549507255552383,15.3227526297929,11.396062387890687,1.492814307419082,0.787490151822567,9.18755920622044,11.926601747255312,-28.19374856602672,-26.072530311282442,-15.081445481889418,-15.298391794376982,-25.323034831481742,-14.465255846746453,11.804709517862648,-3.0198062749852137,-8.382297770279216,-14.958904488239343,-12.290100246395284,5.781541045584787,-7.615978967111628,-7.889255925513257,-10.897197786904592,-8.029732579217724,8.27044141138109,6.517642811619363,-11.496193429273434,8.527341632912483,3.209017112101547,4.663857883046859,13.122313546493839,-1.458796921345155,8.077510336186831,13.322988517485886,15.207277106439209,7.727940735270887,3.914450914587645,6.447606720575466,17.24602171853639,9.68059269675456
2,95,6,-15.545454214968743,-18.605547084382223,-1.4422939184154444,-10.506237755540946,-25.40758560216283,-3.6729836173173855,-4.178243872062188,-4.987533157043973,-22.216828380416093,-19.3174945708455,-14.846348662565392,-1.6966113274826142,-8.082966403871007,3.8022153134764385,-53.467480365822915,-1.3119583210479124,-3.503322129438788,-15.353311054953723,-14.306978315160398,-14.814842342512636,-1.0477187326916206,-7.44070966237951,-4.310888218693435,-3.067685095763696,0.2751054433628739,-33.32708779340838,-3.0365748618354615,-5.743167243602616,-6.6114161359487,-20.29904057335382,-14.243367437398204,-19.27233732255494,-23.74018849105369,-37.78129680127632,-10.892719201857178,-11.657500191637103,-22.27214357838398,-16.723137647095253,12.324420979022188,3.627135555123591,-18.639109450142552,-3.7684886159329913,-12.980050442831176,-5.180632771878709,-0.4955361093445564,-6.093048601274995,-19.338935529994888,-13.183417657526533,9.804317657580235,-35.12510269662229,-4.069867606206637,-15.538771997137761,-0.6184858393900823,-9.118580725146222,-17.382061902342784,-14.568593055191569,-27.50042341376949,-21.464758627298394,-11.88466779293674,-10.825008669391089,-4.448015402321046,-6.625454495200982
2,96,1,-5.629764630453568,-4.738675949186447,-1.8754997699998488,-1.094788653957771,-9.835866168833112,-2.1958128439217095,3.6098529746210777,-3.706048860237363,1.2783538030415045,-5.770894312595086,-9.794248111216671,-3.078942874932761,-15.092467216649883,-13.320174034344172,-21.244264727685508,-2.052184717684257,-4.6632891086657065,-19.53811050188251,-15.312982142198736,-11.921360455180816,-0.39532496107787585,-8.87833941623387,-6.981975906282923,-10.93330499688845,-5.104538013829234,8.297544937308238,-2.6988653650552754,3.9771602345039963,-6.352531545227622,-5.940539041556778,2.5808618700177206,-10.091970068925038,1.626238166862848,1.4593194468719206,-1.9055231134975092,1.0851024914442036,-4.41675760751454,4.164491930544924,3.0472595238853706,-0.8354322314148824,-8.79121459489007,-13.416218299509541,4.422377980626531,9.411360543039509,-14.636151879690823,-14.982258198669227,-11.561906769752456,-4.891889202340348,-4.2496155315056106,-15.202322323920157,-13.155593676537995,-11.843344597918234,-12.15929706303812,-11.267369922364084,-9.482593183201264,-31.048182273919643,-6.047217437838454,-4.4435493650664455,-5.588820649901543,-7.175606380239491,-4.785686971597011,-6.402668681609014
2,97,6,-2.0610493379758603,-5.57869633541602,-0.1516079405072809,-23.212560544721782,24.26240264099636,-6.816110475942851,-28.633859866276005,-1.2574352866447556,18.78165916276232,4.487004389055073,-17.80954623019618,12.692739284279316,20.264100603395836,9.57358996879037,-0.3363738926560562,-10.840909395594055,2.014430284656286,14.4629722617385,-2.083927015166321,-0.059300835834953325,-2.7315893251414796,-12.465239012364025,-7.483048106248421,-17.52726573265363,-15.649069523427446,-41.308153675937255,-9.679497289266894,-14.90628985560886,-9.096739421712188,-9.820846076469822,-6.914050592282764,-11.77267233267457,-4.7908228073814305,-12.344025036138364,-3.437735138597288,7.0586730898868995,22.321416952244064,-6.522319439071708,24.7113701030612,-12.959485887051143,-2.7598262329290573,11.073330939486166,-19.80383745417362,-6.648896830111022,7.426789194527202,20.119406408653038,1.8935786756550572,-6.374444361991913,-3.442908980547899,-26.791598028344342,3.7730346472206984,-4.624026210410751,-7.637323100835352,-2.7393459102093445,-0.7950276104597059,6.5467392143952425,-15.883660740088434,-19.582201714468436,-4.0447821168938125,-7.1978689863619145,-12.695014475066802,-9.726419754485347
2,98,2,14.201138422074846,6.540128710407125,6.660959136490592,8.263616087755596,25.908097406775447,7.7940332392548655,10.565825043382443,5.893911496872401,25.076591932623657,20.32232702532555,4.187555037507015,-4.416804015091282,21.008249376491626,9.254578738223488,32.915773929619235,12.339761303544677,3.6015824819006363,18.9263574283069,22.81257557541858,19.82038692278196,-0.5642366405553751,11.852141886835964,24.70140593680666,23.057725149757662,13.23018002339707,11.809790658037642,11.23656718603835,13.409447679355765,15.142591716733019,3.968000723304586,9.522597578195173,8.853152923214973,14.63231782478893,10.229796673412574,10.000568772541218,19.158100563601202,18.27335271843504,13.44689039141508,1.7144626462832093,-3.8966964783889466,13.195075549525997,14.927503348214598,8.619058834673858,10.600048854981159,4.366064339580874,22.094582283733082,18.041841327326328,12.667156853054353,5.374444401783231,9.125549354942562,16.11829424422325,20.096688825160076,10.934556233855645,8.755848997755246,17.390901185458574,21.504324924109927,19.443444033562223,6.889281194441289,13.062818887512893,19.455514911073816,23.20224648550516,14.58839935754857
2,99,6,-3.098066580345534,-2.2173381964335332,-3.411895620341342,2.1356567837263842,0.7533969055909495,-0.837446103451726,-3.321817278930143,-4.518418048775372,-14.077531428507926,-2.4435999968668383,-5.539399800271297,-2.7981706461074163,3.513770885243104,5.761882246381078,-11.996658878537216,-0.8389123223335829,-1.457929058767084,-10.241260783337966,-3.3311705581344127,-0.5337625152499573,-1.057114170330417,-7.216335400757262,-1.2149956467356984,4.635233387404272,13.768766633121343,15.07323399286082,-5.636341387923827,4.7818612895519825,6.066071527215035,6.72099733091437,-2.7734938626484245,17.899801572989205,-4.427699309171792,3.5320730370287667,-3.7184399398747963,-10.008936162651858,-6.391714355976485,-2.6360085373630815,2.3521902301326043,-3.6549131538400963,-29.237051767910412,-19.69297522560851,3.5564295418515077,5.787924106085172,-7.80658437906788,-2.3594200713446427,1.1583575459265312,10.921318408612882,-4.450863509938667,-23.74467990074944,-10.122852905766992,2.031152449062708,10.625323941931129,-0.660200780802747,1.680129234343994,8.327058513285358,2.9571432933983623,10.968999235763027,-0.25615022592700837,-2.1841760536985158,3.314018618247315,5.166712282361778
2,100,1,3.943989666201536,0.6906664853961004,0.7195859360849342,-0.4846323053920405,7.045848105483258,2.195265189432199,-4.486410346256975,2.752865995337232,3.212054812235804,-0.5760883838846922,5.037114086021418,9.81371738138025,-4.991822149854424,-22.812272461630954,-9.662572807694856,-0.32180037070065737,3.650708424026804,-0.7018356744722429,-1.5146556119690056,0.2186443103568223,-4.659240178741156,3.6659518258884667,-1.0593008582094108,0.23167992308281526,-0.26864239368935494,10.043421261728083,8.200599108141182,-3.9156474759802222,-2.0942999490241454,-0.9068755181506276,3.2656763276857568,2.1838094674550548,0.12752529965123105,2.3388259575656827,-1.664409759727008,-4.5134085577844525,6.15458668857563,-13.445896155859646,4.144475054342252,20.628820755041946,-2.755233851761175,0.4845944688564572,1.7530303222025037,3.639396014623344,1.6857960043338738,-0.32142122748603363,-1.8511601199371788,1.015285565926717,4.805055039980243,4.443738957710861,-4.456799888211055,-3.269426079137572,-1.200851911497189,1.2659206544616954,1.2102979352561434,-7.473564267402701,3.1173124410972983,5.188979063035419,2.548112702873966,-2.3885543910650227,-0.327812616355581,-2.257999820771014
2,101,1,-4.119258989988849,-2.6820757408603684,4.275307627485658,-0.3736986014083392,-2.283405467916122,2.101369700227046,-0.7061078953812253,4.656783863574849,3.0637710510366944,1.1659792153336528,2.1102258961920333,6.752828175043009,3.778318013297394,-5.310639593897888,-16.3075259901674,-6.452418262956711,4.544560900026163,-2.1389809820074124,-4.832027975918452,-9.085565992267568,13.14552411534709,3.1520966800247745,-0.5541375967639882,-7.364067233735465,-11.04328227247589,11.343338333933449,-0.3212653827376494,-1.8524451953211305,-5.22854952668635,-5.155041743126675,6.21009572368206,-9.695149416365187,3.0061765851214437,-1.8813139872068945,4.503385302764022,-1.9526983206273925,-1.934097051327314,5.952247560523997,4.578439296421979,9.572376507947721,1.4256179827697022,-5.225208440454816,-10.806099949296705,-3.645416675402399,3.523549745745229,-1.2223645064627706,-9.894526619228488,-3.927317981040332,4.633421691892692,9.734150870748586,-2.1744014087953687,-2.89324999071385,-9.080733442423503,5.413972698197491,-2.3006585587452095,-4.899148543677629,-8.993107247768286,7.210803580992831,4.37559039205903,-2.1157030746931347,-6.855419623506508,-5.5142975117522885
2,102,6,1.4872234418715637,-10.909976449056824,7.118121440323618,-13.530168646753467,-9.477857453157986,-0.918343879146184,3.0415843401285936,-3.5401244934807305,5.655010173687846,4.489709276194888,4.5565306830618155,4.648938869671303,-8.124803526451952,-7.290867045408162,-11.891442631166893,-1.6913912042623314,5.801372615949865,-6.603423661029922,0.17448149994015694,-3.6935314706458517,11.158087907870089,5.311638221826134,-3.9112362175748294,3.6063096746688763,6.705471709999539,3.5680959308974276,9.71201062978178,0.9918137837383083,-1.2876396664963459,2.348469993031426,-0.04219102943543264,-12.30787575757131,3.357305044365092,7.685298831139621,2.0780917041276292,0.3921272119098317,-10.621304448977925,-2.746512518457434,6.774947438207336,-2.182334921010429,17.26123551168002,-9.92267925939637,1.1337861564725913,10.06595350712326,-0.9290622629327461,1.4021840980049307,-6.582193298265338,2.8739324955371903,1.1622715785236244,15.414254888937595,3.4180046563241153,4.15430019958592,-6.181256289593875,9.284917991608381,-2.1645298667376984,-1.9373875927270916,-4.480718288184482,0.19116573052185512,-1.092012186446681,1.4917147250664304,-1.4055589072224566,-1.0306342230859884
2,103,5,-3.7346102002122192,-12.276862343909544,1.6656526324804874,-10.19453638138408,-17.82709005375098,-9.905122860948117,-4.453404050433961,-2.903378585444357,-6.124858339186524,-5.070925122609629,0.8145979401859934,3.878562778325345,-24.033680297002746,-15.126105446913632,-34.28848228294677,-1.7310795899900824,-6.073562579411199,-15.395156496136284,-7.357170246285959,-2.18959003012264,-3.9625025188504956,-5.932993112549348,-4.643558649779239,1.5445230318256082,5.725863552629588,1.403047845071386,-5.729575441616426,-0.9712322422121535,2.4611184639833525,12.542134256579171,12.29020143439425,1.1314604608086505,-5.7923774724689885,7.096722545965412,2.462420298967783,-6.3362305831254915,-16.30163168634584,-2.9652241697852895,8.164235001248189,9.342664113858852,6.1951809114685705,-15.906100301708024,-9.008064088843218,-2.7694492053535815,-1.7526553567021907,-19.58927149248378,-4.737445694204175,-5.317962203213163,11.691711381463925,-1.4702231570987436,-10.675065017100884,-0.26908894907683134,-4.474145713683555,-2.0077775423187876,-11.558262273305791,-7.574992939574285,-2.581847777010919,-2.921310008990811,2.396045469985594,-5.370197493401239,-5.952386582787031,2.810768116129242
2,104,3,-0.44748452827107243,7.057248984577087,1.039052222819187,1.5271183440189164,5.2578439439800215,5.277532255600731,-14.771627464899556,-3.0640912654031647,9.306426484137774,-3.468251368331881,-3.75361181035774,3.4064478929631594,17.719371088235295,-9.649065285285074,11.982203371368536,-7.13601487052695,-4.20959856417938,-1.8880213950647113,-0.566583355803544,-8.75900466959333,-3.159238105321804,-0.28352754308683237,-1.684616243012429,-8.831728816532138,8.832857978107151,0.25354653948963346,8.328924789604525,1.4555443822428928,-3.7949180412219814,-10.357494628153418,-6.814926555062214,-2.7864284300722346,1.6285723146369186,-0.8866268093811303,-0.08353942207049414,12.615532439963031,3.3404775193279077,-4.89288345408603,-0.8846845737851514,-5.153727182709589,0.9271241894627847,2.4632840372434615,0.4111371511457165,-0.11763689784537484,-2.408689307173847,2.5467560560578804,-3.0082831538861545,-1.815427983815714,11.546001879407505,-3.229253142685969,-1.126269812080243,-3.5263178037570384,-4.475342210473086,-5.1075209926916045,6.388883017730421,0.6187849901389416,4.9168608731522045,-1.49415003218143,0.004103658425550882,-0.2145321873675391,1.4232459598925051,-3.8621228534455723
2,105,4,5.263245255379692,-1.3394831943495344,5.043332830185023,-6.9269178075397875,30.595675636628037,13.743765442950155,6.1165499032827135,8.006260799609612,18.023968846968767,8.901781793433903,8.295480476533314,5.6752503351308405,23.077594546090072,18.58976444765562,9.3989863325501,0.8593969108854852,0.7024002111766765,7.9841837494566,8.855369123840342,3.9359340073041085,-9.210483279079199,2.6034657646140262,6.351423445044133,3.6301901502841383,-1.0680600498325952,-4.28444612580465,-3.563781529880786,-11.146286714420283,-3.169619446359121,-4.3864519815982845,5.938912711373148,8.487101243933804,6.7043762650658865,12.188035326896282,7.008194737715599,3.6473926807662878,18.573943788446954,7.19194518000728,0.45460060825741755,-6.528854077341171,3.9359677144462526,29.05996648887764,1.7782843375078792,2.5750856333548526,3.119221013970673,0.03680657477277166,12.747414131041197,6.11799919284971,1.7490825982006257,12.113006521141298,12.143299552140663,3.818865854503227,6.389780443899969,-0.4720559244657429,4.6523178968942025,6.807132137632687,7.342381854127043,-0.3238858683261933,-4.968510492454942,4.8378295622447975,0.11282544608068928,-1.5415274488523873
2,106,5,-11.702164365024093,-14.658608240166263,-4.472384492162522,6.541228292864841,-4.4910237028649655,-11.841823667571761,5.026707511577999,-0.5212619618126533,-2.6307463111219596,-8.284210127497253,-0.5230778359194719,-6.324269309903286,2.9264205727522494,-3.7832517008546995,-15.498990915136458,-2.8391187858807565,3.991076424445322,-2.8746740388933842,-4.781461061942803,5.178020512006563,4.420701157006366,-8.073575179069874,-1.6875318871447578,-2.594811896248379,6.224155193694485,8.128755522630655,-6.749322728004037,-9.826668713423542,-3.712806884405949,1.663491283338971,-4.678549255857745,-7.933144873098995,-7.583162316723112,-31.47517791245039,-2.0962169928782877,-13.661936645100754,-5.421206771583502,-3.773354835660627,8.055968240936986,-1.2739046770261546,4.903033039654699,-7.566343246209553,-3.6151742644596676,1.1060632160785258,-5.436905160830238,-7.148620801023779,-9.197574015786282,3.5594167472090446,-1.3766226491993057,1.272783961658162,-5.135117480803917,-0.4398881290562264,1.9614660043280743,-0.33737239257500595,-4.601110625455563,-3.0186139280317246,-8.59749141858504,-8.257152977706179,-1.8375092971297646,-2.7518000847932593,-2.3035192746135222,-3.714858725530706
2,107,2,3.769322799268836,-5.608424723755975,-0.7054632806741603,7.4695701409676465,-4.509999980638945,8.638603920065915,-2.0848455293467505,-0.11816782209022786,6.735899456333728,8.555363620983483,11.049315591024738,46.09626339412315,-2.4245268067347876,-4.0499897180011555,-8.564615887612465,4.7327942703737,8.087504123326205,-2.898339575797209,7.128494379633083,3.5881802701141385,5.053798392074323,4.5647970302848195,9.699328907969875,11.997387861719401,12.359862426102792,17.872007173568402,11.099642294733046,7.346013655840629,7.075357363638805,2.0919363776891955,1.7847136335401999,0.6067310311581658,1.9670316303694029,-15.233078690626213,1.433412404651413,-2.525550953816716,4.314899188261933,6.4095867432472176,2.8250044961459935,-16.975757259977744,-2.0647527299730513,2.8050928532781945,4.981099510701693,-1.5714791466186695,6.139701424132484,-7.3722071901883695,3.429468865279201,6.507855471893691,8.930065031191788,-1.8829824240060469,4.830662892387457,8.859797155325547,9.210731827421114,9.99443019836823,5.957455071915944,12.319790682778134,7.442344400503601,6.507489011940977,8.90618454099337,5.864284226066073,7.2093205388817125,7.829706446199514
2,108,4,5.895950718033245,8.131401471072449,1.3883901754644037,12.63096961179157,-9.114573868604873,-0.27766704468465286,2.4675267094564504,3.7346733866441184,-15.102625234540923,0.7855477578165708,-2.8188658789163696,2.655680097457836,-11.495881624076883,-17.85912724934155,-28.253319181382608,-5.135951702664723,5.464021377424459,-7.824852848584511,-9.12618542621594,-5.1921852354142,-2.669137042367878,-0.5214516178409516,-4.242432049793622,-6.753982569386322,-13.887747457977849,3.516471557109048,2.7668328944184797,-0.004491281900100785,-5.571715101804131,-2.8683752853241633,2.329944546885287,0.9290538947211522,6.392489522286667,2.497954515575591,5.8953734216508815,1.1672178801353552,-11.684582584469416,8.17781414811659,5.688703138659499,6.8905029794678345,-13.283590830862522,-14.773877225827613,-1.064158697885167,-1.7245406137166048,6.366603633513812,-16.05194460232628,-9.310150896221767,4.199170836440586,-6.7558826582858345,-13.903930637752637,-10.760946938518154,-1.6818567226390977,-9.761890718301688,-1.0265895274535919,-6.328495142913259,-2.1925054212078114,-9.641039169796672,-2.2992639245874233,-2.559892863398645,-5.52262279392992,-6.713480992901431,-5.610961067160906
2,109,3,-5.6860656888201495,-10.607662050700865,1.2612650658162998,-9.967891221411715,-22.042228905211484,-2.4562647502064396,-0.9564691572439448,-2.0670868867962877,-13.482711086248448,-9.492388867273396,-5.4056684671469615,2.6738220438270304,-8.082452448766404,-3.332569318959802,-16.960408464306965,0.18677981606707306,0.0003497255738926508,-9.082688382156665,-4.030242409670678,-2.7119642423917307,5.413071185168693,3.5597031612358077,1.7699337630055656,3.707494033568695,-0.2037506177794302,5.358244609292143,9.362626457894601,4.0942620522138204,2.437031656753546,5.04269233236952,-3.9960437904214245,-6.782261636653319,-3.113322597814771,-4.3245852469671044,-3.8165950032608373,-8.790359336519376,-12.69412139169418,-4.1154586692772215,0.7454634079420033,-2.738983567395224,-5.9107938072439765,-13.710110499160127,4.408794665254834,2.9540634095759657,-1.790216111964203,-12.252569002371906,-12.922662417858648,-0.6477044315315896,0.5064862423530982,8.449650107871557,-11.294494582158395,-2.1785936105723827,-1.6065878007651833,2.6060526988400903,0.519959920949144,-0.10871333226833835,0.9448827902400287,11.60084518387618,4.612482096681872,0.7121538377924909,6.05914915337159,2.41401474255069
2,110,6,-15.9540254402939,-18.21175570009139,5.349455875094711,-16.369940501558247,-5.10378807513384,0.9082490762457167,7.071771912231321,1.304197654869157,22.16259596951124,-9.138155238262785,4.881512033662234,-1.2660175546458572,-4.854341078765419,-19.307795771715668,-15.369409651850445,10.037072026054375,-14.092281870135082,-30.628504999527106,-15.761532631183114,3.8572144662086862,-5.334637988858471,-8.92538420133656,-15.012728128445943,-11.789504077907353,10.99091208836336,-2.9030161875231957,-5.341193778122344,-3.489081461550441,-5.448803244976373,-8.369915242210347,-10.000012608199592,-3.9461300017244016,-6.827182736526035,-2.346881614117769,-9.436492288644171,-15.32352784341883,-15.290382501964528,-6.7206981784107604,3.6051257837296875,9.360629246910893,0.6848901718082587,-18.3929655828411,-1.325040367840813,13.540528895197113,-5.798115870256613,-18.362803346500172,-15.341846860843015,-3.584468445263622,1.1485660658104413,22.507649057976348,-28.78204243612,-10.999094178491248,4.276917140908179,-13.585782953219983,0.7604540265392423,-18.871695348856644,-0.5251885803370941,2.6802262089771745,-13.562429185843142,-13.8820808835373,-6.478565272852418,-5.846740447654867
2,111,2,-4.227487837714027,-20.99522642754926,-6.929403503357271,-8.344096668144093,-4.612734835526748,-16.08417990899123,-6.491339784842438,-2.889727794678836,0.27204246050110364,-6.232644685089775,-8.702219080125984,-0.8174840428571154,3.256967588407324,-10.955150434281677,7.018369549408372,-3.554365144724528,-3.765383468585929,-9.339773918297599,-9.522087690488599,-0.542239547775286,-5.0177333887961755,-6.674032744519961,-6.2693249260802295,-3.9823888198177273,-3.9149648968368886,-8.491335498731267,-14.458780112494596,0.2567569613456726,-4.377857119935317,-9.524737817223928,-2.187470785819175,-12.288924771156623,-11.052353244365708,-9.346102141650253,-1.997927104724888,-8.892394738907855,-9.952424503170048,-10.311044125681422,-0.3092871625231943,-14.827245945846315,-9.269990660244506,-9.10608848668181,-13.057940044636252,-2.68596877772134,-17.176663933878345,-13.270129651283403,-9.252324647111134,-4.967676294058921,-1.7164007542688953,-12.55536787436775,-12.713582112090426,-3.6902787953376643,1.0124373759438352,-4.711711433284529,-6.888733466671536,-10.38180060780085,0.5198547360487282,-4.528163176938531,-5.093625827419869,0.7536328536367449,-5.517486917979379,-4.245318075960001
2,112,2,1.605307012455673,-8.139153750386182,4.692094744878774,7.775886924255904,1.7589330513302879,-0.10021954097092196,-3.3541451197304983,7.0642682349809105,-7.574929752636971,2.3087142118069703,-10.243982514911673,10.426144593781444,-0.5250411704977671,-6.381918582162342,-10.707738499583042,-2.0403077497499105,5.010646759180305,-0.46313235177317846,-4.1760488007581085,-5.030524666790238,-11.114481183428744,-3.2344816591840524,-6.171456378930044,-2.5565138246591492,-6.887852913887448,7.358792383950657,-3.5767877448759045,2.2170474769223913,-0.9865388189919462,-0.5609882112319866,2.8881604890850125,6.108974580175986,-0.7614568121640417,-4.66930970981172,8.457554032338972,2.4312256932508514,-4.696008802571181,-4.227487726653811,5.244222648282781,10.053115926592094,-0.32771998624566967,-0.6758866080241956,0.9292434699061077,-4.29937770156326,5.558047427580027,-3.9550492914575273,-5.779185913582672,-3.462989083831994,4.30677184337614,-10.491900158224045,-2.5132147570072494,-1.4078171572806997,-6.872373655392996,2.2151304897170823,-6.8135109707122545,-2.620638769733289,-2.1279086834103684,4.798263317763399,-5.256234425511893,-7.911893521174335,-6.6787725895154875,-1.177712916782717
2,113,1,-8.28875195295777,-11.5552203698345,-1.0287635513785776,-11.360031037704973,-12.295931308248456,-7.806040820165921,-9.81975908705215,2.6745046137763944,-0.9005641618334661,-5.09435897693038,-7.96312609728335,-3.7477596832166715,-13.163889406021779,-5.7092255704564865,-26.30921137837194,-8.586789957244834,-0.29033616615640995,-12.652604411344788,-5.829394687603157,-7.525702624309169,-7.903858914766914,-5.108683824766335,-4.154590941074008,-8.180603255994802,-3.8813520244254573,-6.306535920605246,-8.04026984134916,-7.007457324227024,-3.999309041832642,-3.694079175977626,-3.409270664845967,-10.739623981033922,-6.369064159305171,-18.151266733320757,-1.9288220950288752,-8.753000876209674,-14.890991734965448,-9.993819280686532,2.570632277295085,1.1835609043198758,-8.940871841898865,-12.66859766507235,-8.381345517774367,-2.7811324274246934,-3.0842219695346667,-10.986922213126249,-9.3388385835399,-4.6281636376047475,1.243021933850264,-15.188654645028102,-3.6649364367036554,-4.087377659431318,-4.503098801880075,-3.334237774180976,-12.054666297828279,-9.593358324664623,-3.644304388225442,-7.1129686664789915,-6.387787565072182,-8.485757294917342,-6.831535009667277,-3.7212248482718713
2,114,5,-10.164618323409435,-13.990798438558496,-8.16950992765984,-8.760432979137427,-17.681865154152224,3.0706049141178786,-2.470480175847869,-5.1031644834750685,-11.964015043204327,5.652928838529053,5.685437911303667,1.7829441411829587,-24.8229485572679,-23.45236330483928,-8.451187842116669,-3.6592149386557224,6.781271460897673,0.895167054449459,3.42531039880975,-4.2717728076002945,21.783336037111177,5.4337578634759875,2.1724507042445342,5.711757765401426,15.262874437178043,19.141563723329455,1.2805531143392552,15.793595197224406,8.037792443958672,7.80131802247928,-0.46461954787685883,-5.614163091647578,1.3736312265235286,-34.41934456330976,-2.6981407354242277,-8.317359576243119,-8.523882533219169,2.2098049388675975,2.271300916054581,-6.22374646338384,-5.038428690557075,-16.434162400844624,-6.195968836114359,0.820799764768197,1.8399825334185502,-14.507969225915826,3.164647830423058,1.011325080850639,8.024516624148665,-4.045313028936705,-0.8908737967154248,8.430576931094611,1.2787582694961717,8.833098132458586,-1.0236529589974224,9.259840989576244,5.149042142725479,20.510615216795262,6.068767991822737,-0.007714383599415675,8.89350699041629,8.404733104381442
2,115,5,2.0619804647001554,-10.888855625398271,13.369000808920758,19.615785211534796,-2.393534453494881,6.062995821975811,4.124904618814314,25.068751114103637,17.744890488139006,5.90960147776982,12.926576468957263,17.801680182220366,30.808568759298886,-27.481148061768437,20.305052911544717,3.6681679754586134,16.522243624189635,0.3271132870179762,4.943020600166807,7.674192826854204,15.486688322864662,11.960779154673219,10.074599003612361,1.4870801849245296,9.60266110914328,7.702615181665598,17.47797555649062,12.443886548735014,5.490762502777041,-4.4296921115942185,2.6909825059204797,6.958487287300022,-1.894404407499767,-6.9198310901865145,14.588534198479916,11.557853673880059,-1.9927406463908348,-0.04587762428038722,16.825046704207523,20.984124733066963,23.442930014485995,23.87976774757318,5.239529133887914,3.111119079230377,20.181799893267453,-4.698047979604228,3.6968304016513818,5.706537640698977,38.46521365715238,40.875259581771594,-7.666280515775897,10.110520758007354,4.956738865389151,15.094371619429904,14.017484850863495,11.030739560660836,13.64104330535161,18.364484395831823,15.216853537210609,7.933911697257579,11.256651653749191,4.997965031400008
2,116,6,10.44981864018638,3.2036536878838033,12.755516135525635,11.169821637114744,9.502108736009127,3.6043126562882857,8.519290187736834,13.484076204414409,20.606200285437627,8.222899700287822,-0.685758122015834,2.545589006562694,17.856300292173167,-13.648117446499622,20.397621235889723,7.67900434297101,15.11876596288937,1.4104167872858115,-4.302280602755209,5.142473716146838,0.9102587331393062,3.7139950044078347,-7.215092595746147,-11.89651104406363,-3.8358914251780023,-5.065641741856806,-0.14725569619729104,-8.211073135252947,-7.835798780291866,-11.05121988966698,7.316091424490254,3.6989918500185013,6.447025250075615,11.002852400483727,11.1108914872471,14.054746485610563,2.31961793363912,-2.858655436214334,7.050318285936442,9.517937693381448,26.28455148891704,4.072471317576768,13.356534097678724,2.3743011229941264,5.0727115160396625,4.870165892581387,4.8785964596310984,2.1831480732369357,-2.6289303802215027,23.746095462429626,-6.605976854246564,1.6640727408684601,-4.18254137070418,0.6872284636355761,-1.9084807687776921,1.4939983082912502,11.13759913940618,1.6689390303146823,-3.0041626607999206,-8.677361199950305,-9.459357342001326,-8.193381874572214
2,117,4,-3.7706499301896605,-4.052264766790334,-7.024731525378987,-9.83764418482599,-14.442437112178071,-12.383022562827822,-3.1268343295129695,-7.170879158958023,-11.820319406693896,-1.0608428881174263,-19.592831662719743,-3.941899869681861,-19.134127306842757,-23.373694466881265,-21.87573150109226,-15.91959949846312,-11.69805219595707,-12.778212752602087,-10.326123160199703,-9.462411907370901,-3.466068987870909,-8.68145640302597,-14.386034883990346,-1.8954703669722484,30.9479541920307,5.73835146724724,1.6982292132906447,-6.07566076181488,-4.51463454275778,2.607721130190441,-0.4891320970988393,-8.02763438988023,-1.5991136229074583,-5.200291489466754,-4.574820185193745,-7.021116583619451,-21.82078709147045,-1.6175758271952294,1.5425597195422684,-0.7299672238381087,-9.410808609412392,-28.390601933456768,-6.203902242864235,-5.245461334888939,-4.143918888098221,-19.094755054633243,-8.360296539189969,-10.470151548387436,-1.849656018320608,-18.93366734892493,-9.303051647309937,-4.6489304890629,-13.548420292575189,-6.438531475845819,-22.25603223455752,-9.86602006564144,-8.490021096917276,-3.9196583900328084,-11.265377184316492,-11.460899340034251,-13.81555018579678,-4.086307474511401
2,118,5,-4.022262596093663,-1.4882599171080702,5.7959460586127705,10.067032111490636,5.260161222481146,20.374785653960014,11.151418413603444,6.858478464515565,8.374693016635208,-3.6789074711297176,14.252177206169048,8.099103016494892,4.643958881588246,-19.02203913002343,16.387968860095274,7.127773863081702,4.6044474956693096,-10.001285117749893,-7.375468267582172,15.253171545396583,7.837302951658958,1.9022030940779107,-7.928367108515487,6.054426181993283,15.613130792021378,13.844258889093112,22.31260309427432,12.212589919953256,1.3014675146423111,13.58146866220732,7.268831946040934,8.385554584833544,7.110335410354656,-1.5654290089065703,2.578296019173251,10.324281986961815,11.890229113570344,2.187133692954551,7.925645407470993,0.45264147208838823,11.331735179560795,12.033773088009982,4.334157717482347,14.231827331911308,-5.589119826988658,-0.8800964259071185,5.4962692311681,4.152985690826002,16.349957206763516,11.666343629607235,-11.731926400805031,0.24917738410508028,3.646731189980242,-5.1149909572743955,-1.9642088425163993,-6.720314835981896,13.113718634425876,16.48357901999317,3.745210608368081,-0.30982647706909305,2.8963888918344916,2.34072614901858
2,119,6,11.858495266835504,20.356116970188964,-2.002355181457326,-1.1798195701274208,30.034021585452827,0.9583735360377811,-6.918815742238287,-0.6016793433894845,0.20809862799033851,12.763289598975236,-2.214991496779342,-5.732444596590427,23.624885656121293,50.0975147471195,24.959924218858177,-5.6560381599474825,3.1342116291294007,34.027453424000186,18.06522454157835,0.6122334262185092,0.020105394098919177,2.8539871942569954,13.259053239002592,7.2841891628809305,-0.578291880063396,0.0678789425050707,-0.376108548535807,-4.924840590530414,-0.7809133487867135,7.7269506075578525,-2.794286059647253,11.167706642209035,8.077388054305095,8.738755971068375,4.10333312702615,6.892980310520748,25.731252338464653,2.0447358383865275,4.563452975756328,7.216592465050331,-0.7888719835318625,19.66502910906949,-4.2833422735083575,-12.164095945292848,8.739590213384208,27.08980861524254,15.205292617038989,11.150065891126664,-6.8631593197833975,2.40142998448005,18.331772995204105,8.094801342887123,2.0342744379588282,6.095770341457753,9.885076315744168,9.99506210213209,0.4876827267112154,9.84194579941402,6.679033809240337,7.941449117710495,0.7178711458677189,0.2948232238612514
3,0,2,3.685284016154158,6.744222977607535,1.5536820715429582,6.108606883801709,5.144379646846705,14.263019553857019,7.270696794114459,1.2487435864640264,8.171627108938992,11.599831130321528,10.707385945701736,-2.2981104820671434,13.398491450687633,8.589773054893419,16.19004969471474,4.684166329026949,8.308403169736266,11.984782222215452,12.85562123547921,10.153364630021366,-1.2035008505804512,1.7770650776602874,9.415100270379675,11.404490665419074,4.424316351960709,-3.48016316269769,-0.31175181162884413,3.480285111723876,5.552425780640231,4.566538707784763,5.84132294615776,3.8331321635412774,6.644502259972624,10.56089413811157,1.5132793003647813,5.207281794120762,6.51432799670573,10.079386958534394,3.746582451117476,1.673383445160965,9.147439579490761,15.828480461209152,11.208482916943916,5.222149894765875,-2.2204442808032616,6.089171477322321,8.40013725693314,8.400869125454896,-1.030340468556416,8.738607738167048,3.9658071977517952,12.46815147314493,6.849131721026472,-4.612578005688945,6.098374299273442,15.782821572010919,8.421075960212363,-3.612805997397715,3.275340013171931,8.733573993690676,12.204057146806457,4.55851984235299
3,1,5,0.749078253125091,-2.9884412957173656,-5.794921246538987,14.766089808241253,7.25535153913051,18.425139599457008,2.19891362960973,-4.851632757958526,15.096103749749037,14.489154447097237,-0.24356472899103576,-9.916731666114815,9.770487360792549,3.4332807992653174,7.867782970810904,-6.302027853580601,7.020318795427132,2.3153070475928827,18.4414391364993,7.938714757675258,-0.12896519893689562,6.995698940803916,5.313783432067396,6.4482290447326145,5.083770112634253,5.60147879113693,7.339475938936743,3.5759085278458373,1.8277937433364364,5.02776737390164,-5.367834515188162,7.156574486810201,11.065252357263324,15.095536783517899,-0.267502902370946,17.218692959206763,14.604812415362122,5.92725544522812,-4.877307363104346,-9.418637808707613,13.3019353599492,14.814906024169645,0.040413542082760046,-1.9090441440163946,1.0891237813332002,2.930852770021686,9.990766989294345,1.673225553569999,-0.6678278256185,8.119696617205964,8.502193701745966,7.91149021757812,1.8742779580728592,-1.6016085754239526,8.450585943090205,18.248836190894057,5.998348729310151,4.065402313896525,6.0915179885469595,2.86824833615342,5.4938003439456224,4.116934597424074
3,2,4,6.670679332506725,7.815192320293222,1.7900315994601228,9.389163673310197,5.509776934640624,8.810378990289411,5.3176799200747755,7.934904476650419,7.115769855394146,10.650439652830087,7.801303773294993,21.084083462338423,5.891089952119241,6.717127579128054,14.103080419073931,12.405687068089305,8.89525313136486,5.9907029669323,4.681152480677131,20.28960103341718,11.888957938270227,10.560384599355658,5.38377169278882,12.77463991303996,5.534482861891749,16.00166960742052,13.883970440637952,11.32124899459503,10.52569009949703,7.565704090344696,2.073816063308455,7.18664423414938,8.743881817850308,11.890005578968397,3.0255432050652455,9.250880795621828,7.997957304696111,7.917926755339119,9.632308555812363,9.678448323205833,9.57276464648624,10.607938024448577,8.2365241612126,14.398665262885928,9.914299172735431,9.10854008012428,9.791013504242207,9.851902861375267,12.34846092447094,4.823299511449365,9.15542967994016,12.238869997354723,9.497645860719613,11.5292832544982,12.870887517735994,12.661748268902763,10.367028264601418,11.520177245412654,12.50728069472967,11.606077453712144,11.890443298783966,8.75295910011465
3,3,1,9.765898534721437,10.74568625644599,3.3370940898511017,16.38609665375566,19.27909055261351,15.185369300042721,0.9963815013719041,5.883659510248593,22.849994083094167,14.01244052563135,10.486883995111846,-4.2073304155364415,16.054486273174597,20.8431271135171,15.265425026462202,-6.265090905675071,11.242890343064348,23.68650454590552,18.235507295716832,4.607615953674767,3.396867633923581,16.604916127080607,19.92837644695509,10.914910606767348,-0.5305854042015243,3.5181261997942523,7.084652516718316,5.983006935123715,5.2936414823208615,-1.2143720239173736,3.890982619208487,11.828344756601057,9.02975806169121,1.099751038987917,6.718813839391235,21.07462949714647,14.522708041275422,4.819137590255859,-3.775658388781111,-0.5633963323879717,11.767182790004174,10.65456923515331,1.3795171125632977,-9.24574655961961,6.060791629435431,17.388168613585385,13.016930907101532,10.199055944364975,1.7761645729450528,18.500186551384996,13.685099547615321,9.701220436475987,-2.011258373173274,8.63163599294678,21.44369370027492,18.662324874670382,6.898586653690447,5.719597985150247,15.228175964944697,15.230802451464815,11.805310787769356,2.1334928280060605
3,4,5,4.835193192824814,18.013304625524253,3.2269184738127867,13.250636271361493,17.88926569908494,15.908457144720062,6.282807671090181,9.696154400876654,20.649989711438725,24.272124059134857,19.50163401958601,10.008638082339038,10.571015329616957,29.74164889198616,18.460447593592455,9.68783773693097,9.559059033045404,19.055894035028246,20.404896674177994,12.363537015302525,8.60522226589482,18.870610320622596,21.990467359743455,12.798072185412769,6.730926396506956,5.9470173872257694,11.867455867658625,12.408772492554133,10.197394662218663,4.72784474071984,2.4776463827754305,7.152645811234123,8.737606759069534,8.326650931607443,4.412806490413483,18.22112723701157,16.29046976523155,9.65024067597782,1.7185293908980555,3.8352346414609286,13.167868008987584,17.251051874791568,9.889194999685193,6.793369378599268,13.35832913678775,23.05056552697973,23.67617861426822,8.853705817424668,11.672743333628542,13.882409817289282,21.028859336656055,16.98313278963835,9.52094531892913,14.4420244675868,23.109844070200523,16.57302373533547,11.456317177417173,11.034350211391367,17.595004480877304,16.540051391575393,12.034951035955503,7.621771313250065
3,5,1,-12.646768892501923,-13.88895036988868,-10.180270010906437,-15.177885099155159,-13.276626584369975,-9.03718849229512,-2.737230929205326,-9.092351671660365,-13.941601997332228,-16.069709547545475,-3.18317178654962,0.30007333751404436,-3.175002225935913,-19.970695089821408,-6.891723178894972,4.5929913171907755,-7.4826776693381944,-15.886704113936378,-22.535633912446304,-7.74462298404925,-6.433149326944771,-9.354490692693206,-21.070783375540934,-14.212280260058261,-1.179975256550964,-6.255317611108743,-10.724421056282777,-10.875774429849816,-9.582415980934282,-2.8499252317791277,-12.869244307279587,-14.307390551457601,-15.885312037315314,-3.8770186863385336,-13.169557995094753,-14.555102802835776,-14.485964870193927,-8.641965483939961,-4.598743201824041,-3.910525662644206,-12.508773106581927,-6.61087345983833,1.1431424093614453,2.1337116433917283,-2.8366609873795308,-17.31094043833635,-17.449083132351326,-4.587039643580595,-6.769646471275423,-6.706694103186809,-19.677230537911637,-14.103073152543116,-3.0184429081997326,-7.727684648207778,-14.28770381186679,-17.671063411867294,-8.8332372467238,-7.724631460451684,-12.381544359823362,-12.056349219515827,-14.383381087696415,-6.200961566643742
3,6,5,10.15490025552217,7.745344084573957,0.8976582456436908,2.3892525860744476,0.9084217577048288,-3.1571419338763858,4.643290000578679,2.4758955606248056,12.082303508272862,2.9820406088014964,6.614106104459348,-1.4125396565579607,-6.917767266458951,-1.5489963671354374,3.8572030148593823,125.80813506100232,8.766316672014748,8.527559744228222,-5.531174893547758,4.672426913115312,1.560760886567394,10.56838915378945,5.103442355808686,0.2762499791910752,-2.0855878491931357,6.226647094034065,8.424979476576173,7.25671132458601,3.3188785239145506,-2.0348054073841837,2.4661329941648034,2.8262633752048023,4.3539263662461885,3.016035373050086,-0.4788307374252412,2.6162845345395738,15.799357894421908,5.933283067944388,-1.1970857667577717,3.485232791867643,8.938275129261719,0.8428359256103289,5.008378659079711,5.8305593573306576,6.275187100215653,1.821561641922993,1.0784392500546107,-3.3955329927649895,0.38549284090106284,10.413246956744752,4.653282061961718,1.3989309246549615,-2.7381637129909953,5.527906415380665,10.627394748306491,3.6655580348267045,-0.4537158197575714,8.313860111551858,8.694674638122684,8.177529161705113,2.817046147492563,0.24809624286504728
3,7,4,1.327346232066659,-7.588956963781989,1.9621156232840418,4.085501396409577,-5.980097312344273,-2.962659068451057,-2.1920177644663847,5.177732374871197,-2.3783922218604086,0.6978581722729229,0.970441303108025,5.872192732277094,-1.6746463804767007,4.296301854819787,-1.3208378432833197,8.182828437676083,-2.553877444676601,4.440418647375049,3.2028081187333846,-4.086828935915522,-2.6503331967311485,-3.9324796612192756,5.704507580254136,2.7850963098746604,-0.9988104265024187,2.8819682953265913,-1.9629587869546021,1.0506871753349543,5.203442839292308,0.4843309089859458,-1.1887655583232992,-0.42039903837665027,-2.2265651344223008,8.165613915123858,1.5016689836615464,-1.6676321359643733,-4.215643516628119,-1.9677162904919812,4.803089147625298,4.795669525719773,-0.8820224144473329,-1.2179491123487654,-2.3386352338498737,0.24025312166024987,12.632973713845734,5.436315749272158,4.969245990746791,17.36145712083159,7.944620376492198,-0.8545071465749755,6.462673703253996,2.2176277603721246,-3.869412461045856,-0.9998222561922245,2.634270431235341,1.3820429175833766,1.5874258630068565,0.055834108838674845,0.35895709459465497,3.990495221916495,3.527149584553228,2.554523322890263
3,8,6,-3.0021971261991944,0.5607090268352233,-4.540329466725805,-8.728658605410956,-9.068779534501276,0.8578403077383602,1.4054787917653242,-6.553055231436726,-2.549432093760273,-2.6036374094646155,0.4035827838929327,-5.623834629497696,-0.14837546622744174,-0.5813534856751202,8.403326808477798,-2.2028602986602204,1.1497476721500488,1.754328945765224,-3.0060001985601534,-8.72514966749174,-6.765384127840217,-4.203369439204748,-0.39146657453895295,-2.5811917557971693,-5.870861655055751,-5.549013681315091,-10.880714990016886,-8.415410833751283,-5.256955619678526,-3.835708225600242,-9.182162721495843,-11.087041421611675,-0.993966936792542,11.876619259863746,-9.689018135299765,-10.60905733355037,-4.7525542756179116,1.6358940827364967,-3.9924361870124407,-2.2796186604437683,-7.489107181039487,-1.7631514439811486,-3.811163732997799,-2.4868026384856647,-4.28022112526999,-5.866692638765772,0.467001595318591,-5.540044075042782,-2.4444946675538666,7.2056168131530285,-1.3816483052356574,3.5693103711506926,-5.730472713118283,-7.714743359536841,-0.9296045017644494,-2.565347804699273,-5.534217367902757,-6.917652468307781,-4.225990848820202,-4.100896932639002,-6.109568371507061,-6.390288829053869
3,9,2,2.371252384899957,5.510523243193946,0.6342994161574853,6.761484098052836,5.192625441281807,8.981921291807899,0.6017611960869109,4.003504697264673,6.2251796912992505,8.398673389561289,8.309719864256317,3.7080274622790808,11.563202657430185,7.695655965892937,16.580188708198143,32.38354694161839,9.082502998794974,11.922604711771733,15.019966038125684,9.882342183121999,9.17743748186792,14.647324751244811,12.684093328669853,5.31309116020708,1.8777652616135603,-0.34463439388882117,5.344628269789834,2.8207452725164766,3.548945862913458,-0.9438338684622285,6.468722841134525,2.6327096192938515,4.88080912391746,10.089023832447555,1.1882417285360571,8.346968937756085,7.350156912709328,3.772709190007868,-0.32779304168993517,3.02879744502375,9.550261595194149,12.188403360341205,1.4095940773386681,0.09319077563761652,5.64244483142137,9.850647087367932,10.690853167029958,3.8677189921415067,8.466878388122446,12.546747047832813,11.172891428171681,8.770517959191302,2.9074492038386635,13.445581987772771,12.021432099818462,8.296312018774636,3.067155082494292,7.186759073468975,8.640899706881767,5.528595132026368,3.7753962953915696,1.4649079402272642
3,10,3,6.377645268672845,0.2647186398801449,2.457468398676323,4.585999165502624,0.6559879195581104,2.8986625623116966,1.845144583564677,-2.2455628561083136,-1.3667551270095495,-4.165740062028351,-5.4759327615611255,-2.485439301241282,-1.0549280158948244,-13.491947701512819,-10.866840778009557,116.52418873804379,-3.69213331881456,-9.022837230941372,-6.996100719200399,3.2748162522912025,-0.7881391170639076,-5.413371536880732,-9.108974431414248,-7.001546906080192,-1.283434564156865,-2.7038101209668306,-1.8410615341556138,-2.4359556820879615,-0.9728559509328566,2.5412769811227918,3.5754672361356086,5.539276229353939,3.883247191429266,10.512490470410983,-0.7571186212050476,1.3703429516995462,1.3266250671117499,1.5858328170029505,-3.465851228445674,-0.369376209842769,-5.359234433757458,-0.6054961422923952,2.376587514503626,8.997610915176816,-5.854357584390973,-12.597841456532478,-8.357391551432269,-2.5610316361686793,4.163601685695851,0.5796744296236369,-11.845282963238564,-8.365457081742777,1.229150382983613,-2.971556926500368,-8.741255681893628,-7.17329392703704,-1.6262893444154294,-1.3588762099665814,-5.637303506773779,-7.193313904066866,-5.20980780305931,2.1440840941376744
3,11,5,-0.9482540749922029,-11.106046235983872,5.939952868763811,5.013810762272374,-4.951181220322301,0.7343824066948614,7.211052350098664,7.092660459117659,-2.545385003680499,1.5419067202431198,9.860276946897349,6.613503344970325,4.709033720263437,3.451535648098443,10.368467084581825,20.815185028696195,6.283607867452675,8.985308214340627,10.63355518427745,6.366049359109612,2.081913909113898,10.109836868941784,18.047920254279184,15.454630308421091,5.615345814929727,2.8131927661370577,4.7108670788740445,7.112680720619672,6.614899016876999,0.38736569624757633,9.318770085705632,-0.8097020983695984,-2.802260619883495,5.087508723551479,9.384872561116229,0.20224351762998347,-3.5190303433848324,4.267258235501841,7.660430459796857,7.7397577693095325,6.829800333475647,-0.52203557022461,10.523602053545783,7.903654290175785,5.065443400776286,4.8433089205631745,7.245420394533481,15.95372527075659,4.099253638102332,5.074312640177993,17.705165838939138,14.921382532046152,7.197375498206645,6.926381640732515,13.479253947076083,17.780535794925182,12.12780821873103,5.487008476266409,11.770458304754849,13.800344880431796,13.631328527031961,4.622789014095335
3,12,4,-7.393820921367989,-8.043993035558518,-5.159520455477077,-10.150135664950783,-8.914724405809512,-7.214450079765988,-5.956134081295715,-4.944762537678955,-3.2724949335906564,-4.853573764083769,-1.3551878463931213,-7.327183850473025,-0.9967798147486844,-5.987624642598193,-4.5858376949752975,-10.428495306067358,6.172703717517236,1.0169648855197704,-6.205812458244222,-3.6434533223878915,1.963127327901197,3.038057679929434,-3.8552262516942135,-4.420297852673331,-0.6234891620328327,9.49019031636644,8.454123578057052,5.194939656910009,1.1888300508896763,4.366221927844621,-8.56700457794955,-12.816334187984467,-7.564595459846826,-3.687741748409392,-6.729487731200981,-11.293809013214057,-5.630267698226904,-2.754764686713403,-2.9874474508347117,-9.119005761132005,-7.2316501845219525,-5.453440485294999,-3.784983185278932,0.3929017561419692,1.8440825982564477,-9.247013214952881,-5.480894847250568,0.9120419911994817,4.466121932559805,1.37697333299623,-2.1750185008206175,-5.277815381019582,-0.2153103813279149,3.9861324297763936,2.388682057899305,2.131684466963634,-3.3968353781667417,6.233941067419039,6.609230064673396,1.8310300255330643,-2.060921429656446,1.6782450208088324
3,13,4,-2.3375947452491026,-6.698869060372886,1.9108631634494138,2.6602536193776594,-6.972808524188243,-9.878151508604695,-0.6783187238090649,4.398282910265576,-10.26469931226769,-12.411169280593354,-7.730171066459003,15.145178236067295,-15.364040663296198,-15.781404400045593,-7.730458092818992,6.086276139564265,2.7555827580210632,-14.871794950625883,-14.055566467980784,-1.949253129477545,3.1142348755185076,-5.627318509150203,-11.062342563029326,-6.442929871874384,0.027558199050495835,1.1280914658067258,-2.5273955556700347,-2.071501942889526,-3.924008736432327,1.3662851069622302,4.734528911691841,-1.3112080764911347,-5.726784413523915,-9.76571915419091,1.9250818151390026,-3.0723825865481973,-9.077189437499865,-3.9502431662556603,9.557695691012382,7.424184982778457,-1.826807128810664,-7.774620927478447,3.2277866683150758,5.34896602274363,-0.604853938555163,-9.96350649478505,-9.191243520188264,-2.1604339839072826,4.115169363624487,-10.633365058152727,-16.1119242238744,-7.092764587800312,-0.14185637324230677,2.847815542640845,-12.102826002865633,-11.394975650249187,-2.7470652089885834,0.1908377342340654,-2.5675221087592774,-7.625918919197855,-2.9689700944212865,0.8833499237122698
3,14,4,-5.720642038780017,-4.485941268435521,-6.250165425786155,0.9271431962573319,-11.416409510846547,-10.860501043453093,-3.082414256075182,-7.774545600512854,-5.449931624595344,-11.329156565514,-9.409775882023782,-5.325282614496419,-3.7955494252964854,-12.840448239358237,-9.022758180769618,-12.005225742485653,-3.5628020905817857,2.1656363590037677,-4.102278225555469,-4.909199733650546,4.066464322221625,2.68419891426612,-0.08528320791154376,-2.557637470524484,2.983769937509263,2.272751553711004,3.9109561739534833,1.9085777243698667,2.5493352521812866,-0.5046165909890726,-10.641950737684965,-8.33676149568907,-8.34506377510488,-3.66024451382549,-9.084580404195572,-12.875878203910126,-9.29223437134812,-5.3252395616231,-5.182805551693027,-8.626978972341819,-1.752165455212136,-11.667817215344355,-1.999773700096895,-4.255443493483541,-5.146683047241649,-5.5573877460982075,-10.099037545364029,0.08452253887520728,-3.965642160383937,1.6467724017935197,-2.738953087149509,-3.294567330217944,-0.8362234826086152,3.078080075213733,8.480375787765695,3.8107906260822966,1.2692158898372756,5.084157594343332,5.069705801311786,-0.5588398002621876,1.1996008707323993,0.7418702744847605
3,15,6,-20.530855184196636,-8.809650751023852,-12.783821177315362,-11.995179889723659,-11.819963508467309,-13.64632566700259,-9.675915313850549,-11.4085808172822,-15.823783974816305,-12.246081577750248,-9.723117008830837,-16.226903982097046,-15.18037869149207,-11.93933128101025,-9.943679954231971,-8.955432192259897,-7.038458895013469,-18.27113836394942,-26.84129280179013,-6.716679113245534,-10.253749087634615,-9.80417015707892,-20.188825542665157,-20.151411388432845,-8.999709932088127,-1.8565539177507162,-5.439828164512065,-4.004825095788052,-6.798123161967209,-4.13356069693478,-10.595929384776737,-12.133997237536962,-12.085729800795042,-5.374292563601607,-11.37163314478835,-15.013030617134408,-13.691414255012829,-10.106679554307462,-8.886929431748458,-8.44148003793799,-17.19417358257966,-13.989844245404539,-11.58536487290773,-11.090123328755096,-14.015590738050829,-11.438786952915342,-15.320609800886315,-9.424572191689528,-12.927396165615903,-18.971942002487527,-17.642184628037402,-14.991029850070973,-8.780449215731608,-9.35738248169059,-15.71027153257916,-22.44938910618516,-13.33942470295218,-6.898758805743085,-12.305141123238856,-14.650033678586894,-15.907262440043972,-9.164862147873132
3,16,6,-11.350723112956056,-9.838455587443777,-10.159560900113382,-10.030757168489625,-8.868782032542384,-9.713831651762764,-9.182930537906941,-11.932460553853257,2.2539260948258573,-7.4565903941941665,-6.954011674572877,-18.036180830844565,-9.314292499204958,-2.274437870285129,9.612966496270245,-7.486652977185371,-11.668168891766456,18.450609719244436,9.543609760792512,3.444873041859486,-7.8294324851481205,2.781063651802339,13.196380835793148,3.0853957556097242,-2.447504923160744,-7.305172359237225,-2.164972549122645,1.0543395720660769,1.8145976544743978,-1.5848317562897751,-10.20759862125283,-8.17026015749292,-10.380393032348017,-16.693098176997623,-13.95166962475674,-6.427272405793389,-38.67175460297884,-10.537024168252223,-17.371409818711804,-15.835254458392525,-3.7157484705946056,-9.546239647815549,-4.542880378799833,-17.494731318483854,-16.558833758494405,-0.759131384763595,2.3137068090301653,-5.25792426286583,-14.08528469062252,-2.067465599467297,10.812151150289555,3.3576345202036033,1.252927064270963,-3.6908954959362745,9.803524273122585,11.710451480909812,2.490749158476276,-3.6962126918682254,4.696329082544075,6.7161767996745425,3.740931598259494,0.878499127772532
3,17,4,2.3623150344256594,1.574932815461623,4.061183004063648,-8.381046326694696,-2.6592238759054108,-0.6634613775262014,8.079799768946517,-3.187405430143926,-16.500488142840357,-9.125539322724425,2.743563421126652,-2.5158641663232317,-20.55145653202085,-18.411433910587565,-8.269747631113255,14.277575440875184,-17.16417925609788,-24.804966226765284,-16.026856197407707,-9.966351686147739,-9.788322658346198,-18.034516054137452,-18.247537522485903,-12.164196089915256,-7.42504599094164,-5.904422405936826,-15.66851273197227,-10.163683397706786,-9.515886468165435,-6.27350799991499,3.266112082058611,0.5254655852005259,2.098245795316448,7.9640306432436105,-0.3344987911149495,-4.461045157777646,0.17052686068785872,5.474562239628739,6.567331309975461,0.668753519807602,-19.053526079009583,-6.466821285225905,2.7417659131560206,6.990941474076487,-9.528142618537858,-21.494709253856318,-15.63281713897453,-6.809869833188362,-1.92859430897345,-23.94114142810791,-17.779068309660413,-10.904699651160973,-4.186388105846849,-16.691437174679667,-18.540004565584933,-18.126415272743053,-8.21446605680919,-15.045877357990268,-16.241994538514803,-14.690522541087589,-10.60199654608874,-8.937851734851234
3,18,2,6.457507279485731,0.7331661820275386,-2.780496756614343,-3.273445646267204,-1.2598049853496807,-3.386552652940381,-2.911847925608659,-2.0791692101941788,-0.9950109474111071,-3.382839171511188,5.518516984984009,2.1998787959924035,-7.326477051124814,1.1632415862731267,2.270394372219993,8.336058322272102,-3.2257344590318273,-0.19900721093503526,-0.8520710595610841,1.241234239917702,-1.4901269235670944,2.6798180694941727,8.700669778374635,7.082664594213229,1.6236415778900064,4.996348643732234,5.482473348074299,7.894619990639935,6.576046181888113,2.1876227018627805,2.779201551435638,-1.451292072967256,-1.8244965324382765,-2.6105116439054057,-2.8480165693511426,-2.642992509051977,-1.3511622599666815,-2.832904500341635,-3.858691948375141,0.3173237199293127,-3.5996959753697975,-8.788037593635478,1.6656445183950217,1.4529819434690407,-3.354782196058517,2.97008588607423,-1.5296542366466863,4.407941409409407,4.365902548519576,-2.867767648248957,0.6228792564659495,3.258294191665767,1.8590151500524716,2.4515197730009866,5.039894325244124,5.54708705828866,3.103578836475382,2.7966097648959707,6.4983190088192115,12.657643695821893,7.3110780493787875,4.50365447512226
3,19,5,5.573852351344214,-8.698126035697037,15.081709169941693,7.416481865621052,-6.314818515743291,-13.203387825207484,-5.764395829403726,7.3995005903856335,-7.526775960606045,-15.128882241361513,0.23301280149054288,14.00186359965834,12.143878050000847,-20.936823797911956,-22.773142323647523,-4.513643064314683,11.399510729853528,-6.964287248792173,-14.57518749286579,-13.708879854938969,9.297296744385143,-0.3417605359970426,-11.601004189561772,-19.852138248612963,-8.814246822642623,6.231357981041982,0.25927588996078477,-5.992166758673942,-9.462043598816706,-5.079708696592869,3.2542686509649905,2.7504736472193794,-9.173297156255389,-9.201494051654613,9.865385996268644,0.8336761588821333,-4.5289667302106595,-9.117513301895885,13.462652989458757,13.259788890073937,5.112142946360992,-11.161808462983858,2.624784073465867,-3.1830354737197397,9.949129981159162,-13.359089660753567,-19.174723527539058,-11.215798542380519,16.34994563969171,5.931456891757365,-16.138036515989633,-16.451022622061938,-3.8785435313177183,4.699450511597491,-2.3947348019062753,-20.649795901848048,-18.326893472271724,1.4296357802615132,-0.9658058881603475,-9.987828560627813,-18.51390296520619,-13.523072419619956
3,20,6,-4.7223876004175445,-4.11994121762464,-4.128555638107994,-8.944284698181994,-4.9819398133038755,-15.577593040425425,-10.378028666895885,-3.2772452081667196,-13.423549019538498,-6.621055704450641,-9.746362694788997,0.050481068560990605,-16.87668477264573,-9.32443529770641,-9.972214178250336,-13.603178252170723,-7.6897611612136005,-9.39224198316338,-11.942072416397329,-7.232242248340499,-0.5838685411528299,-0.14003737633707128,-5.817743617950416,-6.284024007436704,1.0960950041871245,-0.8628525451825162,-1.5166877510434982,0.8258116452432268,2.1740821791903637,1.2402368565373936,-6.791109011531238,-7.324492988432187,-10.473257312346709,-16.3417868430658,-7.410210225095112,-9.940250018066388,1.1518429746487873,-11.540861129897037,-3.255545909243932,-5.196098510885793,-16.14210511117652,-16.330377518098594,-8.065796335880854,-11.705715675929145,-5.2626244180222495,-4.028720128455019,-9.43299633687044,-9.916925457942229,0.42079010785581494,-6.995225406160985,-9.389823775795266,-5.664635661251207,-5.03472426701791,-2.4172234610745273,-2.253854387524968,-9.874915256573841,-1.7607081407090495,0.8170248466521138,-0.32963364210161616,-0.5835133166983724,-1.299016524199964,1.3004839286753311
3,21,4,8.813694255676388,7.860854877567874,10.855083377645693,20.12714674060301,5.121815677811726,12.776824993785565,5.599021156840934,12.673516422984333,11.619356141357516,8.685651011867211,4.833596693726663,9.994971907129745,28.150814677520515,-0.5317514737749962,3.780552227368077,-7.9568476987230365,21.108846923018394,21.049532475631406,14.54141150364971,7.824718104084816,2.9201107154850217,11.284520093272093,14.082163243668107,5.2718666513768495,-3.2196530393756397,-1.2618321018611511,-1.8782173607217323,-3.5911495918862326,-4.139412420881318,-1.9758677727985767,8.760005651859613,11.398348270807558,6.105467508198107,8.091474582009566,10.477630933865951,13.052389622461522,2.9331057844910626,4.031472033945982,5.812541164730383,9.54716893444519,17.731005562196785,25.204566459921086,0.914356091309612,-2.0960715089970066,12.884094410240888,5.2446097433794145,6.362346720132164,8.901144499510027,2.811994496519998,19.65332476162101,6.110572987518603,8.747311870286403,0.22718255803352494,6.667604535079852,13.207180091929503,15.34802094528952,3.0652069328579943,1.2863298889885604,8.45981394512034,3.753478281654234,0.35256357813571854,-2.251231699773087
3,22,4,-9.369304933812375,-4.190510573274479,-8.339481057553765,-6.963347312795547,-4.826105206398432,3.0000443693886463,1.0660898295322028,-8.427950210051565,-8.23632329221951,0.38202339152396797,-2.1103798682551558,-5.678513497954641,-2.9621890058695595,-3.9375421675376407,-6.436722880729092,-4.860788914977668,2.2568968893823835,-2.8809027488275247,-7.295488783771673,-4.040380661955056,1.1604537950124505,5.472352068553248,0.6821577209033769,-3.5704442505190896,-3.6282372967930634,3.672705066853155,6.692568770234998,5.7318791397336195,3.4575812062021463,3.8043648103115792,-9.774936321600364,-8.07600742537619,-0.815873228217951,-5.923244302683486,-9.778865133911916,-5.697252765797628,-1.3000785320792816,1.1707976028073324,-4.977494501393777,-5.828101703897119,-16.092840332424313,-2.886657644335813,2.0604082953224596,1.8849696645217888,-1.2437959910106342,-4.287561875631715,-3.8589897300684584,1.8813172653431014,2.6114946818887836,-1.3612406275106648,-1.9183761230854497,-5.510971781638699,-0.3149305841908222,3.032912645574158,0.9113566749615657,-0.8865143773032406,-3.4002977262319236,4.962414752125522,6.606141034241127,6.870296403464698,0.5392357263282491,0.741159846317647
3,23,1,-9.852333418082258,-11.405674688023982,-6.192734747376895,-8.013984296334593,-6.1046243618673985,-1.5314159001814343,-2.4831968349228615,-0.43466068126499713,-9.257356885531008,-3.543703963491706,6.173629473054374,2.59928166707296,-13.175775801490362,-6.386421226294398,-12.173546013456374,5.635584786605297,-8.9227002705561,-13.608822083793486,-10.211957849607591,-11.16592739827409,-0.32248658439280686,-6.942964691850473,-6.85069953448071,-6.397425121240165,3.113140572339477,6.510901593035321,4.1991106806913505,8.491609420581929,7.996974291461637,7.077455254067189,-5.566041638847534,-6.927411359814332,-3.729791341326771,6.669036002045998,-4.827454252622841,-6.089813699979883,-3.654740757331611,-4.049823860342543,0.6486722901278953,4.501458707856152,-8.982954647028585,-3.4180826164111973,3.2762047136429597,5.720430317221256,-1.3673543422766843,-9.985202156508441,-4.957101231543113,-2.121100350155316,2.3458359873535652,-14.572432041736084,-8.873844458380857,-11.011283922395323,0.9270283482946111,-3.022263984264032,-9.888484570551269,-7.741504996611444,-4.859845347106229,3.034437436613302,-0.5008170291349854,2.099368798322181,2.367122762268636,2.890823120887322
3,24,6,-0.40092416448382456,-2.852666302822625,-0.2375264046039361,-0.3567397522955845,-1.2885902004952468,-3.2419299611640042,-3.745061252781518,-0.6116924446485019,-1.99267327211082,1.3421388606813451,5.55555796783372,4.611289941728475,-0.33936745425822457,12.239239517258621,3.169329798621376,3.8943121555238607,0.20052487548531572,13.272421582442957,9.886335501396214,1.2310805710475523,4.466692438758002,8.35478678336594,10.850128587551142,8.676555883593675,1.4993118257034654,1.1193298989929596,1.2553380803807022,5.418914698836645,6.3656439569256245,2.0951602299152516,5.665665404269154,-2.7899471362371244,-3.4200129573483253,-2.2937189685180783,-0.4773812666876123,-4.887482516876446,0.6262769804040851,-0.18749376733946188,-2.2096915148090712,2.7799548856834533,0.8123428014947508,-0.0339303073904883,3.7156121050658584,7.261572832707316,-2.957524751290319,3.8572783380655977,6.448537647656005,-3.1175177811954486,2.981136520279618,2.737087425298808,9.573927052364477,6.641061645478193,3.020591980096226,3.487403450579179,9.985769065028826,4.61857684301894,5.324708515687321,5.001429005912164,7.141139506475953,10.95375992444048,8.063159253629975,4.602237743444788
3,25,1,-0.34415003421103063,4.338441215083572,-2.976554742151099,2.010024156557713,-5.297193262986583,3.1005831043031526,-1.625453411910977,-2.908604513399485,-7.512919623543871,-1.20765561201587,-4.33811824626812,2.458128531196541,-10.814633941493652,-7.370478353031528,-6.800347774153261,2.528012621142651,-3.9692695265317828,-9.662841235219336,-0.7317524779213187,1.5815561199560761,-2.3639725739272635,-2.5469062991849154,-4.121067803908885,0.07536275600787457,-2.8080443094943064,-0.9107180222096605,-0.29594014313287753,-1.1531813243949205,-2.2006143198984622,1.0394572293039466,-3.4225459767550923,-3.9116055342459597,1.3188753435331417,5.318566126249184,-5.191620961831114,-4.6393971401891445,2.469577342737466,-2.358580044073209,1.0970636462202166,-0.547157702774445,-1.5914405995934495,-0.7464483830887565,0.3424924568091403,5.880186453041413,-0.5334413439921308,-5.038767774680222,-3.1895115266656267,3.1940430037041243,-5.0808711387898535,-8.5071484308474,-6.361690127097712,-4.334304394359454,-1.5976295796359279,-2.6079786402264205,-3.5257360429798306,-1.5170859888922892,-0.6084381522747075,-3.3182327931536717,0.9590212418697779,-0.9784996435500508,-0.922816201181311,-1.3125965783781401
3,26,3,-6.232254933474992,0.6748492471453531,-5.23441676633637,-1.6320299023660136,2.1176991324372034,7.508198024614191,2.782879068777419,-1.8351308100675112,6.169733080286079,11.607832023379867,7.175704902060692,-7.23790742829442,-5.20477754654499,17.56513596600967,11.484018958332694,12.226204922854357,-1.0338099326529508,5.13632502356862,15.375744163717435,8.36521654053614,0.3682783154270979,6.843305081356222,13.327416238534019,13.370154844596982,2.6152977433918823,-1.6853274042581823,3.5772862913691794,3.6030542118156825,3.6720556167476817,-0.9739287507765697,-10.769258348861849,-5.66341587647841,1.9622196537313312,11.811026161854592,-5.895520967116195,-2.719184029955276,3.772088514322917,3.728697019277095,-8.612767490274392,-4.764806782111254,-1.4729768679727147,5.2713464620046135,-0.24586097103339322,6.197032942538851,-0.6599525196659493,13.778107420246046,14.776573402534535,7.57980070024638,4.975208991752342,-1.1730148435184153,18.269473310832563,14.800604956906021,4.413671235304053,1.8633349706140565,8.709973159256093,16.764733131248043,11.883134832583005,1.0160428877102157,6.712987147720259,9.185115552109828,12.112717604877933,4.166891768483853
3,27,6,14.449383223338467,11.714997510175879,9.367299348274923,19.4613030697787,14.11190649808282,22.816257536956442,10.190032532665786,14.013663990252722,13.133033726477947,15.44078468127039,18.50438069792964,16.73023606746539,17.861323397856488,13.562814872268955,16.542351313298802,8.619117980891069,9.834440774784033,11.236507641091919,18.05348145979933,15.895734764362988,5.267044648528099,11.045648468590178,10.871185821912645,18.960320821168228,15.88195746475917,5.6414617494248445,8.521510546014738,11.484550033695996,13.680453390962008,11.034773508404824,8.024166582510013,13.416488135636714,10.828655231993919,11.644298931629187,10.468603798824292,17.016065668529784,14.789008899978016,12.844283566135122,11.498129908835928,10.946569938178563,9.163667252946007,14.051078201203444,11.780877523101498,10.668045237978426,10.680326400165697,14.061819982624097,16.649068220359528,14.077624601198409,13.175104835607323,9.363427996510499,13.327190136389303,19.41636872309736,13.555413216920334,10.773319938922837,9.471780931849665,12.805151061700073,21.876969360746443,6.602014970647668,8.278272318585612,13.068086443968653,15.936015580303781,14.963231426413818
3,28,6,-3.663408991698992,-3.679023344206007,-2.295957779420947,-0.3326976401504247,-4.092192740429458,-4.615118007629921,-6.952999908931366,2.2374255939318632,-1.1588931474153261,-6.091485608709835,-1.426987988079286,0.40642794828135,1.4713337920697,-4.345132469977587,-3.1493455256880614,-2.778774595455971,4.644875773274135,7.885230730901042,6.819646793201836,-0.9309714310518586,10.883829191960276,13.208374937496542,8.562440762290636,8.514424583579343,4.243036676291947,5.366682794819609,9.577798421920573,5.272605819457281,4.038622561876278,-0.21123459160600444,-0.8721127679980376,-4.521403568183502,-9.425835098117217,-7.608324084601294,-1.2927019687982786,-2.6449226687730403,-6.010698171196192,-8.91429400003357,-3.9260036455688825,3.2926837110028795,0.7141935805525345,-10.141079844043757,-4.82967870629168,-1.2578495546448503,2.3782451106008224,2.46657795761144,-6.086078728895587,-6.290988008889206,11.480506441124325,16.915440903113385,0.13285805952874363,3.426693463857035,3.7473143821457278,15.600009833530688,7.848031837504543,7.524551419758454,9.43686054159728,10.911283501503402,10.718267895712907,9.699164558429176,5.8152213333083695,6.091787031510984
3,29,4,4.092852949505536,-4.466086066714151,5.779518611925066,4.192950346348127,-2.6564612452440497,5.930333810653991,11.44350846100417,1.5911823006761379,-7.060251531986206,-4.951888118927343,-0.07205840156458981,2.513733054727042,9.482968028464425,-12.354768339476381,-7.692204398398359,3.6204014182454216,6.793817886770366,-13.23651816116692,-11.510827240306979,1.938356860841782,-4.027877019218554,-9.05066089454766,-10.183714275361924,-11.950177387788703,-3.973678878122351,-2.4477632338658144,-5.9568552465445,-4.551103753378478,-5.002282946768055,-1.8834627775657107,0.1469905542709487,1.1083941243066482,-1.1814499064007888,21.744222604783207,2.5704712428425154,-1.7740513536874682,-1.7555594600555366,5.078991067323197,-0.2786754072450742,2.3283130114829955,-4.6155235914558865,1.4521637657407411,9.659604976362571,13.052988798891358,1.9434767897899552,-4.29561301200401,-8.330672896898735,0.8910064272264528,3.5880210394658723,-4.903096817740487,-12.790010251172982,-10.305672443159514,-1.869147252092683,-6.761588136097647,-10.590124237547043,-11.554207935247844,-9.444577989895354,-5.538788265216435,-5.7574784868260505,-6.53249675166657,-6.537710022272135,-6.170185188058672
3,30,5,-0.967248202755867,-2.822284462662962,8.31666955013373,4.422152917105251,-1.890814283226687,-0.8833248063882175,0.47270269916824503,7.539738749312914,-2.6961572149359627,0.23468124262261617,-1.7333077097825524,12.60596795886096,1.8770369119578734,-2.792171628719829,-0.9100435850801096,-1.4892442559698467,-3.948933570174407,1.7730431981021297,0.6987801655309234,-4.324685359918849,0.4386827043121363,4.008212039565167,7.704715339671367,7.693072644357641,0.20629411554191102,2.505502509623312,2.553378736029558,5.68497530770738,8.149109737169592,3.5257790969889142,0.8655685518595678,0.3154077490950689,-3.267471875379246,3.7077117144888283,2.3714891544020755,-0.8996279984996538,-28.376931597183408,1.9917942999703127,8.906583612080569,6.948375193947334,-4.155934465969576,-0.7845441381469749,4.4564455244747,6.2148861369095405,5.092567559922249,0.5906962576242746,-0.3644751843189974,-2.3411144425484878,0.6667945136297662,-2.5971576904469167,2.4132804686726033,2.5750170549741256,2.07181046197543,1.9055029588223382,3.887828846552935,3.0330956333839314,5.558406647791656,1.5646429489857923,3.1047378700430963,7.26616171231811,9.395905281326213,3.7373007163007923
3,31,6,-2.039530639783706,-4.237242297570379,4.152518838063371,-4.826280929750151,-10.19086136831902,-5.913668273368897,-4.060246532753098,2.6018542047041993,-8.81365113198848,-10.152557433219394,1.4922509354016769,11.571469130372162,-2.1164971182985997,-10.558432809673482,-4.8461684383815395,-6.858908588600506,-0.654800369006742,-5.210998900529999,-7.494330965868403,-6.770486056597378,3.9691654869707333,-3.0332821833151513,-2.1019771444247795,-5.524167748781422,6.547210662898316,4.089950374622899,-2.506151880080836,1.0530946350588295,2.6225094205086545,3.682298950941826,5.284513905633057,-0.32535686395869273,-9.961465035406194,-1.058045845632101,2.042634148451658,-7.659189071006526,-11.13508630530318,-3.9610748152396216,4.205540094970407,0.494466556849459,-1.9088826856700845,-5.6138784090829335,2.165485631526878,19.02043534524557,1.4745413241212324,-3.0984626807295146,-12.844653204537742,4.260258399040963,9.070142851744944,-0.49532408249087445,-8.198320778200356,-6.435585516821535,1.9878512842626075,-0.4043864935818249,-3.466532885210542,-7.111981086750944,1.0602703225534855,2.5457653996375615,-4.2617221560283784,-4.378732664010873,-3.0325933305614803,4.6363258737298425
3,32,4,-1.9424326610410723,-2.6741134347621256,2.6709776822386715,8.372399541344954,5.366101627476608,8.81347897096833,2.291889149025536,4.445280089656392,2.9466680217244647,9.82381358860833,10.62815909831012,3.528086046302101,-2.6328208205324217,5.579449480603927,6.913354209942241,9.175094728891903,9.06853907461073,3.1560943398352066,-2.1110220304576743,12.678535865801505,0.819066407704135,10.325000314996009,2.317021974521439,14.331339283210298,9.621677802625776,6.559003907653345,9.875281202538705,9.430506388151377,10.64195435834912,10.478753892466331,1.5538901495718864,2.2246062147272037,6.245806227835662,7.2282740574602595,4.462480317926171,5.895373825801584,7.563963964717774,6.370329679569182,-2.7248635948635638,-1.24331519582377,-1.7345707108402943,3.473389280392086,5.7943938220510365,2.864046976633264,9.033776448318372,1.0807283142036408,7.829439582189592,8.764332656331195,4.561551556899783,3.6479023545980453,6.0260720415631415,7.075230753276402,8.06615159696923,7.028463107596223,5.330911851192753,14.749499506158084,11.24146248109457,7.749925755009778,9.684963909227667,8.737829176754477,14.279114547662626,12.47125862797768
3,33,5,5.189109340542927,7.569367295426386,6.72774763776716,8.852048320196024,5.349705097310967,8.940901425678469,2.5187595730176096,4.2902707271277905,7.454857474102114,3.134574312046624,-2.7465556807668365,4.619172403293592,-2.9849646050119536,2.8008972469535536,5.341815399153659,6.117458181501157,0.10766419241909142,1.994122757968242,7.567433321502107,4.423279460746701,-0.9927003752878893,3.9217018304256377,1.977216826660967,3.517986215946335,1.3463618392579084,-3.566673368465429,0.05478642810499518,-1.4489994220089213,0.05737689339623917,-1.7802044938477426,3.107425125117028,5.295557304433116,5.837566486860787,7.794303870510037,4.473064381297019,5.057503502622886,8.308435418566395,5.398485498979872,0.39745111701010394,5.240462238207553,3.0798560938366295,1.5871531404781987,3.8171016131328948,0.6220504690370552,7.60808012196113,2.1822659369989696,4.169108986479755,2.7447438555707167,-0.6309483232680791,-0.8524190566229919,1.247297688273759,3.068783976296644,2.560992149863299,4.1367251725367655,3.0814957764885627,5.321210288862906,4.903914932627231,0.8046935309599876,1.4412640090577473,1.1818876921131096,1.7802582976476455,1.7663230557071334
3,34,4,-4.77902902775194,4.129642771761411,-8.861401853401487,-4.976741016178008,5.856876254185356,8.73971276039757,1.4826031738793544,-2.2762999506894386,0.7543488435174628,7.225959880913536,0.8706919918228617,4.508451445209911,3.292529398139578,0.5685054599307477,1.012390510247246,0.28999863178525964,-1.0680667524248726,-11.043868727936621,-0.5558798277591608,-2.9531942825173827,4.364463807356248,0.5057791125074746,0.8559602751146727,-2.1809779989146962,2.026653855278086,-1.5836621036585536,-0.2727841675060044,0.4117989855628228,0.8234221033933689,-0.835322964323185,-7.199790140318614,-3.7353739774737686,7.335270888206167,3.8110309712668307,-8.905198711016006,-0.5398744640008716,15.733323554621963,5.132396354907893,-0.4048134082610278,-0.428425030476163,1.0228204157050114,4.83831110407553,-2.7412062078294124,-0.8451070412141615,6.251823043950449,5.631369167893401,4.433336215684326,-4.7330615072761,2.9167058415847196,8.834324328325367,3.048742288144353,0.4081286257587204,0.7208311380250616,2.535855722102542,-2.256591872800505,-5.834660314682235,-0.24108556834640293,0.9565708206784795,0.6366960522661924,-2.086126028105798,-2.646537237414499,1.1592267813479045
3,35,4,1.1631088559629355,-9.564770906107361,10.799023269380372,0.2133155371198751,-11.84443978808406,-13.8798946398651,-3.0651782217049397,6.277393647242431,-6.684230595259228,-15.850538599781881,-10.532270216950911,9.236601181907533,-8.4274515561971,-15.745852269959169,-21.74406477818037,-5.593495865466026,-2.1392226035638533,-15.60203704181151,-22.614738771311444,-7.96991115882312,-4.416057099429208,-9.001406949978868,-10.731112369035207,-10.402174855193415,-6.668401005899345,-3.9501282931589405,-9.480700490405646,-7.420945141464472,-6.770073512273769,-3.331870180475183,4.659011884251746,-2.571142214059364,-9.275479042811734,2.2293995895207197,7.7675349028871885,-6.766858751772019,-13.704143863591579,-11.633187341878607,14.703797561059728,11.032480979429145,-4.616958769437253,-14.780186382372209,-3.220424434990713,5.810549949436367,2.7202137691542374,-11.767354940314119,-16.768604487635006,-10.590285738157792,0.07071290761743447,-9.484876725822687,-10.759564008927207,-16.60308980164912,-6.764056626321157,-8.933625247834888,-11.93739390410781,-12.319496113193647,-10.84310001693666,-9.140367895046747,-9.924054457556187,-12.443054454355714,-10.01862308919635,-7.76562611847299
3,36,6,2.512107675270428,11.29741848387369,-9.722338522367014,2.2433204396923134,5.195779292832878,3.695154216452842,-3.658407473482372,-1.271878085133236,16.22137857965625,17.262701571419292,2.810882251556371,-9.860517288603608,18.449508190245883,22.434205459016265,15.935642338289718,-7.114123018344912,21.816004672967935,26.53705059555246,20.5689185455714,13.36938688746176,-0.6664249991271184,7.687167083049511,17.11813998799317,9.84805667248736,0.4517172978887134,-3.6603808236740014,-0.19901075651414943,0.13385188138884874,-0.37408698860147127,1.8156811696840682,-7.673644501443311,0.3852775590607842,5.90723889748134,2.7809631752883774,-7.8163583444704035,8.402171494513068,18.844562562386972,-1.8727423073496794,-11.807894030676737,-17.25169041970882,13.729018549480267,33.0625402571679,-5.644439689002978,-7.658790778621415,14.53092778487722,3.476004776817449,18.97222910192227,3.7985022374536714,-3.8796486130506738,20.582627808254937,19.258772547243208,13.162676629792086,-3.8366446903702345,2.0468820970471397,16.49785099110407,22.77890438341149,2.5405091437874603,-2.536031473030496,7.176967791213495,8.687297855753727,7.484367471801619,-0.19880640899717136
3,37,6,-12.70301204969788,-18.68168506780411,-6.336029867391764,-8.8690583783478,-14.448647683849792,-12.474756742146146,-4.014440503925448,1.046439192484971,-14.433686365085237,-6.459821359595145,-3.046481956568797,1.0835231917387829,-15.608401811204665,-14.290681804530323,-2.0874463494458197,-6.713442852460104,-12.641803376921795,-19.24559804697226,-13.409735822405596,-2.5603284499176384,0.48536062265587404,1.8694234655761173,-11.760667179938311,1.709538210832186,-3.3173429904585126,-2.679240489747693,-0.4722972172426011,-4.470244453811063,-6.035052375016141,-6.147542200536783,-1.3476641656058592,-12.799439165059752,-7.019981475115369,2.5118960119477256,-6.4414480937383605,-13.997335729984245,-11.032190325601796,-3.1091580459132504,17.3037215134359,0.30358582008175716,-24.82120830901875,-14.14381330363771,-7.276745915004029,3.191183451926563,-13.966978921458447,-11.740722238949338,-2.54459931719594,7.349597150641612,4.501440822335654,-15.829707549890944,-11.189119335542223,-2.9776561972514783,-1.3991390874995495,-0.975819594294924,-7.68337466901668,-9.959793035314338,2.3287327446770396,-0.3298022032647244,-1.986476971801915,-4.685253399128958,-3.737290093181201,-3.534748638196418
3,38,6,3.1071273488412814,-8.330665737617666,8.278132505101583,6.746619694287004,-4.104434490124361,-7.790181392536888,-6.541703326218738,5.103151679902179,2.767020868319201,-6.1333522867729435,-11.137748341235081,6.5557461438200795,-6.359548281026407,4.108269889918496,-9.599863744045537,1.042384892645315,-7.499694757254388,0.7809167993595704,4.191081022260222,-2.7923833216404246,3.880986841872517,2.2726798847022383,3.753944713213457,6.270598277813056,8.312148842438146,15.512498674229954,13.147535905423691,15.801977078702931,15.276034249424399,11.947023655855793,3.8167033784500344,3.2804634730138527,-7.433628192580329,-7.479807326797301,5.9929239918455135,-0.5547280090565744,-6.205626029600724,-10.31192966187145,2.8634442672283935,6.672982653284946,1.4194139932259562,-8.477100193636812,-4.105008545536094,-0.6833129842288614,-0.6460423467044771,1.3352897136767456,1.241531985743744,-2.100735732694953,8.874490254574239,-5.665062681405542,7.194340224809398,0.8031470772083389,2.748055460050749,3.164242390679517,2.8750867911546356,-0.3307315956392319,10.011838459318922,7.44969811530148,4.865715005957498,9.459270254050084,12.104070889658482,13.015789940521655
3,39,5,12.767087482052245,15.983497140877999,12.890086105365938,12.24627884327457,9.122080541073867,11.044866165299561,13.663529468291415,11.567264221063473,9.548722368642325,9.368138810892294,17.774231907525444,10.3224888097086,15.570607438320062,6.263286191243225,11.089133104354865,17.300269932988687,6.122646138577427,2.0227000985021992,9.053861196039291,9.792498899339815,8.101061357253391,5.296005844412567,5.047249385201167,12.995988655721815,13.535357144150163,6.295253947990516,10.993936714736137,10.044807185908704,11.159340088252861,8.589241986611587,8.402264830077113,11.267305713987387,15.070558226122179,24.78630594909191,8.989157949369854,9.565284058792379,11.812479311407246,16.692624766743048,10.408084013283524,8.717586582912725,17.702837406407767,12.075303659615358,13.911417521899802,11.85747086270372,6.752912825211975,0.31246574350246464,7.793833881815349,16.323431410190718,18.559931414681724,9.26317277032791,6.121193134248619,13.843399141210968,13.745483020241027,7.296091578219356,2.3666347844707896,8.992544922092502,15.400719268542785,8.71203253888411,4.450453775503288,8.443166263197071,11.894515517145026,13.394566346539136
3,40,1,-6.958883987545185,-4.452158057267165,1.622453943962548,-3.9568519602762535,-0.8204764805552429,-0.8448595048905148,1.650220307703954,1.4262703800412098,-4.860254372152069,-2.995111117957207,-0.4900893752077018,2.794952202770043,1.588864560142477,-4.219170219651081,2.444893008633233,1.2574907922208651,7.150582744535512,8.70448739104336,0.33144189960254855,1.1221894032780426,-0.49193709937105934,7.017028647497654,6.211646198772081,3.0544398256645677,-1.3961396728324262,-3.627096281161183,2.62450787563604,1.252055136623181,-0.711581656306477,-4.716410284618444,-2.5975164896524627,-1.877912344348548,-1.3093029489945176,1.2673250852591385,-5.470235297584157,-4.6917259319537745,-0.14611513206235383,0.8043383032810413,1.955391983160886,3.9358379270245374,0.6978832684888889,-7.0499041240333,1.471477257496701,-1.033824308968444,-0.17086051120252357,0.044363762047595456,-2.5873270901601453,-1.862549211733715,0.7583348889801113,13.791342915989825,3.223036427277978,1.7566825932505103,-0.4599479178829882,3.7508734624560276,6.996900814335522,4.627453288790292,2.963096641685543,-0.7181043783373149,4.060415316424216,8.338623484960062,5.025169781749926,-1.3866569363716517
3,41,2,9.599178398096871,0.12866020375272247,-1.432434298664547,8.536891683987225,3.153654545999884,5.476596548063,6.069007821222084,-2.031985348045098,0.5475272787166995,-0.49387459665900113,2.8754132762778455,-11.591231100988107,-6.79202036050762,-6.659919345069942,-5.1914486835040625,7.427632918342853,-9.80148284909565,-13.121581367109114,-5.690177580705143,2.666575364745791,-5.68027881485205,-12.481171847752695,-10.962891253665463,-6.012994291851438,-3.659081964730854,-4.223565484419824,-3.4910271818772296,-6.568303629983121,-5.458291403313239,-2.462326306815646,0.20028089972712615,5.687877747758715,6.449653484551915,4.484036052071419,3.7668179664079373,9.167947718283024,-16.534407776973513,4.554444072228606,-5.723196570011905,-4.212791087696463,-5.826774158992062,2.301913624493088,5.196590078245035,0.6508070766335221,-4.280235528219038,-16.979957437801477,-3.398740558498883,0.1949385960313785,-8.5759131592956,-10.316267434780183,-8.23461892646623,-5.992561515454751,-0.7011302726331925,-9.967101410871791,-12.525219721219905,-8.900663532316685,-6.5639586848456695,-9.341147538206373,-10.172484409515508,-10.883520653698499,-8.702765028344514,-4.927171306670416
3,42,2,-0.22740860962558818,-9.235022472517242,-4.771763609540533,1.116893798646677,-2.3456494702571424,-2.0123239912478827,-3.901078840077389,0.5767431208273263,0.32650859862929327,-1.1031092454902223,4.393482384340065,14.739471545738239,-1.4184775285070712,6.779075370933976,-2.615322979513508,1.4966137347794022,-6.825724684701465,-2.509255268020413,-0.2803939778085157,2.9961551315741737,-0.37432740701407946,1.6435971113444299,-8.312120209607047,2.6142071836696177,-2.295448279542074,2.4418683920010222,3.0073204595232146,1.3770737972383096,1.8902976300976269,0.35601508131580195,-2.354651389961561,-4.908984497933443,-4.185146798552922,1.6279326002908547,-4.48336154371273,-2.0875539674037498,-5.02764904131067,-4.1775979036010975,2.040739759632454,15.44880358830078,-3.879479931667447,-3.179827923772904,0.28398182415744166,-0.9864252097194841,-4.017034480067125,0.46725639239771416,1.5502376863903315,6.089652305241768,12.29251193216571,-3.7475512812976035,0.8737631650505235,3.257153281873866,-0.5504872366479339,4.01445831548105,-0.22933545220564255,2.153014299255318,3.0019101312095815,1.9456833383279961,1.1015629465578143,1.9625569423660636,4.246638928574123,2.593246865392912
3,43,1,-1.3552919600340658,-2.0128765409448883,0.43427681150028336,0.195315319536504,7.6135731529637525,8.832598663503068,2.026104860746004,3.7095379159763113,7.334312964866798,9.270126031393676,8.268710729927284,4.404414542859827,-0.6936495722067061,9.006390318001918,3.145370207488442,3.529047583246878,4.1045744287577,3.1103025731835037,1.8852782657415375,-4.762158959990415,8.436424773209156,5.636801262959701,-1.3557045434306318,0.38910944241939616,5.005881558876579,12.562734382187669,9.540158247030003,10.543769319246453,9.708041154211623,8.757217909561517,1.204839063740177,3.3724057179671245,6.189193501801613,6.8879343002648445,4.779491928230017,3.7838458387158473,8.073176555971544,6.074371615681714,4.552589123932327,2.626230018440542,4.570775948966027,4.4638329071515255,1.8438313900856542,4.550167285928096,5.7532950216767995,9.031469470026288,9.334588895347434,-0.10627202056461871,6.288440657313913,1.1863545528726598,3.1208078370247847,0.1983792504250299,1.5302678025668375,7.984818528065596,1.9832444969059273,-2.747631849675642,2.887798443300336,10.614492965180695,6.422392944214725,3.779881286520009,3.06457532310813,7.519424396953209
3,44,5,5.758633749105219,10.057156489026259,8.276410265621251,6.400607549875019,12.8188564800998,9.600455692651249,1.237847304789395,10.539144493094305,10.083907449935998,10.039077352471192,5.514469897709558,15.019980280319372,31.958132167414902,12.519694430253857,3.0603094766279915,-80.58912746063093,31.64187405785411,18.447481108874808,2.01574325893165,-3.7608764435777906,8.533400737544204,5.06529999883255,5.914303413001684,-0.20328747674186726,4.1181796226968475,11.93468141902192,8.136204362665186,7.1588598712824485,7.23937491918687,6.412802686346923,7.87749170116717,8.339247842750895,6.691284234022221,16.908440939332475,8.08778634685569,12.272940307855606,11.531916765453548,6.9451569472326,15.503044751540923,14.877912238421969,23.60094508819464,13.57211462001703,5.487787051171791,6.286180292023346,11.152419247005767,11.667533785184254,3.3983243752906973,2.0985112123577503,20.09089159065994,20.68131167641501,7.416937563806866,0.9793213969323682,1.9749636276988547,8.309902806970765,6.190689720236126,-2.228341050718619,-0.20998609025122156,7.837167888925202,5.939870344792923,4.248683878584061,0.9534062834047727,4.449851067202937
3,45,2,-2.8443210256958906,-5.420428730263491,1.4521603182571525,0.6626326463628215,-3.9675436928277708,1.912337746925468,-3.965523750998261,0.16168646524566554,-0.6179782620108705,-1.8036403894515298,-5.0970057293363835,-3.1508236966296748,11.301275531034449,0.35087004742335415,-7.284305503909906,-6.042493555263232,3.1986497937724336,9.169702157082897,6.273701818410042,-2.5867780610867896,-8.494052758281372,0.7533048348467246,9.033392639898858,2.51271776112205,-5.885410362388939,-0.5791972231619612,-1.7578557150199912,-0.5406672888230981,-1.6886604906389175,-2.6777802395163004,2.2266512984557605,-1.4521782330191897,-1.6794900023037709,-5.359898175567207,3.732119862932896,0.5920524947890433,-3.841936748508909,-2.2235837611483356,0.07721769832722075,-0.8537393916034833,10.715282844947415,-2.1188614580144236,-4.153677726948134,-5.551238197971008,7.752150131253212,1.590780426066643,-1.7581249312497675,-9.82870382494747,2.7926309112070418,6.1517113055920225,5.993630751354118,-1.4252944435787993,-7.815949343644629,-3.8387794356350193,5.900228142988205,6.732081742911811,-3.4047107318098235,-4.033997851174051,-1.8627717220110886,6.589812809294772,1.2402476251988523,-2.974057508859692
3,46,6,-4.425579264373858,-14.578524207968897,-1.9280023165274327,2.596788119252136,-6.657002452829082,-4.391186180927721,1.4449630837614937,-1.934223731389132,-15.21674861849807,-8.156977938204191,2.290590321917721,-1.4032722416038568,-26.435378083368622,-13.875259070498194,-14.4027304062847,0.38436272676761696,-18.765705332619977,-22.039732125110735,-12.221791889609353,-0.5701594840871493,-8.110095516381017,-10.522342662349713,-13.867534663868925,-3.4220004816789458,1.0508917089304655,3.8240154305225933,-1.7235058007489243,2.803153977317666,0.7732424106244451,3.101401142344423,-5.064517756560589,-6.029982777288267,-2.5129472888642685,-4.613844503648579,-11.571975090518228,-8.145984799805575,-13.588568524548368,-0.46058651227958314,-6.105675605557311,-2.0480553705881297,-21.4182306265504,-3.2300578215750066,-0.20193134428842446,5.111113113907691,-9.758184635421118,-11.521956760708871,-11.047248550122841,4.240844499035855,-1.1821531746082181,-22.915956621103728,-15.540846391876299,-7.872493845297071,2.435901854539338,-6.4639833209320665,-15.51933719197335,-9.92078947975505,-1.0463208375816648,-5.083676714245684,-4.666227140952263,-3.2980439662592618,-2.8524761328064834,1.1452879959989983
3,47,3,-0.5348909062492402,-4.278911568042706,-4.780431884681671,-3.916277018716423,-9.819992635160592,-12.4626514855318,-5.258602428079652,-4.371481700300626,-17.653454195980615,-14.515482205170674,-5.632976551494767,1.5179829561072045,-10.190796762386833,-4.4119598303535374,-11.039703316623111,6.885763662185788,-14.315739417266915,-13.624820158612447,-10.517283718078959,-5.440466914734826,3.021413584853093,-7.081667346470966,-8.422245618478371,-1.7840111744022238,2.9209646224612134,3.469833740964532,1.2861612484585958,3.5819503444178795,3.587278396618075,5.279939368379974,-0.8252770381684348,-6.174709354504581,-7.1913586725912415,-11.353629300507105,-2.4033887691159794,-13.137618979030266,-13.020838140805322,-5.950651825382944,-2.203204667559121,0.7252693203982048,-13.988387581902254,-12.982143100714545,-1.620484199170477,1.4306152882451963,-10.29919638315488,-14.102933325055172,-10.689967056145752,-4.7621195619108105,-0.5174574734097925,-16.549695402451952,-10.787570902294041,-5.388644031232303,5.846338745109704,-3.398525230918737,-7.507243660565394,-6.740036040408222,1.069717135728995,-0.7947910393917603,-3.9880590300138183,-1.63242456180657,2.6798144292722363,6.103476261674631
3,48,6,-4.026316300454753,-3.6197304422101113,-13.614749039954898,-18.361272182588174,-14.748498527991885,-11.54345874739357,-3.5268159501436287,-9.578928625057792,-20.705662242046046,-21.344166695106225,-8.478079665929265,-18.087329155918447,-19.06729985548683,-18.968763075803015,-16.451305936715308,-6.834374821040685,-22.14572075191067,-24.988079157544348,-14.845000908051313,-24.326627084726972,-15.798123680520803,-24.50145571769736,-25.383424279711583,-18.795269190254274,-12.15422548639884,-3.00701197940947,-10.336926256828917,-9.0982356911139,-6.2753521848765335,-3.1359377269371875,-10.53898313199738,-14.09213399887085,-9.317977149124692,3.0943187934846215,-9.83023229719526,-13.24813548765406,-12.289803111948443,-6.187812207675563,-2.6355010008939153,-11.679689487873967,-21.202514813349737,-24.91081507438965,-7.305556333760117,-4.3828623732906875,-21.426974232104147,-20.38433822262577,-22.03713809750498,-15.22208380651597,-12.838905448707312,-28.512476995042196,-24.26633317409675,-23.674169569284796,-9.481855734274154,-20.332482925769533,-22.972684196491773,-22.575121763887775,-14.326553185004741,-13.139502606025292,-18.58784477530821,-16.320055194460327,-17.238221762520144,-10.381831813337097
3,49,3,7.7110943968930306,5.907712446253108,2.253883006428822,-7.7662754990160465,-10.074141437869246,-4.941759480981203,1.114658548087789,-4.204930253145169,-10.197204520698728,-15.642583265411528,1.5182520631791618,0.3041204274305481,-9.895932954719013,-19.272678953288093,-8.65686217188926,-10.10320298073859,-0.36137168990766155,-9.457110328281797,-12.852528463413078,-16.450355049086408,-10.593109398819763,-13.622237000341824,-10.062484534798049,-16.353644592096888,-16.566285726818716,-10.750063419205748,-11.92733348648223,-11.469384091735888,-12.624775502081148,-10.923091028282478,6.569286713217627,-0.7432193298165364,-2.06770957567979,5.173997375727973,-0.18642462451555958,-9.848993175708483,-11.443164107639616,-3.1769576845349876,2.3908600057077782,1.0559684730975363,-12.947760704813938,-13.05274479472782,-7.174628507947864,-4.2136845251817885,-0.7924696761140838,-17.681866225269737,-16.095900823793766,-12.370694802029105,-6.767156599511157,0.019754618588019524,-13.778423109290582,-15.043089712447511,-13.089114843203289,-12.983667896197343,-15.399926366528684,-15.503069648746306,-20.29844146321823,-14.629640336068931,-10.642689850272202,-13.109436402006494,-15.650961030342781,-14.936358212924963
3,50,2,-4.991361475163477,-7.805946435802045,1.591067408234245,-1.6139937748666853,-13.346309838589375,-5.150468278312824,-4.184425577703049,-3.3230548439229417,-12.62007536030398,-11.410636473969532,0.6436923742635045,-1.5232571431140358,-7.034253938475671,-12.713492229535458,-5.974869816314162,-1.4986874882994972,-7.228657936018601,-7.540273418014009,-2.8241249921890685,5.909531462165276,-3.2934873764653054,-7.448187653929355,-4.527786328525444,1.1147877423365316,0.9864611091580594,0.2461730949026987,0.45751535858413833,1.3185739484388466,1.7833294666020145,1.6440958507162402,1.2835098170198331,-6.706403544626946,-8.259066584815342,-0.5063316037015214,-2.943675738077884,-9.34525194964031,-11.172625926732108,-7.032341579384195,-4.017102641527675,-4.198407468249703,-4.342448823517415,-6.175724815327407,-4.601599105679226,1.453882459886145,-8.900265437982432,-8.577441590588272,-6.153562621088557,-3.02919568758026,-7.523460722869122,-7.039901253017716,-9.506823566810393,-2.569405664880079,-1.8512690373378375,-5.426061692109563,-6.048668271657534,0.4537551518492059,1.4863382373913767,-1.8066972230174936,-3.1905627322224195,-0.0005703546651984193,3.0386676940067487,2.408519437082292
3,51,5,9.816505153072859,2.1144413270237976,0.5514631372757213,9.293619187616907,4.425285028117686,1.9637229202056825,-3.851491201224615,2.1553248051871985,12.505866931342496,5.629503510801528,4.051840200441003,6.463215484829025,12.095743564525382,18.226566444082955,11.055705115199089,10.182544567326945,-1.26694477957151,12.370938868761606,16.98251568113181,16.2322426872646,0.11371686460064095,19.227866707182283,17.510406753457175,22.7161134684958,11.690603599214228,-0.22839525285199613,4.915851622604107,10.53490010094715,11.684446947103954,5.945890802444275,3.354839635075909,1.267694631616994,1.2226887245026477,6.285233067871048,4.425213271274983,6.484975825359185,3.132231508279446,-4.052629578813188,2.3271648771833724,1.442835477373856,4.077414503820789,10.267056487682394,2.0071395360240034,3.2778407701904464,6.110608933720642,14.437342340081212,12.279531048383658,13.196664187421161,1.4027878931927957,5.901125200717463,13.706587194061909,18.300734333648556,8.023273155729216,7.5856740329550965,15.538876443192732,25.52140942088715,19.545054333670652,4.122574757676705,13.029466915262354,19.92291920632124,21.19762825984053,13.66140185844682
3,52,4,-1.3802238902383752,-3.4183230064269843,-3.1370069919063184,-10.863676199297675,-5.571125661289866,1.4455228194071945,4.846713799949188,-5.06372124638136,-9.816289823752175,-2.241347149650497,-0.5087031416776711,1.1521551500119998,-6.522156679911945,-6.999265231356797,-2.9822235972984004,-4.1670137303199875,-1.1158891363387426,-3.6974181986311683,-4.063332158027263,-7.803521034148768,-5.602885258317319,0.47753910047978865,-2.0249532641070664,-0.6371373391608017,1.3671892290585668,-0.9229346604182997,2.737790566607856,1.9204929807541398,1.3407611870206892,1.5893345192619937,-2.6376824040170295,-8.590311149754221,1.6398012016604602,9.189324045592137,-4.414277580180545,-7.302025941177841,-10.651365278667779,4.7083017502161795,-0.5115914187712104,-6.28773741860215,-7.735143775262345,-0.8518127036712511,1.8427801573103877,1.1449830546952415,-2.4938276144335174,-5.046076253005419,0.4609488413283007,4.245332945842389,-7.55506251723983,0.4662015458637073,-1.8988868884015364,-1.98372527908125,0.18785258244280095,-1.6009519700445058,1.77630802229183,-3.8151570584897576,-0.690937144000356,0.6487548404952468,5.794236022456573,3.7148121339950433,-1.3774038239881934,1.6287398652113942
3,53,4,-4.695722781144445,1.828669132233214,-5.045695866378616,-2.0508826082095326,-2.4777971762346054,1.1888013992276854,-2.0812501181371337,-5.384693755466912,-5.786888120826562,-0.327717685617687,-5.801702307285913,-9.533118910474208,-10.99599261418348,5.204867188341728,-1.2818594544944237,-1.1033209433847269,-6.576946753508794,-4.155342486300845,0.1396318830822304,-4.126944682134951,0.07776305953994832,-1.5069754620695976,-8.271957853638638,-1.3897747816063633,-0.4661333549898341,-4.220960633369256,-1.3052199729036835,-5.573174252356521,-2.0833633656488586,0.5283969034009235,-2.8538503262623234,-4.6646090002827005,-1.1851562367434183,4.497016911576621,-7.971654807557436,0.5068410011462698,-0.7757610442434864,0.7664291034679747,-7.534346247023742,-4.1031680011869085,-4.183230880341243,-3.6871605129080542,-1.3985614009547933,0.045095664971485636,-5.541328518645743,0.7835108263009207,0.3192575525992155,-0.6183119089819662,-3.0591721804759304,-11.94991544334264,-1.7687879593406874,-0.5957335894870606,-2.92574722633311,-2.1781077276071996,-3.1656451098643585,-0.9396756027893332,-1.201541881644871,-0.14396965846975834,-3.686582835913612,-4.660938611464213,-2.56313408624733,-0.18076303848860453
3,54,6,12.099370829119323,9.711793797246814,11.336357328177593,18.856789930837184,11.42230793235188,15.31603887829385,11.365702436998392,7.144695104145239,22.166085421857318,13.698615013081906,10.980328008328094,-2.959322329258499,17.561264397894472,11.898634271284495,13.184831543257696,5.01661991791959,-5.105372589860226,12.283420414913722,14.687196605452685,8.353183013091725,6.5872043950437815,9.860144245392855,3.350537804296104,14.146819944334476,5.242338677638258,2.3595200669156693,3.3755844524811702,0.7144627177906102,0.08162359239124828,-1.6031334036673712,7.442195950961879,10.193878698037798,13.296388475002908,11.910305549640483,14.375703105174866,14.474415541081346,13.61584338854726,12.886659760130334,1.1890956410604367,9.411587711037477,16.10245229503731,12.918559369790106,10.93745321516947,4.346352375952933,3.0360592933138832,14.442203791539482,11.200112358155874,16.278637170064727,3.1187591179197365,6.314958436596326,15.134612103129133,12.829200240170096,3.209947898932847,7.029883958978532,11.954837942382367,13.380035474760133,6.567029967097706,2.384265608460894,2.368597276735958,5.243884850940785,5.487804924501338,1.553122303925634
3,55,4,-2.6117566164651107,-13.331746763754175,-1.745129669017,5.1505542941754925,-5.068292100118788,-7.322060456113297,-1.913317273075624,-2.9789048066680763,-10.212937266838441,-5.313256164694705,1.4095869156682461,-8.423756005833063,-5.94574356251737,-12.19565437853382,-6.696597895641787,4.448623995557881,15.043825005135712,-12.405676257137841,-11.850169621407984,5.628215496519174,-4.2634120635665615,1.074625310783345,-3.733537004374696,-2.41400876846846,5.19838761521231,0.9177466100081801,-2.2837016969555757,-0.34249247719601794,0.3373977501824144,0.21713661599518067,-3.774646662255157,-3.3285011272968315,-6.141123521990689,6.7675117938779294,-5.853428360006612,0.48864338001826546,-6.718311627531743,-7.907091469015566,-3.4225997271175257,-0.04708687620373614,-7.138699842934928,-5.099987194589454,1.4665942288361633,0.8579479465317883,7.244297435257314,-9.03347141915796,-6.57103753335229,-1.4370949276518528,1.9927199693260385,7.3879978689251455,-3.2534145987706196,-3.146697737094832,1.8241233603756233,0.53663446633827,-3.60401566908127,-6.010687334054126,2.486257293556888,-0.9479885729393231,-0.4382880120083854,-0.38728666750759544,-0.8436648557644046,-0.0226429529124636
3,56,2,-1.266273888077861,1.4160162940984826,-5.459776842330653,-3.599369469575772,-1.3194134841877494,1.423988550901413,2.0739022112102248,-3.4306149219912356,-7.157858781107677,-2.991114249293934,0.008277152346948313,1.6562514870879008,-13.101908993770971,-9.88489682622617,-0.7842140812881121,-0.23947095183837394,-6.074751920083806,-7.381485943761994,-3.9963900374458765,-4.609696929320335,-3.7953162638061677,-3.736425335269151,1.0216362898624147,-0.17488253864505054,3.156790354050603,2.3097960910612216,-0.3403540894207429,0.5425437225043777,2.7065942241787564,3.463429470137669,-4.894708459151956,-2.738142104955706,1.8634713383777644,5.02389615065441,-3.46946418227836,-1.8523632738648446,0.08122535924449667,1.474178914628105,1.8364619580324655,1.3784623419178823,-5.150034128177193,-0.5061844121210477,3.1526822720813326,2.4033492534796186,-8.683207688455635,-5.53103867232255,-3.8663088734738795,4.3239857307408105,0.3425677680842036,-9.391969393879151,-6.967308305658209,-1.0847358513941447,3.01705079764822,-3.6798735667622067,-5.466414240086685,-3.0756152692455316,-0.09879141512806683,-1.309267056276795,-2.732728126072665,-1.0425642850104635,0.882284323026131,1.3022779212901132
3,57,2,6.664314441723608,8.855776102293472,2.0061672144546767,-2.3002488169273945,10.710920053057183,-3.1073461848697272,3.481792030628863,-0.25856193556541207,7.861281802741495,5.54207116100801,-6.756339182475267,-8.470688730378903,-5.731807428298565,10.413455013861515,4.9692603028947255,-2.5677086480597913,-11.405355290953421,-0.8129311923346487,-1.0818762938128554,-6.054075176850319,-4.2482067445951825,-5.853873155057072,-1.2307290203596761,0.3815140032731928,-0.7591313235632086,-4.0037235980739885,-0.4335807461927579,2.090844052094149,3.4378982846108386,2.7179354091697356,1.797322180122137,6.055388348551873,8.08181253457215,-1.651655464660286,-1.3300012597337194,2.4869748833589256,7.444108245485438,6.937425057664967,1.6208717065874654,1.5603052341697246,-15.015836386078202,9.732779155644334,6.23038564925082,-3.5136306262518273,-4.375898344936303,9.336633912957748,2.104140644154808,2.554383388379724,-7.064528219146295,-6.532346209465736,-0.0251077742247664,1.0444623129215198,2.4315963319798066,-5.6243404950833,-1.657083892629754,-4.380469189911359,0.1949744558461583,-4.406190585799335,-3.2898635587359712,1.8021155542171554,1.3572294199612107,2.691554140072407
3,58,3,9.153944303701843,1.5291734948561242,-1.6093188430957786,-0.6308335333256199,0.28693458153979723,-0.3140049561313001,-0.8344152092070491,3.861960486599769,-2.5649710975632782,3.683020184725164,-5.397828977623183,16.018909229610184,-3.298058335765878,5.8146867086804255,7.986024198667483,6.697753182731616,6.91120506723116,5.060865308805488,7.1716828870064555,3.542466148120781,7.670846021575175,8.220486445488724,9.936418235074823,12.415320438151129,8.944855211166345,4.6983418967574835,7.443788973319274,8.585891020115147,10.241213189523162,7.538698349454696,2.4773378657722267,0.12026831285074,2.086456092165377,6.631912565872456,-2.602388748927496,0.40592563622517647,0.1568248697397524,-3.0399341299085,6.742490071774938,2.0879055787170335,-1.2843961276386575,4.505437554041974,3.245367166591903,7.800112565309263,-0.9757980009677207,2.4941613410554124,8.901277184758976,0.8536138495702943,9.264536191005165,1.7390052072544835,6.750544762795385,9.925364127689285,3.600765104700881,9.003774885521212,6.409390558556813,10.088220190302255,10.726243656230853,8.662907742191013,11.012564829323535,12.074801384017059,13.132929695043252,11.092584583652775
3,59,4,-3.671399086351769,3.9268682782265647,-5.02906618583039,-11.696523648823,-8.046404030582892,-10.99626518313477,-6.55491733837237,-5.757112496861868,-11.020558574850236,-12.325297695164355,-9.255146720560221,-5.651995711625554,-12.076857157392284,-9.651647101088265,-22.538970538392284,-10.922753850401309,-2.4831394649951206,-18.178248850492434,-22.6532723336685,-19.534807422857092,-0.9342973640006846,-11.573001171643964,-22.46844426056417,-23.740691755603017,-11.041450600253372,0.4246398109911446,-5.529269800498723,-7.262495014612085,-9.426810951869392,-4.221398389781825,-4.2488454575480015,-8.28569202371532,-6.667801832828507,-7.6595012261078,-4.8733607859282575,-10.095008329593389,-6.78550122708945,-5.359406661423973,-1.0212811549398588,-1.652803544677006,-20.178582178190258,-14.629396332655007,-7.622363341381636,1.975605927737113,-8.012925905124403,-9.103011214901215,-18.057471109054443,-13.664117775493995,-2.7431114211951093,-9.494233814090853,-20.13551727500631,-30.81746545942817,-8.973665657930262,-4.663920187550348,-16.504571142697284,-30.207821568156184,-18.081330279569794,-4.033836398773444,-14.383122771739865,-15.868915649040094,-19.41768201365612,-11.242761152330786
3,60,4,-6.636304090639983,2.494724652525491,-1.0580423001268087,-1.5926640686102043,-2.0643729073018173,-3.8402755351101105,0.9881832296846477,3.205882875135215,3.709049991082127,-0.487491824899845,-2.7911741873930858,-4.97317472425085,13.036746576530623,15.299279865172762,11.203108225392597,3.091696013866853,3.7278216129350596,10.92798495029735,8.868552430419298,-3.560053812470514,3.5592644649398744,1.9322539610197633,4.927791914448327,2.579466017814946,6.405888888303457,0.2796297568441705,2.414507471155602,1.5718617205473986,2.2224714697293235,0.8037535242403422,-0.760846400928751,-4.613923367907911,-5.599799677002721,-0.19197141626713582,4.064318764328718,-4.503690400433437,-6.258220152429688,-0.179259732013523,-1.459267832923372,4.445445199871844,-3.5916161311764796,-1.2667008262147519,0.7122095273126177,-0.9494452852267408,-1.8109057168589855,8.384626948013448,5.3723265059156,4.555441497314,-1.0173166420356168,17.368352946828164,5.898997602484573,3.293358273791408,4.570926635616984,4.492076512857725,6.7746802991960315,7.17994575072421,0.814441658738184,5.90592928258021,4.980946012091162,6.080485374814399,4.220655696659642,0.867459318350727
3,61,6,1.8246148627864707,-0.9841433794936165,-2.123213632250909,-1.6766807054987232,-9.460601271925176,-0.029179963095486428,-0.48411201438071433,0.9048554439370229,-6.0859998925702605,-7.122260314071689,10.748366461782835,-1.474534126589212,-3.928712431227835,-16.080781659770125,-5.269208151994774,-0.424212893067218,1.3633610529714353,-3.7344196583343128,-4.817167830500159,13.163293625477978,-3.0727809206241856,-0.8752521517368522,-0.6214369628862365,-1.947165072418568,-2.7067987158349376,-2.353679084491621,-10.90821581193041,-6.526160762940603,-5.983638513750941,-2.223041913931389,3.6600614832998133,-2.1368761271828927,-4.838300287905265,0.7367360210330108,-0.1835579139339485,-0.6920242959565308,-7.751673078755055,-1.3489809278398752,3.5178606958666587,2.9824496149255837,5.760323658858136,4.454152905904665,-3.8937667610532616,0.8588987264452808,8.471287878502798,-12.56114131596121,-4.6191975065029975,-1.139019999937041,4.798206100058625,3.7206064829625527,-9.827448153721377,-0.049627069258925766,-3.8609666703041743,-5.99272656493832,-4.186789985944901,3.8925935929916564,2.415913906499242,-8.455548013231102,-1.824693831104058,-3.4405210117196146,-3.0956175541845954,-1.946095863436689
3,62,5,9.2293429847057,8.090782182745448,-0.5668406660509551,19.310308320493238,1.5058560510870183,14.281827023479993,4.025864265086813,3.8929559040087733,-1.1292575895786285,3.2572357579157094,-0.33534553376730636,10.833201041127118,-6.223123782586943,-2.9921438809734107,-0.027978045457018874,0.8601724375039339,-3.8378142948608773,-8.187345529724725,-5.246669258377181,-5.057944833641733,0.344060340816746,-4.163551520272275,-8.789429609141337,-7.008037490384059,-6.010314115050543,-0.29353987475539167,-1.7374659571342344,-3.9562025214204706,-5.506300369482034,-3.5913972321432084,2.0483064878641106,9.805067120829786,9.30989730676136,11.572186723306055,7.3596036635430035,9.012644011981598,6.154351962866576,6.351088135207932,-5.159803812451684,1.5707566207047634,5.125493270504045,0.9699283085945181,1.633691121903589,3.2016958706052505,4.530254767526214,1.3414643957143326,-1.5264969747371566,-6.786925602085297,5.745789288838464,-8.134923427615584,-6.479931218958483,-7.036374478714492,-5.161579822996493,-1.2797462439573388,-7.953798116480071,-6.7505482919968465,-8.137542544750543,-4.2858361380356484,-4.088045249034357,-7.937990120169139,-8.60545190750826,-7.164883968170463
3,63,6,-12.277887790668292,-12.577308242231979,-11.674246749681673,-16.64532249227803,-13.329285458298163,-11.573994984532263,-5.982189037632651,-14.197028192066849,-22.829112647317064,-11.868112576898282,-12.117776566298632,-14.344083413186413,-15.115912274820968,-16.853191675413868,-14.356594199859884,0.48602437566420775,-16.671822307644153,-21.27934852328789,-20.144763158429882,-10.163855596979312,-5.267234770376689,-15.17181802021975,-14.9942876644796,-11.128491738799772,0.5576091298560901,-0.8595696702803955,-3.864080899372337,-2.875072436747938,1.1872694136279576,1.8576302701542038,-14.105975791488262,-12.842730113782178,-11.97915278209327,-8.140879298991909,-14.763610598744778,-13.375296088423951,-24.940586936296658,-13.956344556335988,-5.360899170360912,-12.432108012959361,-19.52175468728854,-9.57317365491877,-0.512717967023846,5.542770849648725,-17.94111353315687,-16.53921538816265,-12.833538051558333,-6.140047215152437,-6.231250283808064,-26.566542643099645,-18.96250598382479,-9.1455308292416,-2.722718043724168,-10.744940026390669,-16.371250404397074,-13.15911012825489,-6.837223707777786,-7.389755998476886,-10.636956601608077,-9.63487025250385,-8.136046474526927,-1.788890666203436
3,64,3,-10.616638543175117,-10.857785062682696,-10.022214428226393,-12.117830376719663,-10.227227741148228,-14.96309854989735,-11.052981947781518,-7.087626778350283,-7.254321865838242,-13.24316272496178,-6.463599398913912,-0.8108036581415505,0.8550094612803107,2.343123596252465,-10.191169861584854,-7.233146366958578,13.450902736904773,1.9897671112018387,-10.852137747481926,-10.227464603688912,6.311851386349961,1.0163873558886691,-1.1647807318126662,-1.5122567983173827,2.708617837395428,10.156012530774365,8.065882447743556,5.217690167721453,2.7567308082290745,5.637755527331424,-16.307752517188295,-14.003750777329175,-13.810570330154619,-5.194257948563923,-16.087716944288555,-14.485509284953705,-13.351189283858517,-14.5632901682104,0.5728215948144745,-5.508349037774631,-15.411070161740438,-11.831017661657997,-5.860410269667825,-3.1832220478710256,-6.445204482726162,-7.166728047574532,-11.086345297716019,-4.27304187377279,4.824200017775247,4.2281184033604315,-3.41303449900957,-8.676469695845208,-0.9590929743845182,6.547497649120575,-1.7081389637981965,-11.743732437014389,-2.206860659161308,9.804571889545308,3.6278389074453505,0.6613480909784306,-2.059934728716431,4.380831629401301
3,65,1,20.064937045865847,18.327754411755553,18.120276332895337,18.335124127067083,10.089999730968506,14.147655786128668,9.344950605819863,10.466013510563847,9.228309611397686,7.380592515146956,5.730924832146255,11.784476119644081,7.556052791749744,1.5473674468968701,12.032938269733616,3.046051408289134,9.219505159411487,5.151246759506712,8.263095783356507,0.6612908134887163,5.716673863324814,10.373812835913427,12.517480769126513,8.640056593684339,1.911964677819391,-2.5547170149965974,3.163226929788548,2.87825846162102,1.9626286779988207,-2.990741125459887,17.735906502095656,19.262898543258988,14.443631879122162,11.430681914886136,16.435189367976133,15.052070029307062,0.6307007860344065,12.106413790998724,6.3538470799898406,11.989819455758393,18.298492149157433,13.524482382080958,3.2887227065270657,6.744111809973246,12.98103089193336,4.0885941937037655,2.000953974951873,7.079227567417547,8.506377073550004,12.507431285092373,9.190543862286862,6.857451949791027,0.20014095476760385,7.66125921830081,9.267750782028934,16.65921823532752,4.992409091851697,2.0607993972328735,10.13771093332367,9.895193806099822,7.701855715838401,-0.2875767945675406
3,66,5,-3.3110678391303976,3.4379664418264877,1.1176472048888477,-0.29595450064303697,-1.2262514077166737,3.320338820720592,2.159892208249558,3.815752581250284,-11.786858476312245,-5.395629505286136,-7.628383738170497,2.8623428051303152,-18.926659614847203,-12.354617694619948,-13.722014983616239,1.4397140489891171,-10.312586282947795,-13.715355958108141,-10.666427078565995,3.313704884906369,1.390449315831973,-3.79590099264027,-7.118173674203266,-2.2742620555729385,-1.072149680705922,0.11526321773218501,1.862886461202145,0.22689911435647786,2.5603750199988125,2.406320026904635,1.1182822730028767,1.031815072135409,2.626025512882666,-4.440328953060799,1.6156873310938829,-1.273994910536424,-1.9718135225177724,4.508978897433092,4.147122756805178,0.9488711875306852,-7.073124679202982,-1.489908059604645,1.730326217769577,-0.04031665645938684,-3.241556850562959,-9.70930018589445,-10.058193417271694,-1.3244974240660672,3.945984345270186,-14.059757091014138,-10.324078151501904,-5.724692686892497,-0.8872176158659341,1.408664825622267,-10.592036633650078,-5.178805105819749,-0.18179262218224473,-0.001001035385741894,-3.871575943148899,-3.743801828700956,-2.6120114168379356,1.6140834795901702
3,67,2,7.700879887518721,4.220304059909609,3.8974084522058376,3.2871045719309695,11.70571926026605,8.42552480119758,6.085989044979215,3.873743036125857,10.46006484053711,11.370965753068653,6.580376718284156,9.547272981943783,8.214290233970644,7.1549743311096385,9.046915189431214,8.208729049247665,-1.4343143272974583,0.4497692562730576,4.033470492105841,5.236110199782311,-3.515603930164105,-4.280572794508423,-3.569898870847434,2.7090303293065867,6.468382022354939,1.4362015399582135,-1.1758385258953934,-0.3198100428491628,1.9265384741422782,1.5632508683654422,0.9613102979776329,7.667215080835238,11.375540356200023,11.528554859207706,4.64281629847942,8.608296984420495,15.26766383675176,9.512352457497174,4.325984156415116,5.157866429719261,1.7331821244755186,7.47591458831164,7.725786719993665,9.47488453023408,-0.3414268711320608,0.3807747463195965,6.3552823033320145,6.531919192318327,-0.9581422162577276,-6.338652623635598,4.220824246737743,5.276484293671518,8.881924345265933,-1.463684483351776,-1.1355003401659767,3.7214675558412957,2.5385896901531897,-2.0222910744387943,-1.721044492680673,-0.4652291411624816,-2.196014667952026,1.8348834570383712
3,68,1,-8.29656679762482,-9.369322867439378,-4.661534156514011,-7.376911427098804,-0.5333911332006503,2.126848113586807,1.415402764954219,2.1025978916622123,-0.8357319637775296,4.521446609687874,5.527881247494034,10.784894296036265,0.9841864434547892,3.845538921529286,10.862434872744117,14.97845446759062,9.218137985572408,9.036359703883802,-4.389144736728291,10.315822490723804,13.998379828817235,14.138815434854006,4.175176147144382,10.151581590381893,13.404910174828789,7.158440180986024,9.583338043953457,9.844892248840685,10.299379363255694,7.352395662685809,-6.706055415294515,-7.815066751615121,-2.7860974070343483,-1.0580494002007497,-6.12602590837675,-3.7018634866235955,3.990287050763833,2.5672852519286296,1.2623057102098794,0.9892273644204019,0.4237285150305894,4.29803840260635,6.297108929377143,6.109719164828524,11.9586123754455,2.4751026774643057,7.428041897963999,14.226366031858163,19.834263547391785,7.20590392268468,6.7428632426280055,9.801030779938868,15.560471789650151,18.670264901729627,12.406451253901889,3.8396081923757013,14.120947884639913,16.11617939848816,16.60806630683562,8.40019466514449,6.954209021837787,12.431002927620382
3,69,1,0.1652491077235549,-5.467827776285447,-0.03017390119593366,-7.018284430045899,-6.8373205114564835,1.579851868857697,5.197415249785639,1.0103131058603165,-7.863940431526289,-2.3732759130255503,10.731194869319838,10.628295437228395,-11.73818567667224,-9.077942939279259,-1.5046685196164016,2.8639501371462095,0.20918593895706888,-7.951950288264127,-6.989484713192777,4.34834005497396,5.932777140493982,-2.3567933136960724,-4.922076611532599,2.960133315955584,4.342825495109825,5.91720232456105,9.024979064059325,8.917723957562773,7.886931356485574,5.084667125978029,0.14968495134536866,-4.174067476787031,-0.365637722288872,1.182328903911318,-0.7182657615985812,-5.891825481312254,-3.449731003720221,3.3698906196883245,5.005745241463909,0.8683168083974495,-6.209533079816936,-3.627846228753827,7.348147704229096,10.522952562993073,-1.811576665810696,-9.197895391617065,-4.104402200296163,6.03154346549446,13.003071150538041,-7.4351386406299875,-6.233650629366065,-0.22467824974574313,5.856366750193623,5.25740769301064,-0.5914783900725771,1.5889721073937122,7.083037924316073,7.579804307054275,4.860552099783247,4.904291566682798,6.753651996756473,7.369753696297001
3,70,1,-6.432769024403902,-10.354294962170194,-1.7468984903449685,-11.556321261609652,-19.158668050860495,-25.437338891007553,-12.537587139392041,-3.2376784073847635,-21.799658376450942,-24.627780168885128,-23.136096267983692,0.45527288358567686,-17.24129290442641,-23.82612217971826,-22.4402329300235,-7.19049398112395,-3.038355536748964,-21.92820021930356,-23.538261717753254,-5.33808043166405,-1.9388017340040775,-10.495207658718998,-16.836422182801297,-11.199039614361872,0.7711973255159461,0.9992732903579389,-1.293107366882172,-1.4030390946058227,-1.0402967121633822,2.9049269304179197,-3.5781042437727852,-6.51545102732461,-13.34350761166979,-19.5767205199454,-6.2671072599932325,-11.251942432758101,-22.169849086825444,-19.56181304638342,-0.6049615582564802,1.8046305809601582,-12.020613955333829,-23.723861136087553,-10.236678132134278,-9.633248540822684,-2.997479082630358,-20.97855423511256,-25.989914255534718,-12.500539007704562,-1.1357622531273894,-8.261789842894894,-29.216983334979087,-14.777337625134368,-5.012676936171088,-1.5148114217218107,-12.842181112798983,-14.285224706354759,-10.466878035809938,-2.314654154612158,-2.7534049056263115,-7.800055157211494,-6.506614139848726,-1.2602067733319802
3,71,3,-5.243454534407112,4.670858966050349,5.369481306011995,-3.9873235408506362,-0.30210403694271537,0.34093893335268954,5.437937484128495,3.585201009733904,-4.266515571306029,1.705440912691012,-1.0342691836924087,4.271764635637961,-6.220626705079107,-4.326508044202741,5.684078229659395,0.6457517284888581,1.4680221771775945,1.855151080384442,3.192284930588271,10.491035061093365,2.5340868969924926,2.0664969248492726,-1.168196382421272,4.1681797708975274,-1.9190111901304445,2.8149114018419703,0.2807204536185018,2.856907172218,4.807828634971662,0.921582043858063,3.2179739551331914,-2.490630826022668,0.46547676255875425,-2.6257815741047983,0.10698603410500923,1.2217989218443999,1.986032200534261,0.5216157692938872,8.00970034308663,4.009880329930882,-2.2557128529609534,1.3935743055601657,3.0604996307882226,1.5719262769604758,5.401488521590646,-2.700753208329308,-0.3211483963447185,2.1881034299333737,2.9562260328405885,-3.8247760045682906,-1.305980576622503,2.2698059281129854,0.6691625286461558,5.212139776271128,0.7351789646214109,3.6859334872679903,-1.6854135430717503,3.2559656318072694,3.3289891497300177,1.6310790928830274,4.324617248096662,1.7044327214825898
3,72,5,-0.0196973273030861,1.8136253280298258,-6.818997315948876,0.7590308705026783,5.645605720556912,4.993467707164225,-1.5957818716457792,-2.8396459835547447,2.2885489187078445,3.902409874107235,0.04382199106919521,-8.018153295965819,-6.490353965223195,0.05670596459289734,-3.4282684780248465,-4.935731889362017,-7.96421004583343,2.307342033333531,-0.43223181578739756,11.918640019144956,-0.6559125672991761,-3.412812049130098,-3.87414480904799,5.69610474848049,-0.6524180361842039,3.241237519899519,-2.5505371892359108,-1.988292519979907,0.20696495017945443,-2.683624836082413,-3.0336302213041435,5.64215068311839,6.821605741716468,-2.890062522850136,3.651256909900596,8.579429366693997,7.306794004361482,1.5035562171578065,-8.267598530027747,-8.385581369738931,-2.0930254069872496,7.387825716786634,-1.5062291681562097,-5.994477408074936,-4.6521555267206285,2.568160731072835,4.178566569507847,0.5333660157488254,-7.277215922115057,-3.6950501977017463,-0.3014367033341324,2.47167265880853,-0.3005935429231957,-0.6342097096281449,-0.9889151786124657,2.607271769867709,-1.2455038599238377,-2.5328168267520437,0.9612348898790954,-2.3299203347982598,-0.08291517475211194,0.31533603840394087
3,73,5,3.1258953779526957,-7.896374558030464,6.798202218521931,0.7522355877317319,-7.2635569589257925,5.623368239995641,-1.0229351963541224,2.8643483773055607,-4.4185614376669635,-8.203142810090467,-2.967581556505162,12.924012799906293,1.509501300425633,-12.974213949668712,-10.695686051923012,-0.593659855777443,5.148502070593034,-4.688288739541686,-8.074794700170482,5.1364182268337455,9.646365807255409,2.93129043726438,-4.1888924721946434,0.7617003072107156,4.157498848510953,7.12611363133098,15.205845211647446,6.578963125942322,3.822734579840385,0.6251610725118607,2.6890891568533632,-0.9780870153364262,-0.2843944347213674,1.959105372724192,5.650603637224202,-2.786423925406911,-0.5115841747965748,-0.8686146005227176,0.43113742563192126,4.3799131666707645,-5.764410160606865,-8.451429149953695,4.148148892401921,-4.275592841048975,13.59944693641965,-6.823273991223238,-5.923775250898537,-0.922432401399242,11.951469030094941,-4.478130439864246,1.1583800428297109,-2.858245530006726,-0.004104491629888119,3.0915488321419273,1.3837722080259935,-1.690041905428032,1.1329816507811603,7.334879824687249,4.098457181638829,1.7410143997701937,-0.5929923662745463,2.034661854571867
3,74,1,-16.367626526358933,-15.398444585343144,-15.332302561574963,-18.61088964779203,-19.083158174279795,-10.671869803685697,-8.816316953420115,-14.61937905382365,-21.422812226796285,-16.20797088762698,-9.256886840444453,-11.941824824253958,-24.924466672520992,-17.44644612791699,-12.128446776874174,-5.532843279095773,-18.5747742220396,-20.177387427107043,-15.66779872736179,-7.562528783614506,-5.290240167685574,-19.140789728339122,-16.19802529954568,-9.784419035482244,-2.4965795322510185,2.0153556990709793,-1.7372507719811385,1.5076786879753192,3.9523922274650123,3.431461702986824,-16.036148788157575,-15.907685892806922,-15.159551166191068,-6.833366699721211,-14.777764644070599,-18.608055092894077,-16.807984691011026,-10.302791477873827,-10.38042165411682,-12.58433311859646,-22.654926217547285,-17.780503511428833,-11.747420816239336,-8.363752870479738,-18.148161173593724,-17.77865934567297,-13.222464390338983,-7.686528489834104,-4.770156269347891,-21.428685609864576,-17.986865784135272,-11.864847585627045,-5.315096710081689,-12.029052654281259,-17.264538498277332,-14.987032965296974,-5.999521961041009,-3.1771047399833607,-9.78036122718009,-6.9599675567048385,-3.9563065505609254,3.149553633681159
3,75,2,-9.644263215879791,-1.0233584761892156,-16.69078057063972,-9.505940977188688,-4.153200576558892,9.90177754303668,3.957138931253791,-10.410997345742604,-6.3517948758856475,1.9115520783631899,7.304953528000276,-7.924628904134757,-0.40736791474542927,-0.09022358898073445,4.559901176894328,6.049378683057649,-13.846929537450407,-0.051195020105963294,5.367127729261795,5.349041359544523,2.8467750826725613,-3.6486736610105903,0.03553762209669761,3.0522009598818145,9.416542535681115,9.269178829320543,4.853663407061703,5.898771522169161,7.808382595365401,7.9330459516126295,-15.32201965916448,-12.951474182921014,1.0169900340857219,8.504016264182763,-15.765542617703717,-7.151831315262481,0.7110398832436007,4.093251247799431,-6.205381963129448,-11.98443412762589,-11.473212374306117,7.000033049866917,8.635234613130555,4.805668801197386,-10.014758939968376,-0.6383464830280161,2.525113660047149,6.661645072080742,-2.7739633423980417,-7.178754583194209,-0.9685326208014106,4.457981123270968,7.399992086867825,-0.2745888082128831,2.6601889670894665,3.437069485509177,6.005111850224575,4.757645450464291,1.9644512919845383,2.906268797377578,1.3428529016134094,7.77839170251519
3,76,1,-5.5287208397213945,-7.378342986609453,-1.6343620200527889,-3.7959907761350453,-1.4534483086885646,-1.1980185640930427,-0.9481320948589882,0.8592826017290761,-10.355188397418074,-5.3200263744560905,-0.8397539260729057,3.3335851817959683,-8.04988420245851,-9.215181664949872,-10.218276073542865,-2.439184688724484,-5.438202994052181,-10.250408931941982,-15.081185496934667,-7.741332817209384,1.2855333719493416,-6.832293929486742,-12.62021167978372,-8.84310389473671,-4.199928752602381,0.5680138844905827,0.5955685513866364,-2.2832423730685205,-1.1585773559082764,0.8833319419858654,-0.2799347102210485,-6.652740047426847,-3.4931009469735557,-2.8429683966550785,-2.848436195789496,-3.3427054649446046,-2.2542777093377278,-2.944881214385446,5.217808643446829,-1.3848486557693744,-5.88014339573863,-0.46257413289986804,-1.6330273827401611,-1.9180173785468304,-3.0817002575253953,-7.746843815519952,-10.240890344971135,-3.2580753068791766,3.265419635626416,-6.904958577911801,-14.696083681564216,-12.48196474062961,-3.6796942499193652,-1.1356869354026333,-10.331045553568051,-12.314186138418934,-6.9444787792475315,-0.9166165131666679,-7.048059906004137,-7.974862298087738,-7.514372806734883,-1.2059835914249821
3,77,4,-4.529390100968955,-8.110619362375536,1.2635829457558871,-0.274197749691312,0.0904891289637142,-0.247945453846691,-0.2626987282277612,3.3436167911546884,-7.848121619993461,1.9830686658331227,11.508850329612358,12.224723111043074,4.244948964611424,-0.3379144015403962,2.5874202847480774,9.900518300982826,9.421106286528639,2.5294908611103892,2.6121225870887343,4.271961954535869,7.257665698723177,11.547064531231063,0.46017746282060035,2.8880748574326693,3.7987856736702,0.45539850138252663,1.4454043598891033,-0.3382623879034531,-3.042775667678541,-1.9545883026581663,-4.612197628764365,-1.499448149828467,-2.3087807343761675,-3.6843081764513386,2.2031544808120174,2.6090298770989344,0.018549139259337294,-3.840268338757865,4.407159235845203,6.057006385756609,2.040607015150826,3.0352412442742036,14.117378044782624,5.856370329652435,7.8354385119703815,1.182084981931327,2.3779401829148212,5.958749596563329,6.900359011436931,5.389555285923277,-14.916445769165183,4.304528863578128,4.563288094214641,11.367973585226913,2.2285564122721553,-2.9889686822624344,4.2887924811462055,4.149953507085714,7.225601122873583,2.050032240679351,0.13602257222391367,-0.5595537152080278
3,78,6,-2.347281967403321,8.709987497297906,-3.43896747508836,-0.44699217293910953,-1.8175360406862522,-3.2712964849381887,-4.777787655660111,-3.125375119742097,-4.5315428231729245,0.3203410934316099,12.274845401591786,4.0567269145124945,-4.372572340321069,5.456791677035202,-0.539867304083774,3.604216637907597,-3.4635944890835093,1.2557650879252578,7.981654054780561,1.2192479174572806,2.0634723471523055,-0.5885578952275388,5.891807576187144,-0.4770906426852981,1.032037579000177,-0.718122265136961,-1.4008289584890008,-1.8126171230048904,-3.2661408126899394,-3.2445060525248524,-0.6148927383147539,-2.265274435406687,0.13605121825821695,3.0428940425754702,-6.866740873290749,-1.6464315561986531,0.2024766921701751,-0.2568791925725407,-1.9513484545090383,-2.9927323672284434,0.6220970853777024,1.844139981696883,2.189000357305858,4.955970999029488,8.582647503012932,-2.002959776260866,-3.191725145207671,0.18200791520407122,-1.5345014519194464,-0.10270221018028161,3.9816905609956716,3.8427188553415834,2.9977553299310222,1.637874576808294,5.515219722238441,3.9703818119994256,2.9541235326039716,1.1248766933227101,-2.9554689652513604,2.0056433900055017,0.7594615345957099,-0.8932237236238114
3,79,3,0.43830597889041834,2.2071262125107576,-2.0547574759892564,3.3045343687167277,-2.1046321463385023,-3.165447832289629,-4.394074399773847,-0.8203006563026735,-1.8819845419649677,-4.646167543171568,-6.528571741416957,-0.5261903011702175,8.231755977553293,-11.863832175175151,-3.8790925406828185,-4.793018014102084,2.944902731423698,-2.910667487397431,0.6469465052345531,7.57646040810718,-2.860717475187127,-2.7796859264987126,4.634915947865855,-1.9619326434075492,0.5102100527232021,-0.6861186802341805,-2.7615242221551726,-3.3393688238702905,0.6276547463111029,4.878581084418906,4.205037795246802,3.7306883086041567,1.6068073249331152,1.4360580297141539,-1.064826885902709,2.586379782433009,1.849754945914512,-4.728490591276343,-0.5519690316244277,-3.224109154853335,-0.2054438043709439,1.128640428600015,-1.8922207095410408,0.565696130518052,4.0889349783339135,-8.024403423689897,-7.520816541776609,-7.053588790455599,0.31548673049376447,4.056009307219761,-6.375158889639404,-1.1624701637093267,-0.6640247340057128,-4.707074677140069,-2.088989153572517,-3.3317912673831804,0.9205989458160927,-1.42884647356142,-1.432811043520528,-3.5169062552201344,-0.5190684068387266,1.8633708438449887
3,80,4,0.18916936927452294,-4.172915685087124,-0.1523472815865613,-4.285498944951628,-10.115067957673316,-6.180202348952796,0.017684550950213707,-1.9847728476700608,-10.97023179899992,-10.272208583382211,-6.172592569506024,6.065764361969766,-12.12131776183662,-11.745139071308984,-8.68199160795023,-6.201187748439251,-3.1637974952137444,-12.920823296759185,-5.129454187117517,-0.0665367081329784,-5.900500914104644,-8.094911775392728,-13.773862773211812,-5.027979069707414,-5.202337829136325,-8.28078744703586,-10.93867671957649,-9.515054134379438,-8.832684747579437,-8.910150004743892,-1.2903841571973227,-3.090533541833481,-7.2443404464255545,3.07289209185032,-2.5869682431675325,-8.540088528767228,-9.445439127455575,-1.722773771278741,0.3906413754448296,0.11488291604171863,-2.6841809981724056,-8.232591869661633,-2.054710846155792,4.11819033761986,-3.251911365574727,-8.894869203633833,-10.374343925996165,-8.241299538788665,4.532479230064626,-8.938389942138002,-9.18582960248289,-12.304132942451023,-4.491649503061525,-8.035482709937753,-6.5277608618617275,-4.319791513154419,-6.955127526006499,-12.536532350634108,-8.426633519018301,-9.66265815764484,-8.504816157743335,-7.163656884338707
3,81,4,0.9072916621524028,-3.287083077917401,4.490167680230536,-3.1544080169462623,-11.21007586906597,-5.429753615271035,-0.7633435578573835,-1.2066401757481628,-19.181174501504103,-13.528493712815195,-1.0795873226143589,8.900868272738215,-13.53942215285923,-18.784398016315425,-12.316604360074901,-6.241016504422926,0.20251962819659292,-15.127709098946763,-19.436650992530147,-6.50911129793016,0.9869203714244972,-5.947286425090228,-9.111514367018362,-9.600301344583672,-4.310664026657254,-0.41394446485834907,0.5792187546129979,-1.8095423706875335,-2.8205873370681727,-0.05588075987108712,0.41606132642979354,-2.9000976850937477,-7.712902732965796,9.279931609643766,-1.1530377285600384,-6.553030198667104,-13.882406186198862,-4.824659292751192,14.475021947652289,2.663586629690921,-13.917624457534874,-9.697654225636368,-3.342838248908066,-0.9815924000676455,-1.7750021265308629,-17.560331550012233,-17.27371624293851,-7.729898358081898,15.558681480609252,-11.990522559005296,-17.198134616925934,-11.990106558449936,-6.612050317409567,-0.6130592694460647,-10.894883328407047,-15.784572459030425,-6.371355726224612,-1.8945923118125179,-5.068740646650154,-7.363754898809445,-7.631530381466551,-2.0738843073386963
3,82,2,-1.3034905809454784,-5.246701570909198,2.5277866292276348,-11.491187352596267,-9.662837538141307,-10.712355163697966,-5.615442682268092,-6.04722595469254,-11.736671595493474,-9.988126252891448,-2.8265682825727794,14.345443127177118,-9.307181382506366,-14.468800712649408,-10.473332600713494,-8.051405500543945,-7.229382749942202,-12.08162537180795,-13.195627306974144,-9.775679012999033,1.561851617925597,-7.36292250656591,-7.433003723337433,-8.650249770592621,-6.457898316430372,2.3192644667990554,4.333949198023556,1.5977910612369084,0.6646777044374086,1.4872028017303025,-2.7607170165766317,-8.26869291163095,-6.926403263402052,0.3194943035543868,-5.331586578179424,-10.562440568899248,-9.001665260211178,-7.2884673156985675,10.928831583222589,-0.04874450854230242,-11.133755075313692,-6.595700479964392,-4.914570742400316,-2.956455608120009,-7.754740676683632,-9.683743927627802,-12.246759692025252,-10.655398032934658,7.106373310179975,-10.098531636341312,-12.033741988241673,-10.145424818733659,-7.207026798641543,-2.991928727161593,-7.656433540429048,-9.488902342607963,-7.350329093385221,2.6356839408427946,-1.5861233819912135,-4.131092315607867,-4.414467711636948,-2.243262908012582
3,83,3,-2.7530533072883663,1.190889576617515,-0.8946193399180371,-2.1449128616396806,-5.774251704172391,-16.006793059113367,-16.132923841112994,-3.8660040469726598,-1.5696085526539778,-10.034728811269416,-12.614987924604161,-4.354435847350964,11.039470154746649,-10.384598051902,-9.857112325228206,-10.679196366086236,7.35205110173854,0.4990843172843853,-8.535176738006314,-11.77723945173004,-5.00340600925066,-0.56959973820826,-6.065391345721924,-9.71445957834765,-3.095979823117575,-1.8827344764410163,-5.693955660468283,-5.744117307635712,-5.983078790964874,-1.601235411152608,0.8368298621484773,-2.3298449767299174,-8.250003661579884,-2.887321394482038,-4.731382451145114,-1.5714670483693007,-9.778979833419552,-9.44753071992863,-2.423003510958174,-3.355442319150514,4.027568446636968,-3.1199108261115307,-7.608693679840094,-3.333176191527076,-3.654758666028699,-7.892047513548923,-12.738262646445419,-12.569174497910751,-5.632789948603091,9.310234561289954,-9.249172795064203,-10.58288037054604,-7.4584632759868414,-5.742022031145849,-4.461626475449744,-3.3891823966419565,-7.326330049099714,-5.50954018333336,-4.159400397366504,-5.457914617043216,-3.621746873437632,-2.651897407122661
3,84,5,1.6435325580262932,-8.633282821602759,7.640542986064509,4.248967402841802,-3.3867679007533122,2.3657414493400895,4.595359874105582,8.200742525512796,-5.183297015635703,-5.215218131674635,4.658570545776632,12.556929198389012,1.5684819582753204,-7.963445815865357,-5.124083207920194,5.73004582557237,5.0493519009976895,-4.886646550429827,-4.6010932648290375,2.739860823934491,11.506356870176317,6.805076552782113,2.3328265279940337,9.640270138613692,6.889276139301864,8.335340714854434,12.252973805090825,15.744614477201202,12.56294969819123,7.13876082530109,2.0084598458531087,1.6721133397119825,-1.3462863979270538,1.0956285456422634,5.3587572447779594,-2.0953396283339996,-1.3692343427299896,1.3803100341294943,5.276373033924311,5.545271549725952,-4.697462917487252,-7.340035472133357,5.843414633387199,8.231770258544513,5.999884283857596,-1.9251894537109615,-10.508931231026244,4.709105464584399,14.41004240776345,-3.5327431550135904,-0.7660236482894645,2.403869508379479,5.920560513918359,13.004875711551522,1.3889782930974184,3.703628836415434,8.504435953502426,12.414595684286478,8.244844416928723,8.541972105493535,9.460073930370369,12.662935840238518
3,85,3,-8.913773665352291,-8.612121768500202,-1.208785711469628,-6.730560536700778,-10.421229967586235,-6.637021652309271,3.496064511604788,-3.129823996276571,-12.694239723268991,-7.060965421405143,-0.89788075972621,-3.509565589586046,-15.696853183232623,-0.23775242765933347,-4.489554153119285,5.781656993246386,-12.194448865666173,-1.5007325753842164,-6.471255915196855,-0.4492991466711219,-6.481858022408792,-4.724927824195021,2.526039274863719,3.1292787294198816,-1.4261304335214366,-9.214690200393877,-8.70581123471635,-5.958936225906827,4.4421551514348785,-5.965272350515027,-11.51428243891541,-11.116454476172597,-7.086625783908659,-1.9240269857663184,-2.1098165769589956,-8.158477747392629,-8.455497773137038,0.8138461698573537,2.473929415752248,1.5201285218751828,-5.136550960199138,-7.941951005060869,1.1283641084233622,4.932201451962677,-4.318033494395999,-6.095295979073507,-1.7259777536979186,-3.693575578628155,-8.524312695130567,-11.180196276036785,1.071134355450166,-1.4657977399666118,2.3433819174221364,-7.83861019600909,-2.944906478838589,-1.30510503721491,2.9654144215079543,-9.184605974510951,-5.162570081446773,0.19445785246902858,0.3069261020878571,-3.0387681068216517
3,86,3,-0.9885779322783763,5.93689960729126,-12.597177720969402,-14.586360071172447,-10.51154684348078,1.0411793529737465,-0.12496475893123826,-6.01198612298339,-14.072511882771085,-7.961655448134081,-6.275574613657851,-6.214322865514722,-11.704090340772831,-8.727657573252197,5.110162382292357,-4.95534662847271,-1.968875116373343,-5.095516775632509,0.8257864005977229,2.976203122880404,-1.3875575010869188,2.6152727521456236,3.294549360859959,1.7370031790682932,0.8787969417199953,-4.754179619229969,-1.5916558548172057,-3.4093103062520504,-4.260864765036898,-3.106216061996616,-2.4298562798052794,-14.131345410172527,-6.186251456375095,5.891585147642902,-8.69199792718197,-14.92403037591679,-9.633596656707727,1.454359654280381,-8.087969307368901,-3.855197406555643,-13.516334415890466,-0.995796609942505,-2.759016291792051,7.05597474918383,-8.51984939039344,-6.763041294202568,-7.111033824204304,2.1538502229462817,-0.4948756018562648,-2.1866108745807895,-7.057036789361295,0.32867208922781543,-0.8214416312246877,0.5297709873241434,0.6755417890210703,2.1892586357028403,-1.9463793123027373,-1.7296731993556023,-2.098511336961897,-1.0324034750370714,0.7221299692897531,-3.95061268582344
3,87,1,7.981288164797262,4.394095865231596,8.938777445030402,8.671163336691887,4.798568446075591,4.441426824437589,4.477287373252826,11.763185880533072,8.935096251582385,2.3609049590304494,14.7694228245453,12.605472806977431,17.873784007686304,9.491083677540097,12.624409542668888,4.582213948253634,16.708518765185307,13.695802181913727,6.6030985939418665,7.712554701853813,2.9523008323569844,10.269987766199355,12.179720779017709,13.934157299559281,3.0081493705056785,0.16264794811765354,2.094335004221648,3.3323042389096287,3.3586319702501406,-1.2298248734313828,7.600886546575082,6.989893730116507,4.542837337816483,14.50193797594232,8.072161185465719,8.39736740177543,4.420907884601946,2.795307342892955,3.250949892056425,7.677634173708897,13.632777917948433,12.69328180366627,4.022358869440946,4.858316948867356,12.855969217321952,8.491372677554354,3.1413518591306935,7.873082291817561,8.087793417530495,15.997651188969378,8.842694823403004,9.9347678313895,3.464699518718477,6.919672488757385,11.441058121070771,16.61445276134806,9.279841965518708,2.6864735542501257,8.811842969096288,8.411072955764945,10.445336680586747,5.83897285100368
3,88,5,6.471725901747099,15.39540562969518,4.584194504269736,6.437537315682078,6.840678662450693,9.227739131367743,2.72422852111049,9.814101283052349,9.792344517301673,6.577409544205806,3.9846792830063436,9.1033197426487,10.327343074059701,6.524065444286038,7.76901669138276,3.7432386073079433,10.214641600574664,15.064430229138678,9.779729690913832,8.666495578488474,7.191692311294016,9.338126487734657,14.837527442291915,10.299985796099575,6.246731916857069,1.4880172812334465,1.6513002237628736,3.144197050254884,3.6030182676480673,1.4209747162942843,4.795285527844254,5.935432195629377,10.626178610070443,9.407981902952223,4.632763210297903,6.0691261792032964,8.052851473867173,6.261072547470291,9.09555926528282,9.91208537513527,10.161118017452791,12.362299182520413,6.796196592135484,0.2113960395317257,14.260346642581792,5.917579035439368,6.179416736042722,9.722575233454206,8.133976247343352,14.425811078490273,8.944098194890726,6.100279402237653,4.833366987846291,10.180618058038288,9.350027440984663,12.006890422982602,5.817948064766824,3.5849571311125885,8.759894475965504,8.48431895340213,8.73039873027266,5.272752852110963
3,89,4,9.590987336628777,8.109661429223221,5.826939200255565,11.080063006318198,5.989009517917934,5.776339785060305,-3.352181009016931,7.3287087160094515,3.6053073119340917,7.718162522673968,0.5543405397272699,5.987459559175304,6.822786119550737,4.9843472080850395,1.6046546003951643,-5.705440270328301,4.1576459317006,8.19608913141689,2.6051729543719504,5.448037197228832,4.2909559961067645,6.926722499451076,4.599916527956361,7.171166239260902,0.24475586398720456,5.389393828769866,6.61568469304319,6.245928248214513,6.812869317659247,3.3476244246632563,9.572197697977908,9.867004132327033,5.037321805384681,3.4412924476640825,11.849757059136547,8.131353478332155,5.319764501176682,-0.35867372523175434,5.330287683556405,3.0544433169884675,9.279246354299573,13.646889074796396,-2.9607610403128506,-3.6460939828738046,5.875533045769286,8.333141303416795,7.563379164898722,1.6316532077077526,5.721589234072669,3.8438992458736383,7.618025653807819,6.426336046194705,-1.4484396983710375,5.05952699778874,7.351426905225509,7.4828211698090525,4.400830301478867,4.675745658258477,6.078989258626615,7.454308486248299,7.488791401429869,6.723460151842318
3,90,4,3.6332961522772482,0.7878628839517188,1.0598648952365648,11.285442303979723,10.383399616654328,12.239648648333262,1.5447017097754812,3.4955765517533584,8.19915311115726,11.262483734001474,2.14330198088797,-3.057485888747604,16.73697776472332,-1.3242175656302682,-0.6877152642189766,2.1680939928060625,8.023377139348444,2.622068174683104,2.372712551320832,2.5391960221814083,-2.9909133750309285,4.5499125599929275,-0.7407508939958884,4.0282788699288385,-1.286774820114325,2.5576410924550146,1.381153144805534,2.507730639085354,1.0401496386337212,-0.2233615282968415,1.1588428915228424,9.963427541697985,10.072067681069647,2.4882808066961335,7.917474680148614,12.459314612172005,10.729924782747172,6.808126099157809,-5.103510485962033,1.1353173880020109,10.372467364707006,5.743073276925561,5.505432128497376,-2.1740318946767485,2.698607665418488,-0.02563157495928485,4.898547458348843,2.1881034512799697,1.2901437877132202,6.627108381243376,4.558663383853144,1.8944667802851027,-0.8232139783319374,-0.8155143421381825,5.521541456657845,5.5675987257244515,-0.5994541546011865,-0.5569812812637998,4.372482802537153,4.004459141526466,3.9790822713204306,-0.18019252057505297
3,91,3,-0.7612303321124849,2.1113952931198403,-0.8546901296983223,-3.1250271787185535,0.9752060445990969,1.7990083865616926,1.574724787812135,-4.011337000058917,-5.871091231135885,-0.7288751002491973,2.08131834201333,-1.00654945795129,-13.961543383576512,-9.798931980641882,-7.5634436608723705,-1.381275120577434,-8.948959727385423,-10.099690558104893,-10.221296904364413,-7.83784591361154,1.6990975573908806,-8.81501816866761,-10.642470868997183,-6.869094504157035,-1.331791588037116,2.184623218584442,0.06372375222967769,1.1592338778442013,0.019783466338837374,3.6276094220669535,-0.8827220987210553,-2.5397628525885345,1.1064136558007909,3.6249687720726187,-4.8808952671157675,0.9411393450913801,1.689654390713791,2.772467122958383,4.402114723722462,0.37219265139684415,-7.97064305787407,-8.1926662976422,-0.29741472774753014,2.2358182302872067,-9.005970573825087,-9.454014034714644,-4.932405863229825,-7.732825981356517,6.84954429414441,-13.401691707464428,-10.750267824067219,-6.42665169982058,-4.502746724222624,-0.10723004324032184,-9.869303964214728,-16.46287302554743,-3.368103856311704,3.8567042761913903,-5.5182227475523264,-6.683835871245074,-5.951685247306782,0.7996776685269174
3,92,3,-3.046664910368261,0.8023542330242565,-15.211363402808571,-6.587179252389459,3.1630404298307333,-3.690461349673569,-8.930302869324098,-4.185161147367431,-0.9677396590662416,1.7798994402969022,11.210456101405553,-2.3974006361123643,-12.29331554256652,2.3649197497473264,1.2823259989282385,-3.881449580919451,-7.921310106837535,-8.275186807382852,-5.976150605180184,-12.15032545658874,-2.1375829837194122,-5.132794481032051,-7.174158565495622,-4.387523012224401,-3.3517755630267074,-2.4775065045914495,-7.783479252580277,-5.86778686849525,-4.398221899096562,-0.747933757031426,-11.35073751125985,-4.23263551730935,-3.0906125116957064,-6.895999823127616,-7.228457056773862,0.9594087323128468,-0.43250083625770763,-3.123287041478494,-6.4747289234272545,-7.597438499354191,-0.9572990698876214,-3.929336762373766,-6.393668619370683,-5.277388421625535,-5.732758122246445,0.02615189618748892,-2.021749272079366,-4.360829356364998,-7.254411499578192,-7.7501553754299435,-4.669904538986798,-4.92229541138996,-1.0293574757964876,-7.800015744219371,-6.928796234553424,-14.245632810268273,-6.655714344375242,-5.484740950576054,-6.524112146097895,-8.74761686400829,-8.822247649656562,-4.59205185305597
3,93,6,3.2768649026388066,-5.304846254177391,-6.783161932579814,0.06835929785923198,-7.386505344428307,-5.870822231444283,-15.177644751102829,-5.672876974731033,4.785397437208747,-7.42848679057618,-6.215309511245476,-5.477428953044069,8.703080891790545,11.572742814652434,1.882673424850329,-8.207103782657127,12.35585546741125,7.941111433637759,10.629970984351703,0.24053653774686445,-6.779588404413253,-1.1497549368068576,1.2183796401666591,-7.097066386321722,-11.78405634148,-2.1225283151526555,-1.9140779224973983,-6.17893949561651,-6.456046991544298,-8.564356658481364,-7.508632145898707,-7.448725864904502,-16.004966735703544,2.005840714257097,-10.45211054301797,-1.0346961461274513,-11.02458051287728,-16.84381300410847,-8.268753873300739,-7.494761526096253,8.230241779874008,-6.341185577790159,-13.247195423103681,-30.34893907715636,0.2712736574410487,10.244625211398047,-3.9995652961803074,-7.7136884244590425,3.458445888092153,5.9273774898043134,2.4620321126223144,-7.3414276691803835,-15.381161903644468,-1.804989399601389,3.5070827935436166,4.355365097920252,-9.509406852764473,-7.471300520455721,1.7709263639365573,-0.5419733223119172,-5.300038569447831,-9.399091216712826
3,94,2,-14.84995212835236,-15.09523187694708,-8.123743690141454,-5.597248674097765,-9.066085061194693,3.568664633623527,5.116154048790607,-2.0888097043100906,-2.9204157015036145,5.295410099927694,-0.667587406626652,-3.5341136495684977,-1.0373511366026533,2.4151496477765853,6.143760697416413,2.811703842451294,6.165607022621287,9.498815499564131,16.715547457064808,12.494852334124637,0.8551637931249866,11.08843000354557,11.808891592161151,14.863836978266875,7.250181405600614,4.448304729763325,7.2128068181322655,8.05788873290507,7.93505162911535,5.081405788813382,-6.64196934524026,-6.922578576815929,-0.4195666446282368,-1.698132498230268,-6.079778566638509,-6.507109302896776,5.359245244504478,4.640075207188177,-10.698958095776412,-5.62874292244385,-2.168155010925925,9.363216362961733,6.044100955065852,-2.7903095429433833,0.012324250852631002,-2.041302949218534,10.001544913208877,7.738964836408456,-2.9897329176594383,9.900539665732802,7.1696378673631225,13.513306300178549,6.551214701427911,2.8194823013845722,11.183274549352587,19.786552246171603,10.075755893729816,3.093558175614238,12.372775758911926,11.976802896026808,13.918525271617407,8.0947969481349
3,95,2,10.283617961424877,4.632196312531735,6.57855767698777,16.15230539058359,10.28387990675685,9.392008804693457,5.054471745468086,15.343600695975494,14.209158739381726,10.378774872208693,10.76157322937123,18.21358560425195,18.10419206366669,5.39019037796917,11.844802208767248,50.73034581015025,27.63360830108499,15.079463302771124,9.190134944757677,14.05140112493778,14.42684787667992,21.282785832722915,13.446080811685183,13.919996265216916,11.365358051804192,11.005683239004231,15.583484403243876,11.735484087453568,11.385299163404852,9.85311556646456,8.046529621908034,10.141822584189207,10.43220158141651,11.590165436648327,10.536970346950264,15.854872722508786,9.09306216872263,8.361356182682616,12.688154774215414,12.164579959381832,18.16577745094986,10.50841460477492,5.285855709893128,6.403363013662757,15.777084683045377,10.62523851046202,11.217549366047368,8.89820596559127,21.019096855362363,18.167345448306246,12.447697176030141,10.911491502309218,10.645581709141501,19.122441568888913,14.818375522202649,14.65459745172865,13.976030994252092,14.154454779606773,16.42207931297855,14.804838355108188,13.51805668252679,12.740741956433867
3,96,1,6.887797988178889,0.5281062291299051,-1.2277331723059302,-4.160028165615187,-4.159367959128645,-8.69149564713149,0.12579718236697968,-4.309602047470063,-7.706344171586187,-6.687108005760473,-6.075917936407217,-5.144881976257288,-11.245574158752662,-9.375059842154757,-12.069075101908435,-7.582778556999274,-8.284493726133025,-13.390461947632627,-17.11488925173832,-3.9865378436700563,-10.697734670781696,-17.75242506480981,-20.32206748962039,-11.890619104343372,-0.3618560689728598,-0.5841340933040513,-11.632297567091882,-8.707529778683144,-6.6813495741282605,2.3440276808218976,-0.6119039966043381,0.8241611737303607,-2.1634800561317595,6.988824584907513,0.22330410785336818,-2.229388742912107,-7.006196948199924,-5.237057356686308,-3.5940379327356173,-5.101081530858834,-4.828659728146731,-9.140306884059447,0.07716744084183746,2.4559865779095764,-7.5013846830215085,-10.675884722436708,-6.250854338473852,1.6807278976321391,-2.7661202548173947,-13.12229888759009,-13.3578195445603,-11.824929119428479,-0.3096672474383958,-14.013204875561149,-16.40107255224025,-13.703505294953988,-7.963366850892574,-12.622863216984383,-17.967315710819783,-17.173113026179184,-11.400802241320289,-2.716887754166682
3,97,6,10.543231088372808,-5.552709164035435,10.649269995154674,14.840121431775929,-4.169180859646923,5.212527257378963,6.973777154085751,9.725628526838745,-2.3472281301893827,-6.40419890114856,-0.5475452199760011,20.293622877781715,9.206861470984979,-7.964837949194874,-4.349681972071713,21.337077107007907,7.76591317630487,-3.120728847354925,-5.171417686815667,4.375876818397424,7.410576264667838,13.982435526916898,5.228033952176477,9.92552543070349,13.598083516071764,5.879752349222032,6.905191863818862,12.098671220810848,10.098262610777116,9.192739628732394,12.208689082492702,8.026121916340257,2.43597355010215,10.47169299220394,9.456231290996982,3.0362457694690215,-0.3956750947187043,-1.0772229132424227,15.350263254171821,10.169334237418347,10.488925378599273,-2.2728699384066986,10.554913171567023,12.90302029615496,8.937234686644999,-4.128659588202452,-3.578943781282119,9.387577848631052,13.554925219618669,2.9250905757440577,-2.680514170129485,1.528832651396486,7.776856154521426,17.50619099000697,5.113725077693078,3.1939173413031754,12.00123962527141,4.666758170956173,3.95073830190387,12.621704301910428,12.947879142525439,12.444439414408752
3,98,6,-7.678251328378367,0.22839525424898,1.1230684305774048,0.3802617788911086,-0.006795359199025686,7.210295287676426,-0.7218823512319044,5.387173006707863,1.015802521377847,4.128419235981886,12.4765686291304,4.004441176850646,0.9646505799837324,6.495714271333204,-0.18007053614298976,4.348167784250819,1.1334875719394624,1.2316977757415386,3.1054840370467525,-2.7453250458645755,-0.8313799277175132,2.1480020647002496,-6.2350426290593095,-6.4144244430041555,0.30531871625188167,-6.04583385512914,-5.364189265389568,-6.357747173481956,-10.425298547781097,-8.279614199952386,1.3023640107166123,-5.548984976258223,-3.499107034740649,1.8470532666755517,-0.3266413287350502,1.826703036000964,11.527622081078128,2.8657942679142807,4.4468229244485835,6.5470815045395625,4.140230512337352,0.48232889354864955,1.0915778916153096,4.710773788125996,11.2794397580551,4.381394924184238,1.5075925659706324,-5.650108487852118,2.7606164792711616,0.5713900990994283,-4.8606490200476244,0.8005315937135902,-2.2947989195221794,1.5253094030635026,0.4091223658562256,-10.297248260265702,-6.988942950873116,0.6958848527837076,-3.093113205077628,-5.212753357411151,-8.824023513214245,-8.862004708928888
3,99,1,10.043691254334478,6.905755122782805,1.8309151874684786,0.6329503500970408,-1.8091441149618945,-0.623535833366941,-0.4457902287292039,-2.3382872393036775,4.485399391138694,-3.7661434599175703,-6.35512433985884,-7.509618750284997,10.763772643966282,-0.5086672625890571,-0.03117114696197687,-8.837391939962558,-5.712598020983177,5.736439444397285,4.8151587381413785,-14.828615202136874,-15.287203189404403,-6.838630149095527,2.3508266832668117,-9.124556281422148,-13.875829707603994,-21.588402318654627,-16.494826684933063,-14.215631236731099,-16.29270144276002,-12.254513006089491,2.3727448787142698,3.2556571505691223,0.6375105291400571,0.7370123358602405,-0.22682377483366245,-1.5483218283142621,-2.0843392613502916,-2.1580874366095153,-3.4572081171407776,-3.576278011519008,7.002835110238777,-2.146713979587687,-3.4924335461564193,0.33924904465675354,-6.865312920247274,1.9916902949647404,-0.9827620124035525,-6.315801635429986,-8.930557632705243,6.213755947935232,2.6883715087457074,-4.950843946429017,-11.252448358297606,-12.591329508710933,0.049106905691142955,2.5570850236931926,-14.725112935079538,-16.802082788471765,-13.65118731004072,-8.175171814041166,-11.19976442582088,-16.033407654522403
3,100,6,-10.07520706052097,-5.985733785121363,1.3844181793492012,-3.6078547164343466,-19.614633400720084,-15.415300266680918,-4.619118579782592,-6.627287872306,-12.168770663406157,-20.14809278098345,-16.85254238177908,-3.659372623987137,-6.8012483366424314,-22.192696459460766,-14.686755375232453,-6.1063357126876365,3.2761688508184217,-11.21730180420889,-17.145608517625252,-5.89905495356723,0.9026704832184593,-1.8024347755240204,-7.488350030557228,-9.9591401244809,-7.672919709695409,-1.9828605466272393,-5.026325094570383,-5.313826587051153,-7.748526491048722,-3.464380180094071,-2.810387165558227,-3.9319845682418917,-11.68907891540993,-3.220847779987153,-6.443579244648855,-15.452251429578705,-14.452597820336319,-11.049013748901285,-3.9225054396566303,-5.080175084414008,-0.13153412258934072,-14.664984154174245,-7.642074971601773,-2.7700561137597366,-12.719462442518466,-16.997297667364425,-15.534768418078844,-16.410425942737564,-2.3057741044407187,2.7500143805745885,-15.645711831884784,-14.53057608446788,-9.68360408972495,-5.056907945698724,-8.79435923604703,-5.365100535995709,-11.644334754406865,-5.009777981787574,-5.625517369889678,-4.565742195379443,-7.072270769080742,-7.587388987721106
3,101,4,-4.7997380867827575,-8.13310801165133,0.8773008547212201,7.463565225917392,-4.468748244762182,2.755414121630943,3.551041110100726,10.079354457318688,1.263141695398656,-0.3900386192040841,8.206285802147734,6.795306755855913,1.9324082200665296,-0.17593377722972348,1.8280305135881578,1.8589470480432413,4.683918693034751,2.8449955029617526,8.728924029961046,7.368182252922165,7.160589251843305,4.490088824909634,8.174152971393,9.80301846267951,3.4166438748333143,-1.293717295169922,8.36811924823446,3.58488166906939,0.29680126455964656,1.1242488557359247,-0.21898077515794406,0.6292585190201014,-3.524734998757882,7.743227199764875,8.328696007993667,1.7692938544219596,-1.3563754911784338,1.7921483881371216,2.000189881759737,9.402510397885807,4.030614509468719,2.6049862816736744,9.579735873014345,1.9379263017894464,12.535484735127078,2.883188117431795,3.7310937719828474,4.563560769509908,3.032980832816442,-0.47621525412924814,6.540436740987364,8.481620922934539,3.9862148161557283,9.138681578245468,8.135343204661297,12.307799799276927,8.918168741539574,5.1978528848508505,8.425697275005827,8.73750626075468,5.093252883734261,4.235925600239327
3,102,6,-3.470228481540887,3.0379033479271693,-1.820309463706684,-7.93081078492105,0.5210273147946802,-2.6966164358664426,3.3038634577334465,2.656798494922952,4.51746766784842,4.399204974392109,1.9621120100875011,3.588695585988916,-0.39606620994873504,10.907164587048673,5.370417765733538,7.779995467968103,-1.3804642645096987,-1.7836417025636606,5.293006335248853,3.2911768062608084,2.94741778542776,2.5732589861627932,6.880048165642996,2.3879788788262664,3.8112068376617434,3.988141558216826,-1.9228214748976051,2.6811672115539444,3.329340725637426,2.490817436333686,-3.286979005990049,-4.443479004815768,-1.2799040958194472,10.468585987552638,-3.5772970189317714,-3.3353217177024863,0.7541083706679141,1.410247005499536,1.5734870010868387,1.2255482008544407,0.92997406644565,1.3800875815880922,4.042583571701514,5.905581282747048,1.741864707479934,4.669958486891829,5.3446354882155624,2.948318334523498,-0.9765765734652929,0.392528555696693,5.404294190542182,4.70446281528055,4.6573757829326325,1.697109892192046,0.1669246476461621,2.6917549526636906,7.945190832836601,1.7288121680740434,2.203646029489079,5.495127796246551,5.577425909944151,4.845117208604677
3,103,3,3.1802082503492715,4.19910711053441,5.233896472695761,2.3762430918925452,9.549102813732336,4.809174139915807,-1.2104469316872402,8.839691801405534,11.849473670443029,8.825390689529293,2.140646943777072,5.037375720172395,21.932229527635737,13.620744395365078,7.445819689920626,-0.9850188424220162,18.15680057927966,11.865378533194702,7.362796893706779,-1.274034354722175,14.960310744394244,10.547719527762847,14.335153175154465,6.992717457980644,1.568740293690254,6.644254788563295,8.783265729491575,7.954727330537536,6.011616608593613,1.4689550665150428,-1.7688847529452028,3.9108449086183446,3.9611322745317357,-3.8903583597374793,1.0418287875448786,6.804961750351987,7.087443746649089,3.1007445800095454,-2.405878677799525,7.831721545901244,12.498246395006404,27.361756942984552,3.2437418816929173,-3.4188468374834406,13.480742866309686,13.32232505996234,12.74261837416305,0.9890873956425886,8.947772129279809,21.573272431859888,11.126439520226025,6.009402846054332,0.2060573342165384,15.440741666751654,12.033616334926801,11.9084255128372,4.1606920513937755,13.132226480097255,11.70669157471417,12.575302612411276,7.409593205081252,4.8897250146128055
3,104,4,-2.4903115686426696,1.0338565578312253,-8.309048883435198,4.242907476838585,0.17034750151669392,5.585720983480826,2.622383835475618,-0.046598976619950605,2.1290761225561545,6.904833131015484,4.841303344814549,4.559255302247662,-5.039575096674079,5.651906022165971,8.065843083668593,5.164464452360733,3.0249763632465796,6.56094849232312,9.368085097657836,13.159217760250785,3.5027522480040045,5.318770652739101,13.387344073458788,9.596735158458168,5.513651829769429,4.768394653258062,8.201869093597205,7.297663046950021,5.959524642153666,4.436576046509576,-4.13712341938077,1.5071835775019196,-0.7985367744525016,13.036165409900319,-0.8181372269272541,4.584309177177888,3.415456364783118,2.9512531855825057,4.233281380860362,-3.307846000429422,-0.7815124694167113,2.499062216136514,1.897293915364484,6.749260403306038,0.24648524184779338,3.40068876580903,8.015006798364947,2.66827608236089,3.965925582514215,1.4412389312893517,8.299526768486675,7.928177357980664,3.7684109491386977,2.927164450807428,8.515278552045546,11.204252851831656,8.792030840657835,2.3916708116771708,8.40281022290086,8.058861111517903,6.666309408025769,7.844261122776601
3,105,5,2.989331084748633,-10.872875514735538,-0.6255127497289974,1.0997438658392291,-7.3133741446157465,2.776969856508758,-1.5305117201514375,-2.254388934591918,-9.123271760519405,-4.176693793295358,0.4520940475801884,7.849215874743718,-1.3272242595373507,-8.053124099560991,-2.277634605958425,2.0979371500434354,-3.79891485563002,-6.92896139633092,-9.22602782964071,2.3496750372621,-5.50514145598111,-8.828996352124502,-7.496372472506205,1.862775223494348,-2.792221855485764,3.7322777243694527,-1.380424856458132,-0.9248936222766796,0.26127071662737855,0.06417940861386501,2.034697788034953,0.595991921179541,0.07335000707790593,13.91570502402624,3.3285729564362905,-3.347437867633545,-2.3211444485875754,-0.8007325232682021,6.962884465930983,-0.2546978275360485,-2.1343790004867467,-7.785097475504362,0.4962353363076639,-5.970761739677273,-4.475375036652223,-6.666761415610209,-5.057460498626963,-2.31389341123186,-2.10645475834835,-10.985519587755109,-3.693927203827514,-0.34291224738174053,-5.363094920983885,-7.076823764702481,-5.929698813547625,-3.7154901962636444,-2.5823218946049873,-7.658159338369417,-7.0944185914221904,-1.4137595418340898,-0.45515812120809307,-1.7440066787516457
3,106,4,7.641888462234193,1.3763884781737727,0.32174394438724696,5.526539435564745,3.175637328077287,3.73096458517333,-0.6658114680747789,2.8788361364869814,-1.23823124285015,-2.950019019201578,5.9816293418634565,13.733912267648359,0.8430260592594574,-3.4999393071388707,2.4708438856788435,6.794079755455616,5.19719993064703,-2.263817829136713,-5.8029293635769275,-0.12646807740419774,4.761412730894798,4.701054340552132,-6.095952510850773,-0.6149573089645763,8.215463517120154,2.225811740781732,4.705083427439651,0.22139898543359637,0.27044125567985355,1.2682112927247615,7.67096081315881,4.864233271372163,2.9437331327736915,5.049549260233506,6.931695174885819,2.9064840572863475,1.4984183842490197,0.5300759656586191,2.0670853057285656,2.421414110128111,-2.8415834650783447,0.6594717243754467,2.086004024371505,7.264611783164847,7.106850463283679,-10.020459985087921,0.5139234052210042,0.21086860657634102,17.979740313095288,2.248974953914383,-4.677912639607338,-0.28309207343746273,4.457812542481941,7.418591501600132,-0.7536527911973422,-6.761552309168771,2.9633729976215752,6.010611994379409,2.5055240494903286,-1.0485380336772876,-1.1172130618516996,1.1783105383794636
3,107,6,5.827183167929993,1.7054803617207739,-1.0044900496566955,6.356613327936482,12.033422588847767,3.4986154766662456,2.8996168602167103,3.86343871956555,12.001659383224993,6.271035951482729,5.579058348314789,3.765712888502492,4.821961200955077,6.6766673477548295,5.3509536227438455,-3.9853896723901157,6.839885812389048,3.8823897064004727,-0.6370225512627047,-4.849889093373972,6.259163778757947,6.405591090783341,2.5666824956538083,-1.4702071933212066,-3.2717594076402294,2.793355639955802,2.264764991946655,-0.8399441055272041,-2.4849871841994697,-3.8685765161488495,3.01551879230296,8.648656784700199,9.675136743405858,9.818378015659844,5.616110020338432,9.547090015794364,13.196757559051255,6.722692395872772,1.92106346300769,4.004398114161519,7.767168939567913,5.623013051681031,2.0319997340259026,2.3988895451809022,1.328932066675186,10.69796063573661,6.158589198208628,-0.572767795228241,4.1656037226728175,5.734390607376293,6.430049450795455,2.0798078169478345,-1.6774198113849792,8.585485509449118,5.28147858044519,-2.736810977888724,-1.7387791959123073,6.448368978436766,6.667762331789495,0.26936133569333476,-2.318647331058434,-4.746756342898416
3,108,4,-5.102645815599981,-1.4866933271703429,-1.148545715412716,-8.66773343061256,-4.415809588915692,-4.405429862348771,-3.978267780255253,-1.9259536850561456,-8.905134141737618,-8.509071494742274,-4.591298437109446,-2.9392519173007923,-9.091989346393722,-8.03348065320567,-9.707265982290776,-3.4967569677250054,-9.622628558040937,-3.402999285546062,-10.062574193335882,-14.75577469469933,-5.76990317068313,-11.99638522893372,-18.091214669845627,-20.487567724648674,-12.607543070323576,-5.877893833034649,-9.872328449063373,-12.255714984667463,-14.44697562062249,-5.812709775235132,3.9966017178873074,-5.229723887353363,-5.0964639993475345,-2.889786180631235,-3.0998117133773424,-8.904897352498839,-0.5493606793830494,-4.7206404092210565,4.581952104481253,2.2790913331526794,-7.92409787688791,-8.170884425104479,-4.0309230905912115,-5.94177909694873,-5.014643036147079,-7.072177526438841,-9.821564086860542,-7.786105602000069,-9.88379883640105,0.15132472072955105,-11.022980303997635,-13.635314693038422,-10.150088994616148,-9.84445443687104,-15.806978468353021,-15.014437059007262,-17.95922138641884,-8.973543745732472,-15.656130924366604,-19.340898508245765,-21.12573486639234,-14.549211469001879
3,109,5,-1.7129323087950674,16.061371360064996,-2.652500251716957,-11.108834035058576,-12.037688609212637,-4.692644410800734,2.210681742894824,-11.040015450974066,-19.721988864174893,-17.33735034578456,-7.901792212219049,-4.770902565731551,-26.39340739144106,-24.455918656253253,-15.365787944801871,5.2113935569664696,-14.063327097038668,-26.317614284593898,-20.27912095806948,-0.6749497032213227,-9.366509964780471,-16.315477074078494,-19.263006333897767,-18.16783694247147,-7.12583742426742,-0.0020199624151444606,-7.975339522085535,-8.127317200414836,-8.21724670616592,-0.8408841384665635,-0.21865788888166338,-4.744409855579383,-0.11981263180922097,5.30070942567616,-10.727334387464127,-12.50946920246976,-9.754586040973663,-1.919064988274264,-5.689359574666724,-8.028565270019836,-15.299588496524212,-12.079720223504236,0.165808847404039,1.7659033300900258,-8.43890039709101,-23.34967038240396,-20.74809565467807,-5.0363137026930715,-12.32959954313389,-21.36633227020502,-24.16514508135435,-15.872331221088233,-2.44749414203007,-12.034093599880068,-20.383713814157346,-19.740014408010897,-13.421460906997694,-9.73133319398251,-13.34590782293277,-15.0040537886685,-13.407931099214194,-9.43914241982033
3,110,1,-8.579457926722927,-8.773757843641423,-4.982377524555817,-0.3739579348461468,3.4508791083197394,0.39573613960699,-1.619798970045295,3.4893157747290218,3.301204846445017,3.4961182865336884,2.5539922652107374,3.6070438330345667,3.31774129200636,10.537756099729101,3.5016829975903385,2.2788544944373945,4.048252382463345,9.527934486659738,3.4548330335173643,1.0898055585964423,6.548979473697793,7.125001407137547,6.058244222184501,7.6429505003531,4.860505511654859,2.068477372468515,4.348096155993093,6.092888494760436,4.19942282965313,-0.04726274931667156,-6.662796763243248,-6.117224927804227,-3.7694657625908716,-1.582058358368201,-4.295623848697445,1.6447057691061997,0.2746319301183643,-2.499776286089712,-1.195227263495326,0.6914466442540288,5.3527117041109955,-0.4181888774491672,5.08683417714769,0.5971041644047438,6.487706218516769,9.218837751302773,5.117783019977915,1.0826190323455305,7.676306699750456,4.155130877977284,4.674658455636083,4.760390148339111,1.5119159266170932,10.47557139427333,8.964297822500555,3.89976211737205,4.883403117450455,5.849036757754751,7.465882928945091,7.790192171431529,6.950725259804504,2.858593453357857
3,111,1,7.002978672398393,4.318252408468141,7.083418262639745,2.9700069204366777,-0.4616485141422136,0.47664573888589457,-3.7525813641571792,1.095929953002757,-1.7290022788887345,-2.501602569083891,0.256968905944831,-0.16047012450729908,-6.949573577517956,0.39593344603710534,2.669460090740425,2.3451256530257174,-5.163409560595114,6.097333877460985,3.0267092993127296,8.730445338486946,-11.175431682251206,-2.7796357917349566,13.717056552947657,11.812924157328363,6.192372338823613,-3.3668481199775018,-1.6187225268790257,4.895440356851351,8.159252639416966,3.4170206770891456,6.2902453434085706,5.464458881769463,1.6080307660896975,-1.20879292954363,5.113649790765853,0.9559141920152586,-0.432281935678388,-1.5926066416247568,-1.3131455068203908,1.3227142917259216,-2.999100717267291,1.3197937471019792,-4.379224280720272,0.3215609459325715,-2.0108529871255865,-0.2271682494433549,0.5369179851216506,2.5505335619233027,-8.193843110691661,-3.237165338444954,7.72496136528917,8.498655932387567,3.7393063224068426,-6.945404334686602,5.51215204688516,13.076758248004602,10.486478476217249,-4.7367927077135565,1.3204289314155346,11.850819051856318,12.724338296164829,9.344279714973597
3,112,3,22.405947405481474,10.81023173688389,20.231219543371257,24.937687987961425,16.53258502101754,24.14365033987091,12.752596224680916,21.57287402196629,26.49453082819264,16.289953156215397,15.361909482537259,21.75308817697736,33.49087566646133,15.07993683218956,19.36484380064122,9.375310962088406,24.936772907470786,15.103717145169297,18.437370517813584,13.098769773161274,11.592938833287917,18.49415172200377,17.027274037654532,14.33384010815857,3.403677394507145,6.400876640063918,8.340356498246829,2.740610675420612,2.6947471400631997,-1.1929382172799314,18.99947508669845,19.165040008542018,14.481874685280214,17.915238033889285,20.99141656552873,21.89122377735813,17.328520562204467,11.966559331682392,16.391195153681235,21.957520300658746,31.69550178472591,17.917430163701855,13.139150994102938,15.434308669859217,24.29625232481374,18.75715544080453,17.37253283872837,13.186564397998154,14.763947838826523,26.854036919954332,17.877658808558458,17.64460302071599,6.538998070070752,13.482938756658015,17.718379875009013,17.067755894144856,7.830046010680682,6.365895090500464,14.638753422457167,10.899683863833182,9.515524163762699,1.8726561849698338
3,113,2,-1.5421578889051102,-5.322207826042047,2.8186822404301317,2.440113907310792,4.944701547470374,-1.8339182146393282,-8.188023630222993,5.745118278010587,6.986628870738145,7.28545360508511,-2.9270388516711003,9.485343120625545,9.148056627591933,11.798328898029354,1.8743818617857444,3.6313156621791887,10.943624255315566,9.647395455891763,7.928428420478979,-2.571493767025857,12.095596520639047,12.732511320855563,10.268775107816051,5.27027015165403,3.42268224441015,4.764691998727803,10.65574248221407,6.616151171566058,3.851272297228076,3.5171467028103938,1.433248754636181,0.5370830482879245,-1.0297233684317817,-1.5758944287805292,0.6488983608049712,5.681035759004126,2.775473767936958,-7.047643792860929,2.119923558279235,3.770850653902104,5.6306049087789045,-1.6860019544042948,-2.312551589228392,-0.9992159035556578,9.49429129900002,13.1384298343484,8.211003809349565,2.2686829651172102,8.750497912034032,11.831652763685799,14.409496938128305,2.416473615194796,2.0568097370744844,13.293396176270605,12.30353383320134,4.462821094364656,3.366905503542867,11.183468423238612,11.360374483279884,8.589981067471394,6.544293654037687,3.2258277561560966
3,114,6,-3.8948969392605632,-1.6569654273164507,0.7167266259742217,-16.26544464524926,-8.14141031963433,1.3035408639712491,5.365803751140472,-6.604738246195203,-12.804243244704931,-8.48222369836819,-3.719939073547721,15.32787877575652,-12.927123431491152,-8.25167569431204,2.4546913986162453,-3.3742211063665053,-9.005339243653705,-3.50222846105547,-10.237334771967703,-6.3484940469242295,1.8635179329118345,-1.9360606320565803,-6.977741706253192,-4.290073499946692,-2.5652867680154268,-0.38048778292893415,-2.7321074742585285,-1.5000365390555865,-2.71708507695031,0.16252597247636622,-12.273568066700197,-11.086578514540522,0.08247024795358379,17.891748382142048,-9.440954293147092,-12.522790859180802,-4.322722834057924,1.2131521304751314,7.503031504999205,-0.48836359845065513,-12.778891504174334,1.5367689856609168,4.794463979443762,7.7807525243700955,0.4323465576304528,-7.341732579215267,-6.100821254888502,-0.3627996674693392,0.361762807659077,-8.85286273934492,-6.950775434569712,-1.4244226002895322,0.9928510773092185,-1.3386551361849015,-3.2389771213482432,-7.348865317862209,-2.0105514339761927,0.5078169302106248,-5.894727978991658,-0.7195824900778367,-4.956796090686462,-0.2718584250272607
3,115,5,11.086912227578734,7.802347783817026,4.644638915330445,-0.9450142729754849,7.89056950843916,7.381137809193716,0.1095370217340026,9.619568199214596,7.684813502778461,6.648725124961903,2.6183295382666634,16.494069447241188,25.137093344476167,11.555173069443093,8.446377386679734,-0.16647612464773165,22.102731180980673,18.38402631706218,12.448490233637576,9.030249548828928,14.05230882265265,17.70821921827225,16.647356911539656,12.579094961467316,9.078864927244625,11.799283158187775,13.684974087765674,11.81385348282936,12.903336164586966,8.243994053186302,10.055929548947551,6.340762272840596,6.662811199259921,13.198827668632632,3.9932039708989437,3.038696292333486,8.252088361033577,3.1774491751339395,8.323292699165457,9.835990765467052,15.25965220494787,8.541254476575949,1.2399210881032952,1.4774833546905983,19.01529379284419,6.479378766902698,9.71847784778149,3.4077173407287513,8.355529492107651,20.280502264995548,12.617474091648148,11.994989594898932,5.6456523611232985,15.07380518669309,14.311580985409721,11.878183597153633,11.552790790500982,12.79736889860304,15.967254982883578,11.768273392465058,15.46152609827497,9.975436093808128
3,116,6,15.1184058141236,9.13758012968458,9.733586382302574,9.256004304227583,6.69978391270653,13.2188191942916,5.6845518574828535,12.4682914237719,9.551320109016647,4.059636641838931,6.0219746701200725,4.453984293368325,9.389795133230711,-0.06773142178156866,2.6222116651876677,0.25421703577313925,5.771481842438621,-0.023884335135267776,-2.3089709263408498,3.5050879168982942,-1.066800232976675,3.5613992037933055,1.6595666873291472,-2.7530317542955234,-3.054593990034447,-6.484957841968885,-2.906419469651241,0.030984669083320537,-0.9771506043105589,-1.3167046139970782,11.996148466575525,8.849429211283963,10.443194594506812,7.1584473404147415,12.158337178831728,11.003688419010585,8.032741531320823,7.132912648614591,9.68519343635658,8.229140368040385,16.944337441642745,2.0261586935191227,9.678308441450609,15.352918227907365,13.344566156815107,3.4957487994418837,-1.7753680675778885,-2.15904907945816,-2.172320491195622,5.682983959479852,0.37061049228692977,-2.4666424886573384,-0.06448083838856683,0.175535498050656,5.1461233999580145,3.8478889503720675,-5.3868895434169675,-2.593343776162352,4.107771269863518,2.9351760577183326,0.4363218731269619,-2.160979333918587
3,117,3,0.7615819540635747,3.048491106414033,3.432979359399394,9.057804300018198,-1.0145647517354357,5.331425004298007,1.5646896016380807,11.982966628516236,8.316604971567669,2.5611931116961877,0.8084176367790461,11.289618464141364,21.572848985107942,4.940740557861653,7.910295365162463,10.179868129377324,7.933817359391694,12.265793202444911,12.07425948711703,17.781719801175154,7.849309160022018,10.82867319838757,11.710688468301669,13.506880362495414,10.117152524810704,3.121335231528686,5.68174981691579,5.938151803373065,6.550238822359684,3.0922915741358303,0.15573779926294518,3.955452709981218,-1.14567554260536,-2.7162707063210463,8.262901960298558,5.966323499624593,-1.3001969393751622,-1.3969863539266334,5.580210008056517,9.575796380942897,10.490722899166194,3.0581496308001164,6.381208024955949,5.47256019785744,11.649379334616945,10.343714419979507,5.4290718816947665,9.646520025301264,8.3231993435723,14.634311656683408,11.799200691373604,10.310874933638136,9.916211455946835,10.689916777061066,11.79483073188856,11.811826366522325,11.613601266701776,5.542670444608096,8.386733018407003,8.223776493357812,10.917734375541535,9.355620866164381
3,118,3,-13.544219162945124,-11.165633216534351,-4.101216265227553,-20.890928065134553,-25.216370564737787,-18.026106090534757,-9.708191585250011,-8.95490118659601,-27.427956355241587,-25.841230187769508,-18.888876105317987,2.1110364814606886,-18.104421729358236,-23.112459532121523,-24.042738450963697,-8.722530613528425,-10.504288661759347,-20.498288218840585,-27.2141529735087,-22.862451028768763,-1.1627356991308133,-14.906274241236291,-18.422269222213,-24.39129803991285,-13.32443111951509,1.892726618362161,-5.565923223271966,-5.879802601128002,-7.569334969605982,-1.486424251683851,-8.284536713155033,-17.65704921793146,-18.079209879086147,-8.11899702026077,-9.367220388073754,-33.622237500575615,-23.951614345071793,-14.87132863399414,1.5454730975112263,-1.325085864061626,-19.816672320818387,-22.36089475066741,-10.43984006681456,-2.5295482863808343,-10.433320929727904,-26.111029226469203,-29.888894244000642,-16.494069462414924,-6.372923717629618,-18.7760167712482,-27.040780963580584,-27.352478960619816,-11.32904536545095,-8.799802019147249,-20.8671297786318,-27.720376902328017,-20.637077020413088,-5.122590655211087,-13.407195563371317,-12.7959732749931,-17.642073515172275,-11.380699590450474
3,119,5,12.593485823673447,8.03625400509776,7.618947694498324,11.720982006773719,10.504270597020302,12.257864026489058,1.6913334377473457,8.763033853253212,16.079350047608514,15.606647446024699,6.019850649098619,9.143866023094185,10.224328743066732,15.746681177738777,12.083031797259137,-0.673277789897217,10.699123222184957,20.245061382833047,17.59222036909039,0.571644832198396,4.434936400752786,15.507482876353782,24.5880556438209,11.502596681619556,3.381213884556485,-0.39023239297292567,-8.232068056746089,4.609628754713368,2.5991705166766526,-0.287239579103387,8.703952706259921,4.169686719525331,4.525891950626562,10.76815700494661,8.955023031182042,11.674598180121045,11.144163542381698,4.304819416936214,-2.0689186835888687,4.267444817735472,18.2083079004433,6.559656927907247,1.3377689101119965,-0.00649039731247459,3.6229416193758555,20.215809773562896,19.684897654485425,5.956539532760296,3.8924931155335973,14.243942956372003,21.308618130298655,13.715797260744356,2.0618542105572795,6.95898438890169,19.52713623549364,12.933628234557993,7.034662988491172,4.804649755154259,11.805411259234859,12.454061858401428,11.671774690743627,3.278156608297693
4,0,1,17.020097315038853,3.138719374450243,24.353865175576093,5.31001218074859,2.22028966679624,8.437837232449427,11.569191713537025,7.887179342362599,4.57275295404081,5.631999600323753,9.403974473726272,12.181959037396425,13.454851358856375,6.491018887597878,14.442525815365627,15.743631797536015,15.838478599743153,10.383038373624274,9.723448660292828,13.600006380050278,15.391179698928283,11.63868781306394,15.755870059814022,14.246931518280382,12.524839020129761,10.077015331596364,15.221307819300309,10.137299756451345,16.31485441109028,9.485763501012462,22.40064368401541,3.9207794901733166,7.873804633272812,10.657187130529339,4.593263001658203,2.6873009811132813,5.306591970122014,8.518620852992171,22.65744027331481,8.085920545329316,6.806187924991433,11.525286830723191,13.807991811028895,13.08352826658364,11.0896689882786,5.274215085636371,8.649548921670204,11.560220676360698,12.56039563344973,11.460030498278398,9.833189062160878,13.713527498834932,14.600443450211571,14.629520462076298,16.60837686008478,15.089385563984704,15.717100911364867,13.412476227596029,17.669579497674807,15.39285159111023,16.036509589269382,21.681282889279636
4,1,2,12.408902930141215,0.03209272927672713,-6.101305552508411,1.868351120138314,5.725983194870557,3.9090000885402474,-15.471187735839582,4.78513111795367,5.560154234343092,5.905897100308409,-4.8677615368420755,-5.953451607932862,12.88757343156399,6.68135721864542,-3.95465326374368,-14.839975411388254,-4.436448921455164,-1.4074261854516275,6.291665750975927,0.9406553164817308,-4.0275149010590345,4.257977353136351,4.097098396773019,2.460477224744221,-7.9699299053981765,-13.77966893483493,-11.43688698699016,-9.757683140362,-19.302671182156743,-13.62100816772478,5.599884991968481,2.8375479267546675,3.2450177550270434,-6.166474570951808,2.0981580476026718,5.84625724366889,2.1113797163110926,4.0774296663996825,-7.926003144667823,5.803543413046564,2.703997526045254,1.6576229724124425,-8.967536984583665,-16.246079529823017,2.0266513639902017,8.240516497185686,3.979075307344517,-4.3844689115095425,-0.7508196172747397,4.174101285307056,4.162125266588679,3.4600621164661383,-13.463374464749922,-2.462225547741824,5.204172683788871,3.502306103785864,-5.599753873519282,-1.2072535965637095,-3.443758966537514,-3.7875022363661532,-4.9404482867387,-12.628394688110475
4,2,4,4.789491065936846,7.9767810846338145,12.78276123249584,-16.543874498598697,-14.860376256359066,-11.194645170613606,-10.720640519259083,-19.073804156650326,-16.22596282248453,-19.52618408257641,-13.830381445348168,-9.630819964177183,-24.305305333285602,-16.832829527874917,-22.790695638191423,-11.726585049937455,-13.563061905933958,-18.253521109999316,-21.081365836466226,-16.37396974893424,-4.079767967778736,-15.246013941833892,-18.108475361428248,-18.229394161255982,-11.782695462609205,16.815335225154904,-2.873585301888653,5.577768600477674,-1.0067532445962835,5.254153135544958,7.634994017005685,-12.157788462062344,-8.06786914448049,16.84918734196163,-30.020634545263185,-13.778095512946207,-14.799173777309687,-11.034268806540846,8.691279363000719,-5.934678951482766,-23.29092518803551,-18.38669998407727,-12.465843832756322,-16.45262269768864,-19.701945775461095,-19.127226506269025,-20.563500135330624,-20.080852159594247,-6.779536798786618,-17.347023723947977,-13.891988068342021,-19.06306288493569,1.8339965802322085,-9.904663099339466,-15.616287804881626,-14.433237906727127,-16.265431134041588,-4.007627780481081,-10.757956319982643,-17.65162640217147,-14.509377573684956,-3.743127671320264
4,3,6,29.385040787707364,24.984224936220702,55.430370026245335,-0.3406071210870651,2.7642274705193386,2.986134049914231,11.86802476637701,-1.6231262386980925,7.137201025718596,7.138840157084352,9.750820985972519,7.406826083400717,-0.007769105149570021,11.085855488597252,-3.133649158427812,7.507551684884761,6.498438403544178,12.266993286894495,10.547250042544537,14.240080274289427,19.436855418834742,16.980344689723736,14.034072506423227,17.208425034746156,13.067957188298065,28.923973667639768,18.44632901735149,26.898382273207368,20.52327761644634,21.413952730232616,40.20842846610199,-2.8020787184558302,3.15971020032175,51.922982831553725,-16.29675922886946,-1.02511050843807,1.7240485175535434,3.500820042838045,53.6059783035662,14.904751030410203,2.7807491056666516,1.7205955459758995,8.608397594766645,18.511727389311655,-0.9402619880942134,8.215712087637767,10.58902421039415,1.216814734950298,10.736659639192718,13.560701753217263,13.673632787585978,9.188809828934957,10.551828557943432,12.821268046683656,13.300299085267795,14.197027742680975,16.855863728242507,19.27589982847978,18.04446479605464,10.991249056987279,20.421765314369665,12.817246939441775
4,4,4,15.284149243882512,7.323092076495838,7.699780434517691,-8.395079679378284,2.325779442380112,1.2324950266970185,-40.61866265591007,-11.024882536744935,-1.0193628608817005,0.24189216192107563,-5.87686396158505,-26.888220155321996,-20.309347650899397,-1.8393289117233422,-18.101383795899274,-17.273266174731123,-24.13342286854424,-16.102771305206527,-2.355216903399063,-0.8686132514167847,-12.45070989820084,-11.0176706392362,-7.204358755920375,-3.9532000236667515,-5.851447597753664,-11.753257987929919,-9.81602263264358,-8.724475624971092,-10.275253863868915,9.817115374965736,22.090730559807742,-3.157863565232244,-2.2280041638523254,25.59940707320119,-15.013650119574391,2.2507542305648673,2.0866190351179523,1.1917043516821244,14.040639677925451,-7.783831281769208,-8.535470494324702,-8.19011002094144,-5.798036164994547,-26.89521345302532,-20.54447611266882,-1.7277855505689805,-1.785524106175616,-10.047162597886823,-18.361840930040458,-9.501629499763974,-13.64069867268114,-4.268019326848956,-14.489938266923163,-23.48968819542164,-8.554199477975686,-11.5379185387524,-3.9728796256297247,-7.207669632304913,-20.15883854753906,-11.948054453857786,-4.433312829493022,-10.924233447465044
4,5,6,73.40650812300238,51.74876178219551,-8.097907381200399,3.802450492455648,-7.504273474818408,-6.237019632701623,18.326732540775726,3.6629227420496875,-5.646707468189113,-5.997061456758075,-1.3576972056634549,49.09980389148723,37.44590574086122,-6.026182148060426,15.90586583566193,18.598466367341533,31.116465044707617,24.441576386006876,-0.3984877704301962,0.18286423017157405,17.369948789504335,16.69969425793374,8.25381473347363,8.502110138058477,4.010763727724781,37.928804805366,21.217352822581983,4.805761530631926,13.894053295141134,0.8372307438836364,72.03229957673604,-4.426691096843923,-17.325890831422154,105.6838195876377,35.77494067770058,-3.4283956136986062,-6.194010680416459,-5.530061104630191,233.85852881175722,32.18746909260657,16.755848351093686,-1.0054635612135059,1.9407647506322538,53.904199527531105,27.09614024861013,0.4471130422202908,-2.6087352717522414,6.441748871218146,24.153430312281333,8.843536650807389,6.009092237493705,7.492297542622174,-11.842433662312786,31.190397486987898,10.902433980256319,6.728889901054707,12.524445653472817,13.378864719083806,23.23813669230197,21.957376753411637,7.785328308926754,9.602628387238193
4,6,1,-45.190497791621745,-65.1631831991963,-124.55413994847275,-13.474684058166133,-7.827932911788725,-12.557357878231143,-52.377624634562444,-2.151951907622831,-7.709330654634929,-8.625006688077278,-14.75714841496807,-12.848629510711593,-4.1927428960732085,-7.3547806498231125,-33.77216475973726,-31.622934063033338,-6.2693527155078685,-27.173558294773102,-9.405482372234973,-10.39695934905876,-7.422189566102335,-11.28777652045302,-11.58456611090975,-14.494123495479185,-7.582653310831371,-26.88541183052813,-15.93150066984135,-13.753334773204688,-33.94921608941583,-27.238126254299797,-66.7422296542947,-12.145877893877822,-18.752286447765766,-131.5990508591257,-32.19994783383319,-8.423457256938544,-15.323945536119195,-12.4163333992928,-246.3107465709127,-21.625587726511608,-17.500942247056557,-17.691794246707747,-17.303348354904404,-70.6248737806227,-0.7313038371049037,-5.84048778084448,-7.688361686759439,-0.3502120212027089,-8.324130344390593,-8.617663757216816,-9.614385678228459,-12.812963487977926,-31.366027931614642,-12.75180474773231,-11.354912257832826,-14.51324575853238,-13.680790012202625,-10.625411265654632,-11.518763427726977,-7.599917950926397,-12.498537638883409,-19.093560187350487
4,7,3,8.72484722774385,6.003093254729746,20.08054620857214,-0.07628171279367618,-3.967940550252067,-4.26706865647944,5.960980377500738,-5.100114363186749,-4.4639632974455985,-9.370002241373607,-3.5216797560271687,-3.9859484122589057,-12.10793916768644,-6.255977934932696,-8.276564908199713,1.3431532781730147,-10.160060913597304,-13.553009059984332,-12.39952748141638,-3.7072319966150316,-10.20535349752754,-12.864604827925197,-7.052560094584959,-1.274629748267372,1.9775670323770747,1.569539954193026,-6.741160995610874,-3.519625521355832,2.69504823809612,7.551412857307981,14.504066931626827,-0.04403603189374944,-2.5711573487511137,14.287328934353752,-3.606233294121921,-3.149559017111798,-5.286617336249572,-4.385091799629351,19.314275628387385,0.5763583156427858,-8.41119701139311,-7.039917606360664,-0.3640675723166547,14.132120965010344,-10.90687030890002,-6.955954032285685,-10.289634013128259,-6.545249851409162,-5.049522140517649,-15.56046162809178,-7.321758969865809,-6.472934643224751,2.27954706476246,-14.56416582276409,-11.35130637451629,-7.630524713137164,-0.9386884040403656,-8.518762938814554,-9.782367274823894,-6.375465328271341,-0.2948337232739453,5.399002025441966
4,8,4,-9.13990022932611,-32.559381829529265,-0.37870995591327405,-1.2387562263132295,6.028378414529616,-10.284443556626396,-24.406904836230712,-6.5291870599499,12.019342602951827,3.743345941712219,-21.239141349385434,-17.241588627019457,-2.730615803328762,16.35968816884588,-5.71426938801277,-14.270697878173943,-19.892393114681294,9.43176196656395,18.114496275419132,-0.4123541802485895,-6.858375517787728,5.799183502810341,7.35105444334175,8.878284856313602,-6.019308992570672,-1.6347526670320018,8.20274166763397,8.308023906687694,10.32746338690971,9.705025622144152,-7.540015693117935,4.737270639500881,-3.394958742082166,-53.629362372363474,-20.41517620715426,3.016303613850076,-6.072469064738693,-9.428811656132982,-144.16681074441934,-21.470379861497612,-13.286301598123206,-6.144063123751705,-11.113369794437522,-45.896385335885924,-13.367576887331362,13.413863931464514,15.113960388002964,-3.2531693181613597,-9.596378081719529,6.818961554593069,10.580402805833383,5.8489562721877615,-0.2091875151821938,-5.065388143562326,12.635945314859482,5.463012671881786,1.5076601094475421,2.9786927468574977,4.4757317084046795,8.549413461955798,9.838084395020827,7.384644163522597
4,9,3,18.49594873478408,22.78177921841965,43.8834366133485,-1.6831813461158593,-2.03728338099289,5.596956541262021,16.215472772876478,-4.3046686923494795,0.791774275360583,-1.8089735028085525,4.978048267501702,3.8775192393989495,-5.449277371562099,2.240909025720435,-4.051674601008615,15.963822891606343,1.9594937078881918,2.902246980550245,0.4974103900944683,7.336335738003536,7.438907912177058,5.840411279459833,2.9878932644908383,6.215558816309701,8.984452126808922,6.000951531803141,9.95713461919052,5.122875451042157,7.3734658320999475,17.96016247679547,28.99745814702134,-3.8794096124233572,2.706488848910184,41.71617585241159,-2.9555710508578983,-0.6416255957617366,0.1494055586673964,6.019997358702624,51.78697366558201,4.990155442078343,-4.416703725086024,1.280366393131283,11.294420087437443,19.46167070367487,-2.9122889910188556,0.4567726824642735,-0.3889484370252246,-0.27327466046823656,5.475808311627165,3.156541386377863,2.5830350118439367,0.46364578728495964,17.134470698219257,4.922134545336407,1.9539973979997565,2.7336535410410385,8.57534321002512,8.18028662187933,6.1483028627386895,2.9354215640483834,5.758469316574583,6.494133070701872
4,10,6,80.24697383002541,81.52833456382524,63.54353150525475,7.171206089190956,5.282115407342022,11.042682635279867,59.61571549715064,-6.430931037760386,-1.4958042420401447,5.2594745188565355,10.611217124751072,14.662061160393407,2.738636291233776,-6.432952574221417,14.990473683760225,31.685710015275156,-3.595065826084465,-2.8211355341439366,-1.0142600022528963,1.6348181575332297,-0.94834796199575,-7.89138623398782,-3.5922030258196873,0.7117991666423117,-4.88736469138459,20.46874060163774,-0.8723939728991283,0.5160846654325728,-4.460160613593804,-1.9238715203501673,84.8400625106765,3.1051951649530616,7.719602089806844,123.92073138457965,19.47719806746193,2.0566133679822087,8.989850089737647,12.027898473915691,200.03347628581824,20.70865501283963,3.7946156529119133,5.563301184896108,16.577431495539937,92.81849314672188,-0.06040465042971732,-5.601851902538678,0.4547183554074378,1.3865882852455453,1.7561302690244303,-5.131966768587915,-5.687891434040491,8.004131584834996,0.21166791335293356,-11.111883763473761,-6.440055016178368,-1.9413001347424048,-4.913611420532459,0.1382381735914725,0.9820033152383298,-0.018772789609344198,-3.4255544803071234,-18.798016207974122
4,11,2,2.333417387633788,3.851786049946054,20.891595594766656,-12.13703779823561,-11.238703070963709,-0.46349277871479144,7.46079480048928,-8.622034577897006,-13.635552087753293,-5.006524113018249,-3.964957506773516,-10.391583299808058,-10.378219502251138,-15.06785926692437,3.814666795226314,-4.476999342032684,-21.580568297845648,-17.587506406100044,-14.068263338129155,-10.491161620062657,-14.318995445807724,-21.936025230668296,-14.77633632460562,-18.287154671985938,-8.204271451881,2.818043199163384,-12.950349311582839,-7.164507776135345,-11.183772853961797,4.317027279153104,-3.886293606787192,-13.704720310253535,-3.905361375061616,0.10730359539753143,0.9354540206968955,-14.889628135928557,-0.5669391541344255,0.8815727686770718,29.83287528956808,-4.603763925317652,-5.768926459705322,-1.5852421759783932,-0.9245270028001933,-2.613674565786269,-14.505629543188054,-14.531657768595151,-10.76364938618343,-11.861730797818252,-10.581648467767351,-18.162411489455803,-14.874723396931984,-11.246559670694706,-2.691464248208452,-21.432255381252617,-19.954972556156157,-15.936177469290262,-14.770643232566329,-15.362080977491408,-18.44184887540959,-22.702896714812475,-20.114288967693366,-15.115981986791613
4,12,3,33.525639655522816,48.97640453497086,150.88158296375735,8.105534667171897,-2.7989317495283603,6.406148458353987,52.91393564750506,-10.347591068890946,-4.034639354263539,-5.157011515029321,5.822501783872525,11.445639567404267,-6.942185962754418,-6.470749257064264,-13.982933890619659,28.608717337341552,-7.990057490642531,-5.041228500535573,-8.331068935804069,-8.68012272810177,-0.6732921913811353,-9.243051671126299,-11.702687624183184,-6.029361882076668,-0.1435159300248086,26.355526345895555,1.0511059764625001,-2.925620036404126,20.537395401954324,22.10821385819623,53.047026730914865,-1.1794223255476417,12.516589160168122,99.90314635925183,7.731326804046301,-3.8161747164274686,3.637298957368065,5.736822754698352,173.43038666539084,18.818362311255658,2.4983940799607027,2.3887302217005595,13.034214496816972,58.21249605460866,-9.228770065473439,-4.178395658231725,-6.46197481682842,-12.580807413815004,9.130590524933323,-4.33350520052879,-6.7815474287788495,-8.089843302022482,23.52992174406424,-8.722541603600469,-8.967930393174244,-7.7978833642583805,-5.910847033785015,-1.6345013508618607,-12.584074579474587,-14.90822576262942,-8.792562190636357,-4.870864877132303
4,13,5,2.66647394694865,11.110780021175742,64.34127207209421,1.3768085961843413,-7.316524938280592,-3.5331204115844748,18.38220896356081,-9.628569085468975,-5.091613116356114,-7.381617370720311,-8.03958990125031,-5.459527029519587,-2.5340381580427627,-1.9884503932397166,-21.164138295653657,-1.1752482165196332,-15.936811160741977,-0.3427816356486868,-5.262566935759398,-10.76084116823608,-10.333058045836307,-8.5609306008555,-6.759594866313133,-8.478015995788859,-11.111992948904359,-3.5278973494224837,-12.247827361951142,-12.555806254763624,5.102671275878605,4.492734177174365,19.6459336940926,-6.0007766223762395,1.1023647634698657,42.68827924423104,16.811849416966158,-5.355184632005659,-4.479905821837297,-3.2326045845842515,75.6639276030587,2.7569827672006095,-1.419118125667435,-3.886566872628995,-3.230561306149268,15.904150227584477,-19.203988975231972,-1.8062964360706686,-6.158202762579232,-14.530991219801876,-7.0407807832447435,-7.785623288372673,-1.6421721001132976,-9.624547995865438,3.792517728825303,-13.805391299513472,-7.768063626183963,-9.01618428809978,-11.332631955150422,-7.435684464304012,-16.245828199132188,-13.692252530466483,-10.338171977095493,-7.487587900843658
4,14,4,10.155799331370648,6.24925787532248,51.05970205228049,4.039414449345047,0.4365466642307053,0.8309586574209911,-1.9585102421072562,-2.000076817019233,-2.0125008378995655,-0.1480069305497873,-6.32614060570827,-6.852212668355355,-6.82843537738819,-1.2912170305655046,-17.068110766150525,-2.536977520130898,-7.864986512276179,-6.355982398222442,0.20209584860116886,-2.841252217057912,1.5470520487600352,-5.6228863972263285,-2.2129576165774254,1.1805588110327379,0.9619958560641213,11.097022897950025,7.883977772232867,18.176780538569577,11.212554669166666,15.750373860775706,21.273583733976434,1.3012262008084747,5.564754492580529,23.15705792110687,-5.531656435929334,-2.6014799046807178,1.9413220408349878,0.6253333700502783,34.6580975674002,0.7516501149071788,-5.6943930358989405,-2.364111489883239,-7.887233984088757,-1.5681850162970776,-6.239128503335139,-1.5490736238979266,1.5172322209720028,-7.612593389229802,-0.9946022027785459,-5.068873914833204,-1.7349210034533424,-3.864231939745566,0.08222608556743849,-10.617194157411783,-6.044233636294563,-1.0374580902479038,0.5482211437973588,3.982659345572226,-4.937552554953117,-6.1746261797322886,3.6349386139432065,4.28650789234288
4,15,2,15.437258990879005,23.110858325094036,71.08434527378716,0.6704183695724298,-0.7010031610410716,4.1872683886336395,17.924627792260544,-4.971415518124293,-4.283404656549598,1.0867062797315588,4.494405983146509,0.6604419810720152,-4.292769108035761,-6.012337583707786,-4.416944151698817,15.10906510739359,-3.669271491025004,-4.484659056429092,-6.707964558722221,2.6834437175357135,3.8798467111944173,-2.284038078744057,-0.5206740580771756,2.9968206567757942,5.596836357014025,15.801741898164195,8.553696689667275,6.4686730699159405,21.28288254179289,31.61480416002027,26.68609142836136,-0.9448294070969538,6.115827610598387,53.187679810074705,-2.961810389965227,-6.002514096894787,4.464138093404472,3.838640742668334,70.85072490196782,8.45866415227718,-5.214728185259622,3.4267892450486093,10.247357112491823,21.527834304403985,-9.515965756072895,-8.043250403907885,-0.9295534233721671,-1.940152830137621,2.362986049512628,-6.88972517355663,-2.941322145438413,0.3520478016239734,11.558406762915055,-0.574293140412831,-5.1166688779698335,-2.5545263807175735,4.11618792518928,6.357599558126994,-0.19297178772210005,-3.3421810883687924,3.278662168818366,9.608933210554651
4,16,6,20.144775413010812,34.62067242766298,126.88951340535786,-0.25299418641242627,-5.241390228169275,-2.6803295052633027,25.440101705854996,-7.31200108654434,-0.9993554790754138,3.4929416933801116,-5.533492225676587,-2.2290858633634514,-4.899832472114299,4.493542753114569,-17.27170355127351,11.589177374194213,-9.371444563790247,7.356561664378318,9.83686051224699,5.698108274836047,-1.227643484374644,5.66254071957182,9.943475742404141,12.960467753670649,9.909110215520947,21.18709600426075,6.410180612126502,12.60869319434846,38.722567561559565,38.9631707842757,44.74680477453443,-4.476114071269591,2.1883826412760277,70.46999342121732,-6.6135438573433065,-7.483162540851573,-4.046746445547147,-2.6973320266811154,109.3422404149683,4.244416898525343,9.235719688872738,2.9490913858682637,2.1537985698030346,32.35269721760982,-15.162585738523887,4.643440128389247,1.6208643940697605,-17.26402194271567,-1.9206808222139773,3.9505885495327244,7.451189837304923,4.414878885375289,20.574230536182466,-8.769331195987997,10.588510632969255,7.609927254422317,11.981545986641738,4.522696126797576,-0.33566813756961716,-3.8331772362552106,15.419010842514295,25.88701798557872
4,17,4,-44.92086183417178,-43.51940168360838,27.96074297951487,13.115653857690978,16.34435744554077,0.6716750257637187,-1.744176145733857,-2.012697517582239,24.457366203048775,19.018851849784298,-13.380492740242575,-14.035755379170897,16.956075660066634,23.113666554313106,-13.977284668831201,-21.872768631840998,-2.9201455255743216,26.219812349484442,22.72243420716101,5.486866533892544,0.40946943122076007,19.70632743653728,20.18116263845344,12.451485776524176,-8.542955447079207,-13.979317051585669,12.582992827519774,7.59962297898786,12.357239915648616,11.841504849311777,-17.256056259318093,21.28067528874408,14.11856060693178,-14.178976079312761,5.292681802245905,14.951201964215164,9.036803666400026,0.1590214779191615,-27.465835562566436,-12.62486525577288,11.475219171837109,11.685400878965135,-15.94628492358818,-10.232212273812877,3.263659341737808,26.509390053180283,18.896731181751655,-5.871127240859521,-2.4061588233765576,25.693423605637577,26.203891609045773,11.689356654337262,-1.64118868476007,0.9822327973457377,25.763454738913527,15.852541894365869,-0.1424886910699134,5.583559990701511,7.734309827045703,-2.548144969305525,9.122100059215617,-8.675500614670804
4,18,5,0.5516850778196987,-1.1119587311702896,43.76302048645729,19.07655768371301,19.33022915342504,14.674692936627778,14.391736861352415,-0.38642423708991247,19.385716817568895,17.733765021493237,3.547664282621996,-3.980014986926463,6.127738099136367,18.68185065020579,-2.914452508500801,4.191103766944894,-2.811978653686622,7.2628621868334955,14.9694064807327,12.364375296775716,-5.504469878767139,9.555554442925425,4.673237968304359,10.118712829119268,5.416081024952825,-10.504831265328773,2.5499588085974514,4.813628949224949,18.398282838871747,8.281285357610441,17.25075636236225,23.95703837675293,24.415253372272335,20.39135540378983,19.66913173638466,13.60537154995268,17.09616057877997,14.897757749993167,6.3225128897806515,-5.195081382490146,15.181128958410513,23.931676705345136,0.38429347316666407,8.771330850244292,-2.636337074564723,17.549480116971562,16.935117751178215,5.886763841461774,-0.047729360723367864,9.666835639444063,12.776609271071946,10.092870474350073,21.887028432837347,-2.8719681848476575,8.52613879894701,5.876678142196882,4.350146997532604,-5.493990892271806,-3.734101649629312,-4.172669803133098,5.949955034637592,11.928691846459097
4,19,1,0.9463155568781783,15.476476310457032,43.113636832461395,-3.818382050262811,-8.13626145153511,-1.3005050878699227,5.137146086091315,-0.6410137704778,-8.766391780636297,-8.455593560481582,-6.392282058553,-3.023460810322589,-12.066580212163947,-12.116626176310184,-21.20606533540185,-7.863871974961426,-9.18547712919507,-13.382634344079142,-12.318754855906825,-12.328938853256865,-0.7462522083802556,-17.009727671697007,-11.55854900199466,-9.659820502578487,-2.5646884195597437,11.6674697289425,-0.15768830493666164,1.6154882780662387,3.2784654824290316,13.000908814177553,5.462051195842097,-6.132699027657509,-2.288944376359991,3.3235721907055935,-8.973667159222249,-7.997400537485303,-5.274116790512715,-1.5676604472555045,-1.9008264647024466,2.7511257845851587,-6.5402342937886715,-9.992177602903146,-0.45928586824092943,-0.19879579883659382,-10.39310209983506,-11.193169926497628,-12.238572218160074,-12.00258059165918,0.2399908798837629,-9.437640918134827,-11.098487052067018,-11.108747511016063,-4.053969331539984,-11.078687363679004,-14.19621924481287,-14.31771702459082,-7.042124774397873,-1.858779037155485,-12.010797574389265,-17.221198877291293,-4.479348510776352,3.955516479659551
4,20,2,3.1596993029958043,-6.178800240840494,22.504537980231206,-10.362014653354247,0.09660606188898413,-2.050144522496295,-7.562318052315701,-8.555434181320866,0.6350584799912169,-1.6052823470360247,-0.39416063158977344,-9.954719688607058,-12.122614240046683,3.359467711004357,-18.084053517978003,0.22614628059942907,-10.793108826866607,-7.137911405232619,0.010304260908102325,2.1167667585172385,-1.0644151257669061,-0.06934311622526712,0.314666340354738,-0.34943621823700405,1.8807314587984119,-10.168780658053372,-4.701440958533344,-7.594061201830149,-1.3654226696959177,2.923543853946484,5.694556971012457,-1.9667055868691323,-0.31979112509246327,-5.219918520152199,-29.03582296192236,-5.054319103907158,-5.566218713141562,-1.6110081644955938,-5.469743732090401,-5.569901186030173,-7.158771141909248,-1.1392108091414428,0.5764894541409766,-4.479020728841819,-13.364823304593749,2.7168259296577615,0.044189018878812075,-0.857970291467542,-3.764850416129862,-0.6060799955413096,-2.798232276901241,-1.4027822509141086,-0.5408563593277562,-7.617740130006544,-0.17648271762016285,-3.2348883514542415,-1.0182483681341314,-0.5660322171624571,-7.626853177505662,-9.613555251575283,-1.4426550344825253,-0.16649549194929647
4,21,3,-66.88820393783291,-92.5965868845219,-142.97332624400534,-25.584098411587668,-13.738594261247947,-17.140087282750756,-55.85290826239241,-14.293601014401485,-10.911831250164381,-17.710676113279863,-13.888207308493744,-21.60070670959427,-6.168517869794975,-9.256415536922473,-7.964695934671909,-34.990968387210515,-7.33606247367655,-12.486135344134597,-10.24095379213644,-7.7332499695930395,-7.234954522486788,-8.088248046569339,-7.2129146008774985,-6.552101062292734,-10.455615851392109,-23.48234524092888,-10.820830618870373,-6.741849300610588,-18.385596399627087,-34.460536568448326,-80.22704300502451,-14.882722061945172,-22.619763791197673,-143.30669985457178,-47.65485389930448,-10.830785277322304,-21.395901030429254,-17.076000071335116,-223.31619603459424,-33.98169119837806,-25.862738107933062,-17.826612106910563,-26.607078085585357,-61.29798957632807,-9.64863116427029,-5.596967416542873,-13.482059736395396,0.20728615660606642,-11.658826445479225,-12.131508856648344,-12.735884076211507,-8.460827767178873,-42.23324400768047,-6.236757256505197,-8.754667139407704,-4.457778383784636,-3.817639003780375,-10.071049117778498,-2.5134735478133665,-0.6673042434381258,-5.274859778310463,-3.7135151622521634
4,22,4,12.612539510202893,26.423427075823394,68.51023759975713,13.722564098481998,4.3892003259189964,2.1478104909836526,24.034030346835912,5.591023160934041,3.434547470042074,5.358571963418822,5.572949786006089,7.927543836713931,10.055062904102137,4.96907717829979,-8.469897191244655,20.219669449018173,8.021254278620043,12.366210973761953,8.77825865644689,5.53717461808176,8.18286539054271,9.592815751255282,10.730584171157695,10.141331906651892,11.151264743902157,18.416104867060607,12.691345371044711,18.83054607792008,27.057808056155736,28.852357766795432,24.603886962464355,8.140599596864975,8.554079237410358,57.828388097673276,33.60717740273331,5.536814048272988,8.679499906748987,2.788398081743409,87.12768412036137,10.427970374888952,17.628100394903793,7.601021659201315,13.069290337993248,31.284381094956533,6.871728317857513,7.1611750413004955,5.749771352607485,-2.048800505606864,7.07390068914378,8.60437644383211,12.665568495632103,10.357359778669824,31.953794153270913,8.84524153585534,9.503181200429074,10.15028114020739,10.883399054804165,8.822447638731543,10.55771826666484,11.40039062536345,12.366134502266235,25.366890398762745
4,23,3,31.842851824013565,41.8337182700634,77.61343413050764,20.736606477668932,3.399460685325834,11.163317307286826,39.11618201870745,16.74933577181271,4.3783606819626755,12.556658644183752,22.74649566684555,22.22095911436509,31.993426600561982,5.174309086009134,39.8342750028866,41.06956755533451,22.879609146428002,35.93645344683673,7.590433369140805,7.512009932432417,24.25037514654602,17.060450934600553,15.41886896512858,12.959986968193109,20.624779054304444,31.63805690425923,21.735535684882155,21.579158744434036,33.529649817816356,33.32682191411732,42.24834539500496,7.837493967787339,15.405614444645265,65.38547239279961,34.29285000459994,7.202042190176317,17.947563712303413,11.28821353445102,125.50492443943901,17.394851481042267,26.57580476293978,14.949333422976286,35.24076075415784,53.446814813991914,18.921185944411086,7.755628558676454,6.887561695779417,14.239971002427536,22.127303474014862,10.605939307454516,25.401387023307933,14.228890986704243,51.39131606679141,23.99839723219233,14.220925164681558,17.06389294909995,12.700928411650938,18.324339336738362,23.034565637024446,20.659701903600528,10.090914517095905,24.7097046057262
4,24,6,16.533482800896582,12.70293899359773,64.29351014398588,-1.3165677362916668,-9.676604414006647,-5.227130390953544,8.135682444065443,-19.754996517681658,-12.012819194155403,-11.260819406850585,-2.3555337054606693,-12.378613050197949,-15.919579259801381,-10.583374852246443,-29.201761430629148,-0.18385868483200307,-26.35302404023525,-6.105534375111409,-12.57029566784366,-14.495117672537335,-11.779351711609657,-18.52022863829099,-12.84398544713764,-13.926528572763615,-9.63892794177844,7.200031629084923,-6.396335967839125,-8.394598933527384,-1.7068930745136164,-1.9657002618627217,8.464510243221351,-7.751804081075708,-5.057105472089905,0.7383082298243864,5.5149927586089955,-8.261529195656228,-6.620154827424302,-4.641953960969682,42.57757761647424,-15.603109908369717,1.6817171219849896,-7.685192731277247,-5.047205686750937,5.30850425398932,-27.01187081307899,-7.349349803313972,-11.680702300560544,-10.148969999241938,-10.745587047490455,-14.660280153689138,-11.158618687021708,-12.964270419645594,0.9098083040699703,-16.667295559170284,-12.571431929325101,-11.381268194354162,-12.724366956749629,-8.115696788663277,-20.46879517259757,-23.63316046464733,-17.218292122207043,-8.240625804233389
4,25,5,-43.42338578039555,-77.39003059812313,-225.8198559109758,-12.151046339104441,1.3181194613983003,5.450654253170529,-32.99631153413932,20.426518626783682,4.281164582852821,2.3172890579643104,10.049369911856314,8.017692069545749,-1.9493423823221792,4.266533217134478,45.17916645872881,-13.917098539404382,30.01031950152503,-3.2320364234335837,5.152957512474642,25.125653848665355,19.167295850381798,20.339145876580805,15.98717396915322,18.46565896881426,22.880712696419245,-0.9507628875534693,12.214630932138277,0.42610045004545277,-24.810834380798042,-27.728062469875677,-70.90450774964579,-10.821989003693828,-15.922595030474827,-124.05987587789204,2.4385356514646475,5.059203476168034,8.74066963114935,5.685247149772761,-144.44407475349007,6.168987773108958,-61.141011454710174,-6.2264421955680955,-0.45443424379180875,-29.353734825692325,25.069608919867648,7.1699822670382565,1.9257400255059667,36.06959963208292,7.779591544752755,11.857119613980155,9.543250677596056,12.363686910171694,-36.56779670333717,24.89754073140099,12.218663055265878,23.686222277490845,31.307579164824823,18.796530153113974,31.776797735473,32.83275548732137,21.086436048309075,13.507486994082969
4,26,4,-24.03440168572637,-16.843570795625727,21.544902442977207,-20.16406167462105,-22.04514281351757,-23.738147575317377,-16.734322031455907,-30.51821979880333,-18.038771962088244,-16.15853195731165,-21.305632654895486,-27.257762161696835,-18.7997753565539,-10.574054118791016,-11.88130119455219,-15.330042885928766,-18.09823678088624,-0.27032431212776725,-5.154410910588211,-6.430450253234033,-14.481764789189425,0.8646685983978559,-2.299259456283437,-0.2687071623144306,-8.302658630455506,-24.054059653804178,-1.0473033155700764,-3.66584042536958,4.580718762264017,-5.319573329716199,-11.912924058218605,-13.681675085831966,-15.286760821665942,2.348026792984456,-32.644799317074245,-21.87875657619498,-25.464152089342853,-21.747850513131162,28.251905182512807,-30.04420440734885,-5.937694907029404,-12.713352490920668,-21.84676223757063,-15.848793763745435,-22.435763073676256,-12.394555758991535,-11.694448522314806,-14.457102579450815,-19.698634774583144,-6.921981855545457,-9.29455086952304,-5.432613609858406,-3.7371284134725693,-12.649221646505056,-2.9252483736178485,-4.427455919408573,-3.316426050372236,-10.294441810590452,-5.417916757077337,-3.7326156467244695,3.636129747973982,-2.8856707212356145
4,27,2,-40.592525124549866,-75.18488555855862,-123.80063194763363,-21.533418031000522,-13.025319860657534,-15.851383490646933,-44.2173672049511,-16.19866707963052,-10.65095872416094,-11.989916030635571,-21.984880087851742,-19.861393211091432,-18.50782636640502,-7.930723695493327,-16.64053515967254,-35.40735461735507,-14.601492524578633,-30.953936074269794,-8.374176210968013,-1.5979393575455532,-8.014534122178546,-6.870865084429654,-15.142130355782275,-0.7258622634519871,1.7878843973299894,-13.595373298881995,-5.805379120246844,-13.306658712192995,-26.159210927102997,-18.31973908075542,-59.82018231764072,-15.791109891744659,-21.756297101334816,-107.64008959037496,-31.298433135922348,-10.050429743451996,-16.894949711524188,-16.016972014884924,-141.72182889391743,-15.370953703435463,-36.73939500464033,-21.552190787357663,-25.95137827316433,-36.05446550976942,-9.407252539630708,-8.208904554295112,-10.924495659558474,-5.064830910533714,-12.866801121556081,-9.618548999767656,-19.425808218506553,-7.534191775340132,-31.096086230628753,-14.934439838386883,-8.919960644982037,-9.96763555519851,2.1395496935015776,-0.8365423601154769,-7.2330641080739,-3.6434289875962786,3.7428979753948193,-6.169796294248071
4,28,5,-21.446952358365248,-7.184722853926706,-9.157394656354972,-7.306472089198395,-4.209264579194982,-4.187202847517298,-11.135595410987,-5.378787015144504,-1.2104333261845688,-5.460652493258437,-1.2398379618165691,-2.5375020363958694,-8.48903042433511,-0.2839504270927913,-6.119116683462181,1.3328053886298004,0.0943114528795933,-8.245783335994929,-2.9741361958042902,6.1899348839935735,5.5916787087803685,0.07132093460730707,-0.48380608601132086,3.9355310338390295,14.428539144573733,1.4094804787224668,3.9786164100259205,5.207417981312945,2.024892129844463,9.571158368503909,-17.87518296863248,-4.092924199389329,-0.4233577262507997,-10.421140976636329,-22.462217415251384,-4.494548052515285,-7.310045158002166,-5.247673324877168,-10.72980835585196,-5.321605737437494,-3.861882650445321,-3.5966175465117662,-4.67945563619411,-7.149373852999928,-9.295239357164176,-1.2144655270002243,-5.0499810497276485,2.6888745547976445,1.8808407883093086,-4.847939826797966,-1.4803206152964115,-1.3159559123308924,12.509825224590651,1.838782589893969,-2.0778992475896345,-0.33010632450488064,7.805051566095928,7.1166144395019995,2.671576878703317,-0.28906430776526365,6.194349331054383,0.7876765518108517
4,29,5,-7.326741736700257,-5.600813647595852,7.682646777935139,2.518095632276795,11.870625464427404,9.390031588286522,-8.311695357375756,-4.216301593884103,7.650422868205282,8.3735752111051,8.885015978705043,-8.456620820922918,3.510195540179068,11.662301147674645,-3.8083073218557515,-0.8407492966095842,-8.480725980068486,8.126667525528406,6.218618438556431,6.694524315708294,-11.440908132253703,0.3907842497545786,3.533491905971728,3.861980938193638,-2.56104972333897,-29.317358545595543,-9.065192149497749,-6.656082948260917,-8.294157401227007,-7.947452980934117,0.4766161947528167,5.282301191490416,7.166332646400139,3.7774165771538155,-15.124909386356794,7.11156619838212,5.537568060658513,9.709309017740003,-8.242996978278201,-5.9933571843657525,6.507791823185073,6.572359874435677,-0.6941519375072744,-14.21189943137693,-7.48804684970869,6.9734592800817925,9.82449111415119,7.650357327320356,-7.963406473846839,4.2043474206201195,2.955166579292314,5.612221641295659,-3.388173115723652,-8.130972722431693,3.7698660400176482,-0.9497247190646263,-3.3966633348566706,-10.80252791137048,-8.972006221761832,-5.77489264443426,-0.019089475728385707,-11.055095483140065
4,30,3,4.74216596593672,8.873750180403537,31.213748533914757,12.349230284251755,8.150674278916027,9.88735448479334,8.376744057392559,8.097831079486483,9.78576570519858,7.7064130055965165,10.180166653468179,8.527908930509565,8.130120456866107,6.391648271972907,0.2140280809139884,12.425479315255377,3.2021071720959147,2.358145325683153,2.8418532259309464,3.597600940680251,0.386194811179873,0.5438504072769414,3.064710192200609,1.8012699031884312,-5.438525130417873,1.7080731815772063,5.291654714258245,4.289305223878927,3.8078921507907726,7.379552235471921,14.308144947139125,10.293775242866902,10.308133357318072,16.984081749890937,7.245684863488403,8.918616622379725,8.298681230199085,9.521615067190236,32.68773145437604,14.176255333311182,6.000558051280677,4.418736165889157,12.248122294637845,10.252492855723228,6.6082770859868,6.733096850627078,3.9621602230046515,6.60566551980233,4.666190284395184,0.9696338396610225,2.318654934026683,2.0095942757296834,8.940055504983583,0.7897964200777223,0.919981343081079,-1.9607940124484138,-2.1888197414099997,2.1133028178861935,3.7661943851470423,4.130873774428193,2.8386843336587058,-4.534934452876856
4,31,6,83.75336677780965,116.68881432312298,217.04279996127633,25.769672302756366,7.783394209995148,18.03358153508203,85.17444101920941,12.095613390309499,6.5394475454033,10.770708222123913,25.60764606956323,32.03160566141513,15.474192422542096,3.183367323471092,8.375214408594756,69.03965351639725,0.4494951326036595,13.207255397463312,8.022729322859423,6.16234416097811,0.49154259783511123,0.6710629773030927,7.764687169888393,10.0177579853661,25.672760379006615,39.27682073587883,7.497039877968589,17.08452334021013,51.04679682850838,57.28035291163362,114.64881033577568,18.556484591996696,30.880779273989695,174.62210261240224,38.14082254616474,9.642905369832564,18.482246225813356,17.279931702917974,237.96313298039328,33.117120716505035,40.26633070913576,19.79995042168559,41.26120613297311,98.10060889255706,7.85580779541079,7.51237059676475,5.671610148396438,-7.331462131824529,20.178255905628653,8.31786927880674,16.722739477937182,14.02983285934755,75.34921753261143,1.479446493986449,8.45173630061582,7.955691976972473,10.762021330503243,-3.9262867061557607,3.8736401785096906,4.230178881572878,9.02162594628725,26.838381982101822
4,32,6,74.97837490861004,95.29489159147911,123.08205839482751,44.03527884367033,17.349329365008487,28.150458752200382,84.84725211742445,19.057872476192514,14.581037121609132,18.08914547586222,28.756101424555943,34.17844358522716,28.621458308180653,13.101710875950216,26.459158463903325,68.52351415884206,13.576698952524852,40.447501322118256,18.017223591848115,10.803828181710282,15.78177811859585,7.605261397593446,16.347285784962704,15.381148678773059,22.434626731930724,34.61018241069666,16.42389555641154,25.845101890767495,20.614551345386154,27.75064875512589,76.9224840925961,20.847734500903915,29.338808471473264,146.1631069532255,94.25667919036822,26.549262965597762,30.93611402954999,27.454132293328268,201.39809074052943,36.54050094034616,29.440954402816022,24.945707046335986,40.13086805183714,86.9313248279618,16.524894199084212,17.634962639794125,14.425457874721872,16.679391783650775,19.05543566967656,13.349995388019062,30.23287085216586,18.236409424554278,45.53627345111315,16.66406121341193,15.040443261222148,22.315117601146234,13.551883611737237,13.856496985183982,14.999095233838728,20.04674892200204,11.700141633429174,13.677653973331532
4,33,1,1.8195837666450938,-25.168717216609473,-39.8145081001084,-12.82604328234021,-11.899199636971087,-4.161655388477188,-9.532585885000934,0.7300254317318522,-12.341679797848546,-8.269167238392123,-1.7522948993051917,-5.600125354657905,-14.324032827121465,-11.580479466061037,-2.648597396183305,-0.05229689001400964,3.326489922085143,-8.909088181740628,-6.974453505128622,3.8946091800292075,7.01808534085569,1.7299491191941612,0.07110231665031133,1.8915383909068004,7.770227126084362,-3.59076060828889,3.1456579850396036,-1.108429226933454,3.1557328273065224,-7.5076719530426566,-17.37980494302947,-14.90088287244618,-11.60175443154464,-49.99539604928439,-13.76997665394235,-13.178112891752551,-8.019221851420472,-3.933815415676049,-51.15250532365423,-3.962783062966861,-15.580031933853546,-8.073507399468612,2.3191795016230055,-6.574348640787172,-4.472551839653309,-10.49017812366166,-10.312515149526181,3.8792020898403194,-5.75373787949963,-5.034289775177743,-6.3259440640032985,-1.045260037340952,-7.241521681808705,7.24411135285002,-1.7485797598321975,1.5686985840793788,7.946250970861538,8.169643721111665,9.087450675484607,7.172976344642112,5.735172782365869,1.8734760237176242
4,34,6,0.2948993526047037,5.839427840773855,31.981024323837687,-10.351732418361332,-10.175216794968025,-2.97903147689635,-1.2982431023676932,-9.774609180485331,-13.190810046794754,-9.4158630375864,-0.7730561936751188,-5.216509337025899,-11.90736223902644,-12.903199182596152,-16.058527551954846,0.4181236901842962,-13.889387512397834,-20.21722188732792,-15.368232837974702,-8.695442492596621,-9.276783531122817,-17.45097280945629,-15.97994021548913,-9.50082085801221,-1.2123890788089962,0.07759295130239352,-4.796735610086017,-5.8534908067525855,6.847918164530187,1.72031129617244,6.947343628217538,-9.977885203061206,-2.1742867264987478,13.632262906173198,-16.46400866478046,-11.575365596587165,-8.17581750095322,-2.0528653378622512,12.582151417711332,-4.18872168891859,-14.741031077004715,-6.451998363089992,2.1553283694722674,5.017593265692817,-10.52394267335171,-14.968149683284919,-10.06244952625754,-9.79412491234564,-7.038354936146702,-15.770719975891819,-15.900631708524578,-11.266337554061371,5.005180190703497,-16.184800392607368,-18.35072817035564,-15.012950772056126,-7.434012734490192,-7.251727391488667,-11.406007077090624,-12.991205631596289,-5.199539830953606,-6.01809600468089
4,35,5,-31.12373157021045,-30.701564771600257,-91.20846875847839,-4.46278312148118,5.285983492779296,-5.934515115513932,-23.746845606351034,-0.7800057614903585,2.8509445657453876,-1.3799554807383865,-10.092171157914684,-0.660114221740514,-3.9395412196655064,6.63039339679043,2.1702766939770526,-16.389300592198246,10.867325489385134,-0.09213691977102434,8.34738313163654,7.704741276244109,7.381770341316378,8.069639288615889,7.488200006688515,12.624952646017794,4.062284646657998,-8.969547637261261,6.934679050396035,-1.0435881663181998,-9.108801907337295,-10.220192496221877,-37.7380295440174,0.920527731386444,-7.606365047301524,-49.27411250770092,-2.901646049193489,4.624077338643696,-6.124995382991046,-5.926134003008285,-83.24148899607549,2.666157113444968,-7.916114028702245,-12.678571725059765,-7.986812258763918,-23.892437599962815,3.7760397369132903,5.9572760421419275,4.864341422835958,7.2934142765475425,-1.8651495080032376,5.114538122604531,-2.844650473899958,2.6535691135540262,-24.219713579590724,9.086084490869101,10.652816269274167,6.081309086586373,6.557684895877798,9.792769955516581,9.21647715161373,21.20086410868821,15.383312301573948,8.297555809045525
4,36,3,23.956459205836154,42.07132708971819,92.77362683924231,4.361784389515119,5.852747744948768,9.667840808720838,8.601743033598739,-9.728988701886522,6.367488461682889,4.78764432745918,3.368340461276377,-3.805947071986227,-3.972169295203215,7.234506505927665,-7.321507744843188,3.704992032223717,-11.90008472357082,1.8849275634601375,8.966477114752653,8.254339241888374,3.587537169660919,2.6462261906665963,9.501214319851439,11.143320845667178,15.405035172265443,12.00914769074539,8.5821180647046,8.00264557230673,28.830296184981194,21.710643830004987,36.025651025699425,7.783317806062897,13.365173120653585,59.54024195743772,-19.574000934031,4.535284018882262,5.959898477465632,10.21227043803509,86.08914458170165,6.53895587308287,0.164769063453851,6.803084573719838,3.707505223227712,12.726672600500475,-11.230442187476267,4.812743760338742,6.19014253401448,-4.414146766134697,4.685957281299436,7.223044090404557,5.1133032272592525,9.144183830244513,10.265692729965737,-3.5453149753100237,5.149821545758356,7.946119987701136,12.533821081322406,9.184985328283979,-2.7263105818093165,-7.730179470895627,7.876656533559645,-7.232987476296996
4,37,1,-43.827632383625115,-77.55295248756688,-182.71945272858554,-14.74918266831012,22.26697293362898,-9.651373813405819,-90.97956852941978,-5.917578213041785,18.632099799028175,7.130743158663193,-18.905363352253755,-29.194101458369946,-3.118056383074785,26.35376715754364,0.7429195046424867,-66.3459163133691,-2.878284229011071,0.5801062398567444,16.849241944166224,15.67751216619252,-4.2073195553498275,16.89420678384784,14.45590061785244,23.03490435775006,4.937760247053898,-23.194887374732176,15.718991238095727,3.8675865547322674,-13.988331725321173,-32.89695147624831,-68.26063078371584,-0.22392809241101475,-15.440613640960676,-146.90477053530327,-73.55205636635057,15.574568440229076,-12.070251729941317,-10.38137730360939,-316.81986904471364,-34.41564802207598,-19.90231506294776,-2.144379454733033,-40.00256269443324,-113.46673246127797,-1.6025943974169292,20.722073352554954,18.72961280949232,8.592203958732323,-17.266753734611882,15.628548147327196,-0.5050920218956174,12.097788000360085,-65.09421149259657,5.85614622620548,15.764207442359233,18.78216096922392,20.34156076173531,17.481218934649743,16.285045650674075,18.587178561745635,31.97646780162142,6.449299496848406
4,38,5,-52.227279183613796,-19.99117386606436,-79.75444827973843,5.47310929655711,11.237610352293752,5.92340221107233,-12.732354717374568,12.587068520986081,8.169610854221235,11.75967213254785,19.99624398055418,0.11088773682315956,3.453036072175588,12.478715838929757,48.151619736922925,5.628131374639386,8.368865679975077,14.61616756898782,11.605262018172304,7.478922787758452,4.187738261710166,7.833374525318154,14.961670018034056,11.02024944680857,10.7753850960786,-4.370362075454579,6.576413781881879,7.264184379927453,17.75978232990587,12.677085541665742,-42.53330074141666,7.8802188381370994,11.588543571878178,-2.4367983077074924,1.19196665079174,9.22498929106472,4.767134335391771,4.7023041271576185,-25.68331597103146,-0.42116140185787165,6.119947137873305,4.381048765678029,11.307882207941269,-0.6569016281523875,9.162442887769778,12.938384182910179,12.659329139741091,5.115608925851657,5.451670429612533,10.884994387217773,15.470674008426327,6.030214191800577,13.762874019650242,5.341645953427185,12.139267048866651,16.690395422353664,10.876831805492499,9.310799464129097,17.469811121410707,11.720902994729393,9.010840982107856,4.321998927151648
4,39,2,-77.24472227454518,-44.63259534821166,-23.415133101695268,16.364648951626407,2.533775939640203,-3.5233406667177336,-11.098093744605874,-5.961515746102098,3.59342679729481,6.2452804194309035,-7.080598940209648,-14.90907817709872,10.930909849848831,3.9895652513496747,18.40976715333215,-10.845995680588047,-2.559683903597476,9.316219215122299,8.854278106946593,5.620263965277956,-0.10268148416426065,-1.624306362593636,6.139692273337347,4.326719458669244,12.576906427377597,-3.8350676455160198,5.501235567805608,11.371117042241293,26.557906284951052,10.263146720042945,-58.754576180255135,9.382153108920445,2.2986803327959673,-45.95719440059921,-9.297807262256379,8.49298606426796,8.300888475450899,-4.065464549050549,-91.38373880210565,-11.025964253809208,30.34445793563271,3.492198541964882,-16.30177476509225,-34.09715734477858,-14.863053481367116,5.518074164348771,4.264369615286922,0.5143909804500284,-4.249563570793083,3.534071087632782,8.476617345495557,8.25937657759002,-13.470564390282801,-7.21341721563623,2.3118473898801137,2.607500732853647,10.917425879436287,3.344650525145413,-6.7787719744643775,-6.289830044701288,5.978037496951339,-1.0497401313083947
4,40,1,-43.83576195087378,-18.295918145864384,-8.866002873097335,1.26872912835239,-3.2307688617488233,-11.069158951615595,-17.307019819718462,-10.76420680138214,1.1199900722812584,-2.712356676870003,-8.829124053008854,-17.421830454659535,6.502929332336725,-0.798953350179078,-0.2288671502411918,-34.168019543753985,-3.923926425768381,5.456369079753081,-2.657994634477512,-5.706030357790905,-6.0806753385589145,-3.319409074858058,-4.367619474145879,-4.819037784935859,-2.6876506250260808,-16.871937497814255,-4.160180285504862,-0.03887846899252889,13.54852898611983,-3.6400088169952736,-28.376222587349584,-2.139473132834566,-7.523352159686934,-21.461430610043976,-10.569956553804618,-0.3737379970574175,-2.3176825048697247,-11.296081018020836,-34.498212666228035,-20.10975417936584,14.113118885334858,-0.6970257650288504,-20.04244365849782,-30.833377950438628,-10.297140821059257,2.2925284004474937,-3.031699822079844,-6.616745532819683,-9.067978432015858,-1.43503889913966,5.657000756118353,-0.1694021082870808,-23.311828681881128,-2.7533441062288366,-1.6727896597919267,0.49758518946629715,-0.8411208309755633,-7.4677116828402745,-9.504809284628157,-6.161371617606363,-4.019538141894951,-2.728528793446899
4,41,5,24.99565455939895,-0.2460336273240783,-80.2671560114498,-3.255048756510379,-25.49730481970599,5.093252201904628,7.475589880856069,21.249489503117605,-22.813718901810837,-16.220007617753467,18.306506403426575,11.957877816405242,-11.724585487302857,-26.03313469259842,-4.197255644402132,32.29538488769675,12.31210028471016,-23.027867225612088,-18.13855765705429,1.440546039071661,14.027483491658623,-6.316087641367091,-4.681466208271133,-8.0239422713838,22.581956103807553,25.6437927279167,5.511791091866611,6.984517348634941,4.932056332543695,33.04549426094787,4.5758125767475235,-31.691675890873114,-13.387923202724432,-6.215110799161406,31.708755035225952,-17.898730681709406,-5.446097596684788,4.572949649175497,24.385040047919237,14.035449408789773,-29.829389470379514,-7.21975495974482,19.74282378723798,26.44293177927412,9.272598466767764,-21.974248117733197,-25.55605933106528,6.813465334929342,6.660552115043309,-12.926768732348036,-14.379771671507788,-12.259071197190393,28.081443395420173,11.418999384498083,-15.152762343561855,-10.443759996932373,2.940797673186245,7.832041443212003,8.076698200459163,8.897942550116921,-9.462554389610887,31.872890191834138
4,42,1,-7.993772739044774,-10.451245039519735,-8.597022578483681,3.766041410223737,11.00993425028808,-2.4113382482560484,-18.86993803338306,-3.365914621995194,11.846531313912175,11.391856625130986,-5.513823513441335,-5.298342067055497,7.620155007373996,18.05711831697603,3.6970809109327263,-7.9717874585128365,3.8415036852948563,11.630579983917762,17.296890551303857,14.135825346701035,6.8091601024540855,17.4854257950423,18.21433685792657,21.56335813561226,5.966531310957379,-3.4861559170389143,17.058899327385703,12.66090247062284,5.683028994900419,-7.084816835275514,-4.608233072227096,12.256590720754485,1.6661789007484913,-5.217372541020556,-4.376656186289904,7.193082052351138,-1.0925959461345904,-2.824205951787895,-4.374688959703211,-8.670965835558555,7.457593078838614,6.198272267492803,-10.104671706400092,-10.148784230395057,2.8566265412856198,14.28308914909593,14.98022416931372,6.222125986545556,3.4379348701274948,17.90525407335018,16.07033964001187,16.458698169032974,-4.665436084677536,8.15912092971138,17.967112163263483,14.967144504598366,16.67110912123604,13.238397314255803,16.652904565468802,20.622167341956274,24.692133791017806,8.118723583566709
4,43,2,9.944896365288738,1.9872047015318155,5.449583404646371,-1.7046857610026867,0.7099852372506061,-7.355938848562353,-9.215362607751311,4.62291908868384,5.544867255003765,-0.2971721653394954,-7.339034668056342,-0.7541523717298375,7.2221807689269655,3.2936867912436227,10.28490252970014,-11.634382489137352,1.2192951642976297,3.8518079294164376,3.0729822418311734,-5.894073944379821,-8.94550808716747,-1.5693651544975054,-3.604452069439901,-6.519615004066284,-12.154062243428358,-22.529080202371432,-10.974213795509284,-6.615969785489142,-17.837178681165028,-18.438155580811745,8.564842379456758,5.655842464167355,-1.8465298346879835,-4.988931643272604,-10.501728014879937,0.6459309168375754,-5.241455725825776,-7.538278577020158,-2.396532068983079,2.759703636618058,-2.630709824708815,-3.469033317685855,-6.695835588181892,-8.459614806842605,6.813170252197492,7.322141396898275,3.2548410942460007,-3.576085570007109,-0.9050331198065196,4.129398666685676,1.6645398582331836,-1.2011344335439453,-16.6404150537238,-10.45054565120216,0.8246975226566289,-4.18611017921684,-5.2647413599145825,-9.014228283177792,-6.98842926325685,-7.79954441495966,-3.868329540281215,-9.893801414566788
4,44,6,-23.613021936176768,-7.618035119049612,-20.71302593980984,-0.5695944622090876,-1.6962063434283912,-6.434711806816842,-17.21981106547457,-15.541579703550502,0.3061104734291938,-3.8432848603988523,-11.660694913300489,-16.691214861564056,-8.566066158571976,-0.44320117357391364,-5.748230681391199,-17.29392922435682,-5.932559040749852,-7.374788029301099,-3.8376027624599853,-0.2972814091026952,-3.9658863098792216,2.1865469477843607,-1.9601383826172913,2.7019213613622406,-2.9082350492840865,-16.565914383442024,2.239674299660069,26.064429596021032,3.6365886707406885,-15.787645972719998,-17.025462442543358,-2.0495216690980627,-1.6197060725038377,-5.481304650092726,-19.48398380735661,-4.178963864466355,-6.663906695652709,-5.577703068225936,-12.277996958596866,-20.770239978256384,0.4702675932245988,-1.0948251546090826,-15.146490242468518,-21.888328705982456,-11.871117088784723,-2.5806529111876264,-2.4838283242794037,-2.3708426383914545,-11.868909898060718,-3.349928396458666,-3.049762312572721,-2.022652032762407,-5.685356407403586,-1.0009617002726312,-2.523635552298826,-1.0338630910690227,4.8260858225204615,-3.6694134891930466,1.4908652321730798,0.15645347054048386,4.488407016504648,-0.520324415549998
4,45,4,-4.443376642101014,-0.2529284682312256,24.31391576077882,-1.0149046303817952,-0.2885943478166414,-4.9556150038431355,-19.51443748241972,-2.5457738157441265,6.12725730392537,6.583101133857118,-2.895297441560572,-5.170266023416798,3.1312015850732973,10.169764219533377,8.14959255440115,-5.8894518684232375,2.956718422472477,11.229043465743702,9.058176992960817,7.589296959136135,0.24364048449844966,8.394358522372272,13.745357957464172,11.702436153390789,5.932832266294922,-7.537677516138588,5.228037335557816,15.050856635383354,5.2640202235566775,7.397636497029799,-2.12485279611925,-0.9129552480128652,-2.2747937906079163,-2.5216140374484493,-25.767552528643936,-0.4638643413689836,-3.998088317355368,-5.389976281326312,-5.751421367386126,-4.586258802267652,6.447277921293127,0.17000312909551973,-5.40961220606071,-16.57695068219795,3.7920041037041976,6.496832033250166,7.729239771619624,6.776313396575348,-0.3757703762910353,7.263233729070285,7.1905906633133165,9.703638023219817,0.061268015514784946,7.224322485215055,10.085756987605878,16.151385575669206,12.300517464174447,6.811618635484877,9.25566155245391,12.600618146269065,16.67051903712677,11.966685114482347
4,46,4,12.817946356789374,36.92902325566221,75.73335818401196,13.230333299898518,3.765309291505589,2.6211376850331414,11.00685286427643,-4.009714671297046,1.5906401273749093,0.7008393224330149,2.719404636791382,-1.1157832510042471,-4.277613303016464,-4.8380945293096485,-11.65032509621801,-1.253540480645691,-2.1644196873303607,-1.2645441065088088,-4.3228404049920615,-2.216497993119425,2.375584937563938,-9.193661343851467,-5.93039557458719,-3.497924270085627,2.208980168727023,12.071027564702602,5.96614883349437,19.093658448991967,21.640951120453646,12.295021214181698,11.7162480332389,9.512425486640097,12.166420810038177,23.592205892794023,-15.009399385032495,8.721536229455422,-5.874296111156935,2.003770119098876,44.518757012014,3.869575332077903,18.669065977832897,6.9942424311416245,1.684011807528938,3.4391149509607293,-7.895549472955216,-4.109686455513327,-2.6215310433834063,-2.5103919687595715,1.9640721444313125,-5.016008835774278,-5.632196232426641,-1.1599831282638178,2.9257729863180084,-6.002383016481449,-8.08675102512466,-5.041567256924038,3.201746537068309,0.32704668065033715,-10.56753063585223,-9.219154194928706,-0.8003519268503404,-7.895079600692889
4,47,6,-38.09951801383411,-84.47178770710785,-172.10211577938836,-10.287251759456788,7.277307728157809,4.373071969804785,-21.42021380376677,21.55152426342048,7.21002982645693,7.311247132277744,4.3499066060545255,1.7355328034155242,2.0134843116393317,7.72965501662253,25.580142683008827,-16.76063442302915,7.500372632361225,-0.35980593063300575,1.1153461222491436,7.188853291930946,1.547172327162471,4.352944389076496,9.579080357625172,3.114778249439353,0.05175049357661443,-3.3105144652469836,-12.2568420288153,-31.91798616182516,-20.957529424258116,-34.84083076233682,-69.10056089046522,-18.155090361844938,-15.602891359671325,-108.88734656336102,14.919513471765303,4.464301950560894,8.418736749351385,3.40890165727313,-166.35404905022645,6.14263168212435,-19.63678762975444,4.973928850307414,-5.376197378991578,-27.925579815643,14.942329134087915,7.603644192320994,4.319026824438992,6.151591864051069,-5.449648961600871,4.4127699648279926,6.0805989085375804,-2.786409202122655,-53.18616089442883,0.5255037881661103,6.306930755015194,4.191409693690153,-1.582259101566019,5.819223747202532,12.94507148432569,8.03975382404084,0.9153045129212671,-8.108015053232608
4,48,3,-2.1691510720155773,27.379839239278574,60.53094350155901,0.46639936906285584,1.1461823037257652,-1.7222454853628477,12.305806183642362,-1.2203659693278928,3.7077675928317717,2.9248440780949494,2.0904981769123054,4.965613285602047,4.426133785442237,4.22333867487245,3.818261854469824,13.268501360815508,4.287261811266773,7.791053996921134,6.416561916186594,6.040234317303146,6.841438360682617,3.493979785818512,5.686285087287927,11.075518504784606,14.702535223437284,-0.4800034947125471,6.06760648410858,18.129958104887383,9.216051003918418,23.889356208942456,17.164061195251136,6.068032719353893,8.03344885066787,46.085335913954694,-13.785668050927086,1.6420846919915282,-2.5885314370800803,-1.8323793320053416,70.73615490763288,1.32700311767772,17.922311236201672,4.589110821860317,5.394937195996871,11.686996305653848,1.9177632561498679,3.0652567435101443,3.6639936956315755,1.507496245250124,8.047435552676818,4.842847839406716,5.49317140353662,10.131115205705212,24.23443247368788,4.036234606295918,3.1208645925607255,8.696065309593774,16.4077562967957,8.064230395980719,-4.293173386111272,-2.4196537416996198,12.889420209634237,13.69117073049745
4,49,4,-8.657514672272093,28.688321024906365,48.05749394817325,19.526184013522247,-5.368286108172204,6.088214970216514,28.148164051516773,0.08061979055722755,-6.507726330122702,4.818393071068498,13.790268164945813,8.298724920375319,2.0890557368104226,-13.386633733508921,8.167665789221845,23.083573470755333,2.73073595137585,-0.6206128158458943,-10.961068516466533,-6.8587798150597035,-8.935280425167385,-16.918060504445215,-19.98420233804188,-12.882503297974964,3.8397007251340085,-1.3979524389852007,-2.71737220602837,5.7056806589158775,46.63098934256451,8.679805835572687,-3.839952069947997,8.85846319026882,16.4035274571762,22.57203437958094,25.215299370448754,-3.2120617763792385,14.435958606349978,4.7996532579361455,73.04853774043842,1.5943771887048175,26.567030452282673,15.350389023743036,5.733238746355311,25.68669227692411,0.44366021065904643,-16.403680456347953,-6.671730460519567,1.970005578906616,-1.4022905069769622,-19.071815375215934,-0.9333232609475614,-5.975229301773826,27.913166693797937,-10.71764653491811,-18.603044868060724,-9.141615993570442,-1.6390142043145286,-11.22687999608859,-14.112867575331892,-14.638568124802015,-13.272358615678268,-3.3844906402263453
4,50,6,-14.15040203478051,0.4861554997723274,-69.19516729763366,-3.29298744891293,5.100595217306023,-2.475611192140184,3.753879704126502,3.664266849072971,10.654980067390854,3.6399651031235587,2.217962180721437,9.94846947371914,5.619094711830605,15.00908251570128,2.000568526718915,19.178922283940206,6.256950440112406,10.060646534238648,8.99132521613501,12.548506944099582,10.575048512393018,15.432352842149774,14.054702772747536,12.361009720485752,15.634219159712872,24.35813763488947,10.66915232806309,-15.44201234484478,20.023408713546118,9.678309026798916,-29.530184502122783,3.0707203307893263,-0.4120592046188315,-17.151506091763334,32.24341569731873,4.721863550134003,-0.03315256277053946,-2.2302332411068724,-29.60899068705919,-0.3649853853417967,-0.4780694435736752,-2.6840992760730953,9.355261616772275,13.892042866385564,12.715570706368723,8.789633701112484,7.6123093436244975,7.289316573848936,9.81959569472934,13.674048029522341,13.91354728026725,6.839985271393346,5.220661633443541,14.442482075767545,20.641060120267113,8.66376503161723,11.255902173974341,11.30859259497828,25.59219531306042,13.27549470464767,11.167786538555502,8.127749329819007
4,51,5,-16.788531169000013,-2.944698659248833,30.371327448676062,-26.8542917822374,-26.768973272384653,-16.88123640000094,-10.655373268703952,-18.954808511042252,-23.489393350191225,-27.96830460592741,-15.050255631755407,-7.852715377099582,-24.46073169061323,-23.47274052315368,-27.060266603329552,-16.99551144065107,-9.721001014011211,-20.442461092842787,-21.368037177313678,-15.855535724722756,-4.419184255907766,-13.406269794841087,-16.809183450552027,-17.27988816188043,-10.084828156432721,-6.706587825458857,-6.005726660467635,3.2304300562558126,-16.518348812273263,-5.076654018057662,-0.0773197240082597,-20.903047414008157,-16.158673981840654,14.514972110506053,-40.379283859235485,-23.688287467854778,-27.676016877518922,-15.776347406571967,19.54293525139461,-2.7855132675570684,-19.536684931505746,-29.571816876167194,-10.452599911496229,-18.35775424301533,-18.335714340607474,-15.892480216852226,-27.751380673995843,-19.099723086987684,-3.844311892503599,-18.00093134129192,-21.76102850549831,-23.486278914165034,-7.453047551498631,-11.421261300809867,-18.047240172541233,-21.229853650782164,-12.75169568498074,-0.19097209885353197,-16.37989221875791,-16.62136910056195,-10.757268193393667,-7.05012331980212
4,52,3,55.29433904988012,63.71687829712545,132.1247512123933,21.14858906916003,-9.757847001815849,0.3359740695677611,48.69981903491952,0.14069674388653183,-10.326294171771526,-5.424505769962259,15.191018009961512,24.682441591671335,2.7783779508729527,-16.28531864459808,-7.3813879402274845,44.88959962238625,8.243379454045392,-8.25126874051625,-15.990310006461199,-9.487489928538974,2.843907472069899,-14.600847882468539,-21.724357301869045,-12.312668419102348,6.3110503569790515,26.33415304388987,-1.461121798697405,-2.7082044398071354,26.115852359289075,22.338993156703612,52.99610679687522,4.340793520183779,7.31856831892467,87.76124569410236,40.214405434160675,-5.229020802747099,2.8123392393789834,0.30897340061719436,179.72141851593815,12.636207520144014,20.55896530259492,7.1108449784266545,17.54320813417889,53.28700685137658,1.4060494233343024,-16.29084769912383,-10.514621930185518,-5.982889050731388,11.80924815589153,-15.754329377847794,-13.288323121281666,-8.690339529682408,47.1834937521234,1.5864441512605438,-16.179358957471653,-12.991413232756825,-0.6543883737063079,-7.046244306961169,-12.028466724041037,-16.735371049220973,-15.003367662066356,8.46336281115882
4,53,4,-5.790409103889167,-35.70445029183133,-50.65003615399685,-5.498110447624106,1.8393398021694227,-3.0025901221045506,-29.254462505259173,1.6501269726857828,0.5713865413989232,0.9285809165434673,-7.904039769865024,-14.036804346958318,-6.21479395118246,3.4134254786469858,-4.5443863329000544,-23.81536902548611,-4.858550039778754,-4.903165222974712,-1.5468117088283866,1.495727710596217,-2.014806436331483,-2.338039624084516,-2.809662082561901,-0.26017308176108883,-0.9645637157287938,-14.963188868197731,-3.049816822562163,2.7185085795694834,-14.04184175587101,-12.572480917703825,-18.484191296713007,-6.320294643082178,-8.25310444890908,-56.418175442644035,-24.12317337008286,-0.2281459144645983,0.2739412099827167,-3.840487411103737,-107.75461601338738,-11.84212772310826,-7.522652892623001,-1.1246341002349778,-16.351995499759195,-30.145989884690525,-1.0893834442263706,-0.06821758817972151,2.6175317737819035,-0.6692929167936484,-8.172550281490595,-2.123148168846057,-5.232746969499602,-2.482921384475135,-26.540543130735266,-7.563924387642517,-4.429138713604317,-1.9674267688178324,-1.7943313022189555,0.19148571790400226,-2.944731422232195,-2.5450963051762567,1.7962982353481758,-1.3147867589212237
4,54,2,27.98542722278251,34.300914153956434,89.00714794673571,11.80839579099529,4.315606585306276,5.659732483554536,23.187555238195685,2.258643639251228,8.509857410758102,11.179445606315651,6.97092416082941,9.603251089069358,7.932646797106765,10.598323019846083,6.184132622055161,19.293110018823203,1.1811269711157886,12.87176223308211,13.419054405139088,7.823124905911892,-3.943027028950246,-0.869290744158917,7.5719776599236335,9.125727941611459,13.303238571746416,3.290485269867067,-0.15220280309639556,3.9526209263812553,23.18246313893213,27.870343812718612,37.74154785802452,10.38466653541275,12.454752876627726,51.24852138830396,1.4254340323869417,6.850365974109133,7.724541112655633,4.867051277661743,87.24351100659946,6.851152690757125,18.763967503861675,11.431379822514415,13.73358961921639,22.09799701211656,2.3720117929141695,8.524040659208127,13.861119099989208,5.060416417605268,2.9020175980176894,7.722967779036704,12.626001603833238,14.19352010967459,26.393869434733226,-5.45364805111071,7.753923866170926,12.806166821395792,13.19111607098249,-9.381628718227148,-9.297730460944702,-6.020926306637504,2.579855105135495,12.455244731748618
4,55,6,14.905581521370053,21.477482476544278,65.42025305875922,2.0005138508702918,10.026652568860392,0.18688538253574216,0.8900193600324764,-8.83804052954585,19.547164003342015,12.681467336170913,-1.0385397949040212,-5.875935120826087,11.110943889279456,30.33013234741804,6.0247288154986105,0.18159670437254521,0.9797085805955102,33.85161553686713,29.74230059254458,19.48116468038502,15.501280795385295,32.35162613813472,34.688944606428464,32.64153190938439,15.563313550792824,8.53167871796958,38.73747214020751,42.40431810370305,28.730346379665328,25.625063866376877,30.54361408403735,14.455539918300229,7.290802630675363,48.6970326609728,-22.50139096928989,8.0311214448657,-4.356222456380748,0.30800082411889607,66.47711727968073,-4.9864731102489035,12.16414792658533,15.44450377254952,-3.599108906962523,-9.225393603828442,1.4131411306855317,24.206732418172344,24.58934318038021,3.0214393462690468,3.243433313080814,26.557447368415403,28.79968946717861,23.458917824233453,16.116222365782036,15.00655843038112,27.870288855055488,29.296520700541926,25.7706995570078,27.518459745660046,22.905670081787733,27.26064692982812,39.23652175214235,21.07794571540705
4,56,1,17.17092339234518,24.855274640659754,26.127249284042602,-12.463013635607577,-22.309839812277755,-14.928779617472971,21.4186948582618,-9.005967446960646,-21.731438165121695,-18.04940376573855,-1.8363349325046308,11.63067831443169,-6.019483813493537,-16.221515496045626,1.1381726865088804,25.685315574678356,4.658366482818452,-21.68472508163894,-13.775440034297548,-7.82173726008069,3.0427252122643997,-4.982845246564689,-6.395625686318409,-10.327900505045477,-3.1998015017952866,17.856158796697855,0.9363282252466543,3.619935825330816,6.67788243566202,6.401143923038383,33.06741396101508,-13.513453183417422,-13.353568527484077,57.406615089716006,15.333779833529425,-21.192351883345438,-16.85025807379223,-14.444678451127672,119.85510297374037,-0.9613402115362817,-21.227023498314182,-12.983021217395505,13.940089057812955,37.21444899461617,-5.046528090609284,-17.172485931310803,-15.148795871126536,-5.8433724659972075,9.62055957441151,-12.061674053542221,-12.500985197404894,-10.65682652365507,23.37142479247074,7.484910818362012,-7.895035909023136,-11.099951297158329,-6.483369963959132,-1.9229864287417295,6.479348833263828,4.459854705100193,-9.40179991699392,-1.0819093016999861
4,57,6,24.817117645927702,19.508252809687367,19.95531127131657,18.828655592279464,18.812297838917516,7.856682015410427,5.954500590644135,15.41503346561478,25.8060158149498,23.20127968576443,11.728180414906191,13.47947003001848,24.534161418585533,29.78786639846498,10.843296689390229,12.257322934490235,14.005268810566792,31.877042514340154,28.864148046548753,17.039897103759856,16.075836004666616,25.6939369705733,31.65953953564167,24.172104570196897,18.30693253892951,6.172823108914423,8.390741604107726,20.405145411356912,18.599843343120025,26.42522999136596,21.97492557105314,14.701660969953359,16.966390952731267,22.445695730289682,2.850693081655378,21.776621605705472,17.642207179672827,8.8716084694081,22.115174246588484,13.708905272730977,26.47019487015177,15.596433576459788,10.688394734772244,10.820896252830764,15.701038184053287,35.06530506873686,26.354575693388707,12.924386664168766,15.283165781792787,25.004013986504216,34.60164857169661,21.99562131041069,24.966861890242768,17.562975080337424,34.82126036664565,32.21598881268417,19.925556840693087,13.752930509880551,17.821924465708435,20.567674144784483,23.426245767129114,28.560310603551017
4,58,4,-29.52005539452886,-16.341319701089176,-29.064222504634696,-6.277744640794965,1.1535798164308866,-2.4515607073596457,-8.470192219550933,-6.05000306477361,5.095962080939835,-0.7625772367719919,-4.271439533799934,-3.780301247100864,-1.2257312372917457,5.904542127646866,-7.027821239913111,-6.145079375244677,0.2507211317012963,3.7361340089587496,-1.1390141108720684,-0.6230168678909962,3.280432286536004,3.5301591601540805,0.7510600191677279,-1.9811620550434554,1.0778771686117805,-6.290310845619476,0.5779754982511633,-1.7740179391452897,-0.8497204093330695,-1.4970062067050753,-24.02179197349199,-4.526291136091816,-5.838477175701239,-7.555423111092614,-17.07955138757825,0.3937126577493909,-0.5620438748794583,-2.7350194247371364,-39.19560000881916,-9.376667681842948,-6.458751256290895,0.050166109894833055,-6.140194950388918,-10.907635244484084,-0.27181043312316994,4.747247017011406,-0.47973042871893873,-2.201735496447171,0.16455043393482283,4.162540415915231,1.305990427403096,-2.4202110633344915,0.5007102989886958,2.7197980489127564,1.6531538414973292,-3.7690682066377352,-1.1372111085348005,3.7985056792556198,4.743335150954562,0.6261857708138068,0.1881855761904906,-6.726682643269802
4,59,4,41.62889049129513,40.29949452873414,72.32376778053074,6.484113025331369,1.0248045432040587,2.1402162359345995,7.340892240132495,-3.7675931197023256,-2.8585715835982164,-8.809597482274448,-3.2376638520622567,-2.639374867301697,-15.683554799273239,-12.414639681759407,-24.952110327961957,3.7354129343350415,-17.892939399927855,-23.044607546407637,-16.667536010534107,-12.689717257985986,-12.776139269605649,-19.82145486802726,-19.909690622149455,-15.831081026937907,-6.923806670962308,9.232627377007724,-8.277264188075717,-6.532399717809226,11.15124297346466,24.726729068206623,57.89866006228978,14.673676683113168,14.722629954175257,59.36457878016728,2.9134472326628233,1.0198764672230287,-8.776794391139072,1.418997999372972,79.16343647386974,6.330424016746179,-2.506862582604787,-6.693835924379528,3.8399629675692353,11.161831296844085,-14.54284700019876,-10.23514068662757,-13.931817216866815,-13.76691709831357,-6.388118844570185,-21.075596345997432,-20.700907649926652,-14.775287301256881,6.444032569347719,-22.93167648627991,-20.35190878626777,-18.795786996258467,-12.061794269875413,-10.946426205155321,-24.72866319992193,-22.471603742641644,-10.306210324531655,-4.881223632863199
4,60,1,4.575976509873463,-6.031766014855083,-15.122440160774602,10.132907188417976,18.00077845856957,9.473142630579634,-1.6076315953964142,6.429816467414902,18.758110638117277,17.746287344773187,7.326949349623708,1.8046573507485983,16.5361271307054,19.21974578196546,16.703278479529782,-4.916714585045489,7.630251531875357,19.806834469844645,17.850815535091407,9.242417984342527,4.153252492034125,18.676245134869,18.636601739040593,13.263977625679859,3.407044069001045,-2.5908915986329664,8.456926856008241,8.7296222636885,7.04524991956608,-8.005901772074587,6.647974729537964,16.773047617943284,11.858288767497712,2.4351922099183256,-2.20432523968516,16.059172265754057,12.58249015713157,9.144806603424062,-8.75700574386411,0.8838345901131964,17.32643714391558,11.569191752728536,-2.816240221080256,-6.467941114088384,8.482332159231253,22.63220979971243,17.151058117609196,5.989084755729245,-1.6746582306251383,17.550223242173466,20.500396333194047,14.244014126918746,0.34316414340240203,14.177446554891954,20.938232298085758,17.69503954979705,4.915228658225159,6.1132160702992815,13.665153481880434,18.347679599937873,10.825125011729028,4.980386657130667
4,61,4,-111.94536968266087,-182.68989369927382,-304.6736207008362,-22.663428297820033,2.2052650862123513,-9.77007439553102,-87.9084109983793,18.61249655544213,7.057564657343338,5.89158266114367,2.6958459920630378,-24.376768370715478,16.547338374958535,11.04802623848862,46.17033770898495,-51.627711796179035,35.27889602894826,21.441565130541967,11.620024633503006,22.81985987615543,21.550212960599413,32.16348393670307,24.182244833536068,20.584982667663468,14.680954132774263,-32.13083440428829,2.6150841758495638,7.260698673110909,-39.759020843156954,-46.28012182363651,-153.38313519373162,-27.695991598978264,-34.26643926495821,-282.33831048593305,-18.889748779920534,4.738450778137171,-5.471251740861433,-8.357140991507412,-352.67456725167057,-26.093954666086095,-6.4335862287524614,-5.4952036828347826,-15.51893887461005,-83.17947803037924,15.629706480245035,16.077311016641932,8.002776663977558,35.67664094051211,-4.668080544104893,19.62411247241516,16.875062602117847,13.131290347008713,-54.15637392314467,45.333663755982364,23.70542113760076,22.418421962412026,22.908543880120295,21.349155193167785,43.87822455821969,44.42216224132516,18.02651169542621,15.894042669318427
4,62,2,-95.22477232392245,-141.38990897376365,-249.9396095799238,-1.8103831458791402,9.057368382236572,8.604977436113833,-49.84487606076208,37.69033296024654,10.464903869081242,12.645746876542434,21.003456081746425,-1.4735129620062124,38.386921556053174,9.49702914013732,54.13988496336831,-13.017168204595407,47.66973670733319,23.322384162556098,9.09312159419855,27.96240401542858,22.360038558611787,19.807042001405872,21.77407546866709,19.993403033251177,23.1299586225778,-13.99429808157247,8.310963179234687,10.714379391110525,-22.654063672145327,-30.958711213454983,-135.44612787700277,-9.79314136799288,-12.66156917125578,-217.30688474817978,18.55069338871031,14.806189013977257,12.829791093472297,9.195704815516015,-266.6808806686867,-2.2466894648060554,-1.2680735158529615,6.359216826638525,5.186918853225594,-49.46234153828966,37.80714294989876,15.196273911517208,8.277406248775108,44.702014832939106,9.785700074724272,16.62309562260422,15.303227891810474,15.59974434967267,-17.751412215301908,49.004924355256456,15.743915903790878,23.99021288288031,27.163243210533775,18.425840853849753,43.02627495474114,46.807362984139,17.672278369072732,15.744167188431623
4,63,1,15.874395756914117,-1.547216004805592,30.878692260477692,-4.821561920899538,-1.52387585000649,-6.831844594965618,-19.25305149767821,-6.575179035455221,4.022947328233318,-3.5204560122872866,-14.536083248716478,-8.475087559035211,-1.3324557649917206,5.975010668654448,-16.729437608362687,-22.441554434960945,-7.655285488760169,5.798396919649549,8.806647044879087,-2.155262762408069,-2.6985776673139257,13.467493953347978,10.205626606268288,7.320961284246749,-6.417873224334384,-12.605950526586478,3.1392985407899077,2.9885707005529074,1.5258972787911569,-6.802669356861034,19.706698846707994,4.29227739309029,-4.61670155102024,5.309247227904539,-11.885376984298947,-0.2763997618529217,-14.240801467083205,-7.099524595661136,-1.1658727636322286,-7.7071561408002065,-4.391243719189177,-5.7107946262694895,-13.130798705274286,-23.36894436022154,-8.735206038273706,7.46835634680238,3.354047832113307,-9.911842097278406,-6.180537658879847,11.32248072058144,5.410956174907524,3.607522736153728,-18.531057320326493,0.18497320871073175,11.165754187034397,7.770216135876023,-0.6319113715052043,2.4394207656406217,2.8974608936369775,1.9052080472238444,7.668780315644679,-2.532016655716975
4,64,2,3.3677504175774224,7.533962391680337,38.55806086176053,-7.690219166802196,-10.5752890081849,-5.614833214660968,9.67484515109214,-9.483752821151889,-9.634710087236476,-10.836663924816364,-4.1840667841365455,-1.40363452481333,-14.01943035859887,-7.858211702826184,-18.468499968578,-4.196392476399674,-17.091166892066227,-13.548660128331955,-11.387595072314816,-14.788487178886799,-16.364976682859215,-20.506744963366817,-14.914224888675104,-17.473930641122884,-19.681370227029785,-11.11577384028493,-19.577934502646706,-12.220804687771134,-14.790596122103864,-8.272292400460419,15.56147785554356,-6.028891957995318,-6.078347863674886,25.21181352003249,-13.854147682920468,-6.409022281491535,-9.539284147776478,-5.158880055972899,39.81211506159092,2.591394240184257,-4.058187075481726,-9.6548922584767,1.4429282882000987,9.10657282085044,-10.701354310677457,-7.677784353721794,-9.978617299189118,-13.247029757342954,-5.759758741163266,-14.001203951948298,-10.729043506063151,-13.192449027345887,-5.157077070899164,-28.240038534853515,-15.760885663330555,-17.26273257412561,-20.381116729138846,-22.36892233475498,-30.710448579453868,-24.605176453728514,-19.143606005486387,-23.703760378153568
4,65,3,70.4888318144694,101.44525943878217,134.18163845997026,34.16419486606083,21.497948749456555,19.274697927235643,71.01129800789973,7.447868158427497,11.645123806236894,11.387704360639535,20.905025164869322,27.016973642734573,3.9565327162967936,9.067519594547514,0.8660564368318123,49.62082753375899,-5.191453691049503,4.553882038379772,2.2233820111013767,-6.767560730052252,-8.747411451734068,-9.854737226737711,-4.691770469724409,-5.434077723542369,4.450927213379518,29.20845950553874,-0.6448817859608198,-5.8740884474047155,19.308287704590615,36.549920115256455,90.54897793146166,27.797798969587685,34.08396850903407,133.95362366772275,46.171244532051574,20.282150400507206,22.631444684933964,19.872320316720565,183.73954781817238,29.352204987955275,24.31143546281611,17.128362701410754,28.963890217392283,72.58390848156886,2.2683578334158154,2.680253164342988,7.574305241677644,-3.352299639523576,12.486168162787916,-4.482091373286956,2.7108598173391556,-2.4529703503429197,47.61099286695441,-8.226671917918395,-7.324742011317028,-1.3504417358057128,-4.302833068547997,-7.3362481825780606,-9.466422536586435,-8.88677527146732,-6.348573743365705,4.067343902842306
4,66,5,61.800852396922934,33.534086378223115,45.21118275321472,27.417362691789123,1.1985119310798238,6.311246997568896,29.123283193250792,15.391048567869305,9.839089705086337,8.606496306817698,13.515059558265818,25.201716968289944,25.75394834300913,9.605917458218055,22.591495392889524,29.077924970083128,25.248058696919124,23.51071224116334,10.576927964462014,7.959822447788785,24.952219776264062,28.07930186955351,14.608912023465802,8.081833880031247,11.040136713000784,24.846194530473785,15.967417670612623,27.303797815903643,-3.8145465769914333,18.341243575849553,48.84332431693813,4.09971000967411,4.009408800953592,7.698895230162435,37.69880144661519,7.570578849170264,8.758491591963544,6.614920759945542,79.30590342666393,16.751466597362263,21.74196078805481,9.131366301702753,12.577704103459137,35.2905989611811,24.034554805072812,16.66236757473429,10.020959472329146,13.389594915413813,22.50341253191596,17.398905596854856,25.000211084397836,13.062963623553514,28.156064424391186,29.112377900493932,20.451016891520563,14.178626454321716,7.403471538751594,23.23548138298369,23.419175943132583,15.517791477599879,6.188492610232856,21.456677065208183
4,67,4,10.465122328844016,58.27739154783693,57.52465957984691,12.525702178330597,-2.210182158043608,9.481862503399212,56.68815024669579,10.332162000761343,-0.16255079748154344,5.080500278925726,31.625447073360764,30.715737205453028,23.527299196073194,-3.7164108541896326,37.52648186537143,58.03755363022406,31.40604267130811,11.02434726206518,0.8034443166291517,6.011616307214222,12.173588901247111,0.5189148118696764,4.580467296582533,1.2599329088882705,12.842641413666119,18.45540931920816,7.876503504267559,21.76418639391251,13.456676209879271,18.49895365062601,26.408216608915385,3.97590644190815,16.616987473944715,81.08783244214405,43.90806618768995,1.1848639811548156,10.86739092212307,9.941202929039012,173.66822530874387,24.423645308468398,11.493609246684285,13.134371822018446,36.724632819978204,64.17686376775187,12.856595208448145,1.6532739985779668,-1.1447507738811549,19.445301977213376,21.40339697824744,-1.1202305163705413,12.63437185429672,6.370078237727284,56.288853764534,22.448755470763253,4.115423127599968,7.448064845583473,5.991641668991821,0.8267516767288119,24.244070069364657,16.64440347979316,0.8474256718224616,24.032839378489683
4,68,5,-14.177217026036697,-40.43491340483108,-31.296979820946373,-18.34100310695244,-12.986922235568844,-20.056921933754904,-38.064333118316625,-14.369445620127395,-7.987074492277764,-12.931128747443225,-18.75352123307017,-21.535078937687526,-16.03541690067435,-7.764184433512576,-12.45528830901333,-34.84574772308512,-10.72818026909742,-14.333539349685726,-7.422036545260284,-6.011419644272642,-9.426298421075023,-3.2794051766282015,-6.753279096265205,-1.373858317178417,-4.579243636054058,-13.920026909718963,-1.54434215109341,-8.025067855638069,-7.866472572292678,-20.7748620614591,-22.119829240732084,-10.373313292224962,-23.44149993614452,-55.92356269097906,-29.342447155859414,-12.909733459026924,-24.448089117320585,-20.065641739019533,-108.81398280946222,-20.84526508047087,-16.564756110137353,-13.057150329724422,-23.423109694225023,-43.33767399846055,-16.756820896333757,-11.25674361595884,-8.126186807469535,-10.68222104440012,-16.787864695252036,-14.446885672908994,-13.53514334540132,-11.19101741469307,-28.59598753365074,-5.12291913621536,-5.18167392636945,-4.143472775480448,-2.6725712642300743,-2.1075334518284694,-4.243400696108524,-3.3123392765750994,0.5810788353144123,-1.2887802849546413
4,69,2,-1.5621202486317312,-9.889048093702739,10.854628144240962,0.4715024305552973,11.239238590638083,-10.106441852142577,-12.618822485935407,-24.59020650143759,13.024292551526216,5.500361307433281,-24.196570222850934,-24.09251181813093,-2.705013767165904,13.812865265985812,-13.268424908471552,-28.451837644344433,-19.661504649171018,10.038344389872577,12.628525867513032,-12.838030217204055,-22.194515655203386,2.3528130551027835,3.584018495660729,-3.8134976063923154,-26.09694854392694,-26.942822883564332,-9.048397189551373,-3.4693173880166395,-0.6517220401182428,-16.953737679051187,8.937465798564071,13.443345169105175,-1.7175905373765223,2.067496985923953,-17.78632402638111,7.4652093230610355,-4.108692023516974,-10.887999359541006,-40.979167234606855,-22.504286687270305,-0.6860768180794841,-7.3185245901709655,-24.284784208165437,-26.791996294405404,-19.035941786791497,13.90707848420958,13.26857789599041,-14.62296419336302,-19.960916845050562,1.8086894824703401,8.658017469524616,-0.7473666790259506,-21.38537830695873,-19.915711657132764,9.142610181940766,0.3312973134764823,-14.735862569690381,-15.609469431560345,-9.902422887801263,-4.43667841936666,-1.5846630547241105,-9.912694386592724
4,70,6,24.934954784685605,20.55811313294419,44.24845488115056,11.96333055670669,6.102638667313066,5.82128901191328,-0.5888588681885212,4.543370087994491,4.3238456479569045,1.683192347766969,1.9510797988169077,1.5201278989453133,-0.3811137246950415,-0.047871392367908217,-5.785677693670663,-2.5503958795651243,-1.3197803621268367,-2.7798748347523508,-3.210586632187363,-4.235620560442528,-1.1094563863262894,-4.692874027688691,-8.285372116194083,-4.8232774932119185,-4.628207840888604,2.4820799511607468,0.4441082017814242,5.651176548807135,6.154520301466307,9.61117321105742,26.85402947845981,10.820743272444469,7.4317288350813655,16.95782411652731,3.3243699848152164,7.4253801419513294,1.0668191397335465,5.794102397270316,26.469003810388276,9.111085674038346,-9.092444143099025,-1.819474498173449,4.448982250490562,-0.8665152795856998,1.6434723952012842,0.8137267730085227,-1.4926135178382802,-5.842826173589684,-2.0000986859668046,-0.702740587021521,-3.255037756773032,-4.123563647997088,-4.773581327189033,-2.0542422300431795,-10.999324110768194,-9.971066632785092,-4.357686745584943,3.686732918205788,-11.576185110127318,-6.481632569554927,0.16677963052217482,-0.23490975449634058
4,71,3,-3.245378331803693,22.221341385716197,43.97855655476451,-5.1833128358532745,-13.892337779718918,-12.054582397203617,7.376984378629614,-10.849361241817837,-22.309916159365233,-19.842041395786328,-14.38133424073004,-9.156531283223048,-19.943837796406047,-22.59675145721655,-29.271016987358628,-6.840804788885953,-26.264886390747172,-27.975363528946556,-28.981985437615638,-27.524338476904994,-24.862027629619323,-32.29457622493911,-32.68089121979913,-32.737110690736216,-21.855667691041766,-15.621390877768587,-27.983722777582894,-19.736737422826806,-11.44382552639013,-4.31049272872326,9.498285899438505,-5.938142896516296,-1.8351110523430307,36.631042353127434,-20.983109756759028,-11.674768929256173,-16.070438034650753,-11.371914837872845,58.35559659653409,-1.739095053215308,-10.777056960377655,-16.154805887763086,-2.1963484790857604,10.454435761200218,-22.05862679287065,-25.73152595576718,-25.247272004555075,-22.520349461948737,-13.889474823434908,-26.176224326124274,-27.591092047417867,-29.69790422825553,-8.533820456666186,-35.73596383158755,-29.4584705508655,-31.804246398972396,-29.754637285430956,-27.51370646861358,-43.62258598571869,-45.48160531462691,-31.98248858810063,-21.152490055006826
4,72,1,9.92953300998523,6.822043000720441,9.52394253957062,6.267801135295731,6.802560135290575,-1.0357643866502673,-9.041546021542723,0.5590170377456571,8.532738751345653,4.293228104310935,-5.553750937350283,-4.580478362262062,4.5867177377704795,8.023439627776785,-6.32853359641598,-9.8116190313566,-8.278608284697565,5.521526922085658,2.6457018190767734,-7.354846041867512,-17.075999996011564,-7.623761002792092,0.6080577954104741,-4.296429459641617,-15.638666396472232,-15.973558974247894,-12.433565282603588,-2.6918903472833335,-7.996788560367401,-4.025602700166043,12.489774214580843,9.775592567626294,7.935651854589221,7.020707695142979,-5.347349872312892,7.821245510551352,1.1856290062934862,-0.640620346476394,8.984353740194171,-0.42275661539014,8.90254287548908,-1.5959943893660884,-5.614166635701935,-9.028957927247463,2.5056386081907887,11.316973505473534,2.9159714114715944,-7.233206153608764,-5.8439844877391005,3.346846936475032,4.4875000163731045,-4.318371168678485,-14.763398757738225,-18.826754245452772,-0.729293289162763,-2.937005912794212,-10.211724042460856,-20.474128044551097,-14.70685105218846,-5.413283694580919,-1.9194678589701653,-13.383989430850418
4,73,2,-31.08991213978789,-61.71755567556471,-87.04400506688323,-17.311172052082142,-8.942841896764573,-7.563727687448031,-51.34835070662386,-10.790770403641169,-9.799216906469816,-9.583352933518542,-15.62526994596077,-30.925875330480146,-13.375542725470456,-8.072676963872766,-11.169622274706283,-48.788513738934604,-14.281220691028706,-10.512370920740068,-9.194011107532923,-3.4077871313471935,-14.650959365887614,-10.091089364209374,-9.236222339044442,-9.279963325402452,-11.800419171136332,-17.861196310475187,-12.473208693299076,-19.75806707655443,-25.423350385640095,-27.00970714412085,-48.79018584911415,-13.239916239887846,-20.567062266534432,-106.1446895715667,-37.15711451921518,-7.536410077384148,-8.710062876991113,-7.19734363287415,-152.57626036899848,-23.8523790105814,-13.880525654999586,-13.8466517687548,-26.408096521365916,-55.13414861661634,-10.561367838086973,-7.014905528665137,-8.082281875575998,-1.643242973663913,-18.47435686809989,-6.211581391782116,-10.3453509682426,-7.293272150282908,-50.159651836244095,-13.376165648388511,-9.409743891932386,-9.722585429641896,-8.770074250284445,-8.568994644734008,-10.089406601765202,-11.467952656491496,-7.5601654334856985,-20.5098920542656
4,74,1,-5.297631725487184,-3.1024743296751183,5.833024527241547,-1.0029503797073023,-9.715777782984535,-0.005933326572500119,31.53273111961573,8.846563708854886,-11.450338278465512,-3.9966021162662186,12.639868085000032,27.370332693249548,0.8774750600228207,-17.88839373713722,17.621325603981564,48.7814880689243,22.303491112526224,-10.305445327437715,-9.821628326731851,10.50830601623691,19.575836568207635,6.738265349007236,1.3853316176228394,6.931236988524116,30.201630360560443,22.706513572734128,13.71665278273611,15.443203515554897,13.16584172285241,21.663613690812966,-0.31655678153038025,-6.901996256988042,0.9443923526943243,23.72672922727539,37.81348068795236,-7.428101105615497,2.8883368587121367,-0.5389878567444492,97.8003000747867,16.03971111884329,-9.603120011572795,-2.0563401287285283,27.405758109784873,44.0612525671902,13.280750613114446,-10.82116944588176,-13.623696197096892,15.287121413861938,19.59681645726853,-2.508173722932796,-7.073518258451323,2.1877599228173494,49.66165103738354,26.043296845254996,-0.8601994452112172,2.8781747429393105,20.664313003511683,14.140698691421164,20.05359989709063,22.341276752149177,11.054232438083554,33.57969558238983
4,75,5,-46.76059487243977,-113.7682867689831,-141.16144615847892,-22.037144230178942,-5.42992557428505,-14.26185795185496,-66.95384325632239,-1.9776981335996457,-0.8268609927646355,-7.3104057961438915,-20.840631976808858,-36.08640531686749,-5.8356142260770225,-2.439879678872629,6.523636063015682,-60.73374941000128,-7.6503901166228125,-10.260251070670902,-4.362177754729626,3.084455572613857,-18.509804282996168,-6.765397262759507,-5.405011879711795,0.016871358654121593,-18.5103396724955,-31.83738818001459,-18.048387622687873,-18.509946354625114,-44.71009001208517,-61.74038224685479,-78.55090984774797,-17.82323569059372,-32.789986944416675,-166.8365010459248,-40.182509530608264,-5.405263239869895,-15.450349805713355,-14.755902756891427,-273.1044361184284,-25.011761193413573,-25.755620126044615,-14.890076042618603,-32.143848335779296,-71.50276392116777,-3.0595201459690586,-3.2030141972255275,-0.21715330031541394,4.152072309689573,-25.439762981563067,-5.187366924182615,-9.570043824546364,-4.271778142025054,-71.03633209118031,-6.5923673385504395,1.671576699832591,-1.669817570960376,-4.56076600046533,-12.135486296446228,0.9550571397071852,3.564251572910196,-5.509430854172423,-18.361119883293966
4,76,6,17.04598338393176,24.754428979554547,90.53139571009613,1.9840358774768327,10.20105925536283,7.590324084696828,5.12511548741221,-6.193726580101638,8.984058669552478,3.4313021088586884,-2.877005553049059,5.918638009453054,-3.1978456681287617,9.641047792798815,-31.418335801944515,-1.1397025609934106,-1.7145747580656376,7.314984304807719,6.949583580342646,-0.25672017519217316,3.0944757133703855,11.117882645688951,10.525833151178297,5.611281889638432,2.6019497598498704,5.0617604637326865,5.2285728380793906,-6.336455757968222,18.77392212206088,-1.6784717545684196,26.789592646970966,9.017659429517552,5.995586311989801,40.578571424251635,-16.025101733543746,2.2925940064895083,-3.582390492739407,6.9681705166472145,-8.588739822789027,2.219808899888362,2.9256855624404214,2.736800478780556,-0.9874340492505133,-1.6979983639562635,-2.986822417937219,1.9621271099625512,11.330391937230784,-2.556460417846851,8.737511684942035,11.417731896133681,5.689224569728915,4.257245267480157,1.2091221124297244,-6.698479900091166,9.607064682547366,6.035907123374138,0.4959898055644648,1.4030226306420488,2.06686293049829,1.7080185314776697,12.905187941451628,-8.018271148431952
4,77,4,8.742800265686904,16.511366611392027,27.821827347685627,1.0612134751068751,1.6837167498405756,0.08419294745047948,0.7100834323138727,1.3183161280956968,3.905044467347423,1.3460381156154444,-3.7973365718498826,3.0753861992824345,4.651231087707325,4.928330283805093,-4.336990918100969,-9.098628947647606,2.0359830732383553,-1.3438416933640838,3.3457215285814597,-6.635736858835674,-0.0875803169783031,0.08323136798855885,-0.10016839864958926,-2.4071095060193675,-10.054800663007107,-17.13712597851891,-3.66541424360717,-7.286005730275065,1.0024586963302609,-3.475906308217929,15.74621066346583,2.9306464747656373,4.411043490578488,29.38831883378145,-12.341144273670883,1.3015540261275893,-0.7407012136494066,-0.5458063082996671,28.044782743221386,5.625836695657996,1.8163274237204605,2.385648745657286,-4.0163256658650015,3.5140854062103672,1.3652040769641336,3.7468097926956534,5.647647216143768,-6.748329181224108,3.04583944011162,2.87421911562475,-0.5668847454121185,-0.3042200607951817,-6.133485781301449,-6.797347924453437,1.5608201684748262,1.5728508368497955,-9.980059450837247,0.22704233811804772,-8.110003845130164,-10.089406600767159,-3.1858805159970003,-8.30524834013749
4,78,3,37.665681411057896,71.81828267908674,86.80210207193721,22.764601859831945,10.5868825288887,14.763835842357711,47.68828000128269,14.555172792749433,9.742232280703853,13.201846400860743,22.42161265889001,33.52133440911179,9.858507028638906,6.884611306280445,6.070961210694978,53.79331175614969,17.528981215184228,12.589887736910365,7.479327115934436,8.234288074462333,20.078972660357177,8.4878066664607,7.87821921435889,7.081549650376162,18.46633644688238,29.99269418009533,18.805064102955626,13.405166033564551,37.590787365339786,38.89792511624668,46.39626527550378,16.65307945094821,27.686561577476372,92.1893353607597,20.773660063198427,15.950163994336547,14.62582712970311,14.610736838064899,154.67423197699745,20.75636253805784,31.860783058731865,17.462544605135918,27.695368743291503,52.14579615360351,14.022009104944576,5.324927531705215,9.895615283064776,13.781777927368067,25.71481850360544,9.354354700554877,9.356977170492272,9.349273513820835,56.62193259524134,16.203540519561344,3.6346874061699332,6.71355929034876,10.75181549594442,13.063575476890703,7.922353531597414,6.002809121023593,9.135212592962315,21.336905830005964
4,79,2,-7.674943228138657,-58.661062127933285,-72.96522967490118,-5.492395530329877,6.183640938070486,2.3257903471225636,-39.079051810793764,4.785295068536227,4.960892819958488,2.8404873503874635,-4.391637008126097,-19.857962113782392,-5.345142722720421,8.586947661847235,4.459089731275127,-35.86986397315817,-5.112516629418764,-10.595318162468798,0.1137615442276001,3.161852034194986,-9.509212951942512,-5.227895331546301,-3.3250255188563944,-5.267757208290984,-6.996427926598354,-16.466172169314746,-14.524708226459433,-27.926235710520583,-46.64889864637173,-40.309164931861375,-32.934453400442514,-1.1088773130507388,-11.1947763234834,-89.63466743652411,-21.20675386101142,4.266740878294339,-1.365521048456885,2.42626462889645,-158.88902612430292,-5.725392975344706,-17.097504462989995,-3.315245876556531,-16.43647238521315,-38.7407941156771,0.1632829025932936,6.673216502114042,3.680395096790319,1.9091854995434605,-12.386021840227091,-0.011823062614607083,-2.943988315897376,-1.6011410496402059,-50.5466003270774,-7.2573658779076045,-3.1564212880983264,-6.132076276239102,-6.896554613599507,-2.8782183818154286,-11.125094482856921,-9.999356813092787,-13.028991472975518,-27.549175778403878
4,80,5,-27.826307623488134,-37.88440817739909,-40.73703535809749,-23.701203292849044,-18.631793818777286,-21.700733168062012,-43.89660372167099,-21.176923032577438,-14.050725450966413,-14.907548374382825,-24.56817730570711,-26.097003267305666,-12.33150672512811,-8.76932031152452,-29.48376685308245,-39.52937780066235,-12.231513265128507,-14.752570113394315,-9.275319334119558,-9.044365140723018,-3.8567469345445455,0.5860943443868771,-1.895570470042887,-5.257900976462337,-4.806362421581204,-13.911602208033065,-0.40365622589001177,1.298909633965572,-9.848465109459783,-11.416049143009841,-29.516722736653033,-20.27958251127018,-23.634034724076972,-49.046162936018774,-42.086406418463106,-17.36214699296328,-24.89899404237909,-21.92320782225579,-87.19308274402846,-21.021431049559173,-24.097330893503457,-19.95484135127287,-27.70078859132966,-42.09614235816934,-19.395802478237854,-8.922987489711224,-12.132634345089969,-14.786607795735678,-15.212992259641968,-9.690711232333836,-8.977415060056611,-11.33454418554902,-30.255489765507406,-7.462171610353921,-3.467623703211558,-6.593875254935967,-4.410366063557064,3.57989909681605,-0.656125816289425,1.044735522537561,4.717853339655871,-9.405438675002125
4,81,5,-10.09415991597513,18.802397949075917,30.603855124334014,-9.505071486170381,-5.073321226104046,-6.627902071957093,-3.646084305523645,-12.035733178331771,-3.4003785869969803,-3.1237602914185203,-7.582041378076212,-0.5086761174678076,-4.472584701995029,-0.06786790279822089,-20.779047124303595,-8.156225242038689,-3.6872573632281274,-0.2704554813255271,1.3237468487378667,-4.606364630560233,2.977501667547612,-0.4678089140116515,0.043566178962041624,-2.4379675131881755,-1.563060238832471,2.6184605614895475,2.8759783335348077,4.9056456834077835,10.487468136542644,11.670529230084641,-2.2417284767484187,-6.652192913387658,2.1526840020925158,18.686112212153475,-26.8423156262171,-8.014916633482928,-8.713668835186121,-7.447780774247542,34.69934728303243,0.7359806808711188,5.175751453151974,-9.296594343488895,-5.125541628906271,-9.660312169628984,-9.938624195090103,2.1622015639497882,-2.8634778842466235,-9.19914678314973,-1.9407975055822524,2.3039581516712193,-0.04117311591782058,-1.9685085888827074,-2.1272895613950737,-5.363915264507095,-0.3531731646394405,-1.241050940631638,-2.0443641409070636,4.470869268067102,-4.652607854296702,-8.911076966536845,1.8092248476814605,-1.114297048767983
4,82,6,10.62195837471588,26.650338088230374,20.7592363475663,15.700338805594086,17.043371971554635,13.915328363683528,-1.1802418811045154,3.585504675499821,13.52273023443115,9.74911630321748,4.28244305306637,-1.0521003320336166,1.8598936163570465,10.525854965842258,-11.686930767669365,-7.944404337058274,-0.9027493703974088,6.842301785343942,5.481512228526722,2.264598869309737,2.8082525148851474,5.642161800821381,6.527242121956789,3.7111111374730936,2.629136227360903,-5.164605849847713,4.826970888880966,13.841297549473841,9.058548492574692,10.00184814595594,20.337397491968247,18.751751070160697,16.429511897720207,28.28748379847627,4.279252381944214,19.5009863491102,13.718488303081298,13.53868375088247,19.88369537568538,4.387845354427288,15.100541962174375,6.255650137646253,-1.4174463865006477,-13.9531576732662,0.0022946154676017905,15.853984063445802,7.393691765996291,-3.635823739828863,-0.5950982049505066,7.329331454866358,5.276181977125816,0.753453096306724,-2.7630145335342835,-1.4423053582289782,5.833101026600273,0.5337100475799378,3.2648940662592185,4.764610179098004,-1.6237053852187568,5.119138392585714,7.704708418990602,4.045140219307164
4,83,5,-201.32673652579155,-239.01317945340796,-334.8159603549212,-31.751239276877275,-3.60118499820734,-8.285743608559692,-79.66959950400559,-0.14357054832096175,-6.870854124972003,-1.865247853304737,0.57700294984232,-32.20953081729934,12.583724887859889,-2.1487284360408068,61.83025738996706,-58.33612455027857,21.849756174243797,2.32007537644978,-0.6448928224967737,15.854967508112964,10.146587827373533,17.976345495851813,9.840204282595609,11.726016925693274,1.4952032150609829,-32.66735253664777,0.5470520341513334,-8.009846266366193,-27.32245035274183,-81.53717483253014,-207.39566570375035,-20.445138302518103,-36.65138869205625,-297.90929431450064,-17.09989754537621,-9.73579634403492,-0.2723786040129718,-9.021429256516193,-391.4996085166931,-40.7514155390786,-42.87795109061024,0.5097469522776772,-22.91446623081207,-101.33785693093036,10.56099640362237,-7.958543927033957,0.6675445896845957,31.34984504960752,-11.287011548922186,-1.362286578068827,6.933138320949383,5.320141545746746,-45.8393463287048,28.685764208799466,12.98955567957969,8.772259553610466,14.60372165872194,8.563487319275737,54.475138004960115,51.44296833000528,6.2965173279730315,11.727153307690118
4,84,4,-23.456021964822604,-14.002755614679032,-4.361729752374586,-19.792661970651647,-24.320013279504153,-21.302758874689662,-15.974957536996854,-13.80882231336904,-19.68987127320794,-22.875074234700254,-17.30901947617531,-11.910093892956294,-17.886896699485256,-14.127149135964663,-25.930824579262172,-14.964085000498985,-13.057958895704013,-10.577244856349404,-11.612102343019373,-14.36327182401607,-3.8829827932868044,-6.376820252824958,-9.127989868897512,-10.620166331293946,-9.64347358511352,-1.0439596279728685,-0.6088881785981357,4.524805052898729,5.738844283538441,-4.381955756010806,-17.839779165760824,-17.70263390170364,-17.965210889261684,-5.360047048968607,-24.25017841087607,-22.073487807337834,-26.09768066515509,-20.211495934463116,5.518008708212772,-12.647385942772399,-15.61516242201736,-21.846478153292733,-13.493686033639962,-16.484573393969285,-14.937335553147436,-10.90381071534825,-17.196547331299822,-16.900271256885887,-8.8090401485338,-7.8798035188101005,-10.254208430211996,-15.591101089776375,-10.373509969744019,-9.876066808338939,-3.8420390727498175,-10.142315377156175,-8.831069066478848,-1.0216029089784655,-8.536497596446878,-9.589941989017152,-7.5803804467205085,-9.968367652013535
4,85,5,11.530400778496318,-3.1926552893099833,-6.118078582511259,-6.884054088567545,-7.15560230113021,3.3998540764129364,4.8481802911293235,-2.344847136358847,-12.224060954685065,-5.868176961135934,1.087536755619887,1.3547469281432467,-8.446819236601435,-12.449365798418016,-11.266730883999209,4.759441695283961,2.916987616120181,-9.292474832203345,-12.207899875802596,0.1538528906772068,7.769571499353871,-1.616089217660085,-7.8600146802392095,-0.3793982010016709,6.837996557988108,7.198884275594224,5.1619614105580816,8.356070055376463,3.0715835549891333,-0.2480768912788425,8.412322559041856,-9.034344995223988,-2.022750392260894,1.8225667520721505,-0.7656804345230134,-8.463362819583317,0.27795142115934285,3.3100336726823083,-2.152399920835731,-0.4188666873861383,-9.548746934183306,-3.5720426047550218,2.7223549760060313,8.421315534392418,-1.4682680589782953,-14.676463065214643,-11.17423346225263,-0.7684449388009558,2.9685305188432705,-10.053216154128451,-10.649636547914538,-7.59497908882161,5.769713228943233,4.240352008230531,-7.616046377292998,-8.735282561767322,1.2022162348758907,9.073627828188785,4.716542059862302,-0.8560581018285056,1.282617374311953,11.851688861665197
4,86,1,-44.863713488584686,9.513834995092685,8.52313388311645,-2.9388198084765804,0.008665248842503415,-4.428625085413814,-5.653318249404695,0.1347852308393982,1.908934186099144,1.9210194923983122,2.0464839928374596,-0.9333341211512155,4.214990368005026,0.3102737349889645,3.382031957959623,2.598955748784469,3.115958312390055,2.228528806076543,3.780825683937932,1.7509728196735794,4.936591225131078,2.9032851060534366,2.0358302210253214,-2.5846629787872453,-5.541031917511692,4.262359157840653,7.209417994792867,4.560995493538494,3.4800367965476577,4.9172282213935725,-36.200429221206356,-0.6226889576902025,1.182591206916584,0.8117708303375043,-11.079998556990176,0.6037524005329975,-3.239018724220471,-4.173937346882805,4.938831043134373,0.26053368531894605,5.902837499521854,1.085034365175156,3.256381870315568,-2.0020655684042485,2.143374092240889,0.2179181833635091,1.4265923637260731,5.883540252677914,3.4244728969671296,4.506032382933103,0.6000811039220306,2.693212489711074,6.143582286790202,0.9610778285962738,0.9068034175703896,1.6540933645262246,-4.782038650327794,6.415458083334496,1.5766643540047791,3.843601629319717,1.2461428925758464,-14.82913588205488
4,87,3,17.098564450061186,12.795971960101907,36.12446443155044,9.163164124176719,-1.6441826312192265,-6.264413659256405,-4.1032284175431935,2.1474171731743126,1.7102038803533108,-3.0254604427325655,-6.482845488262769,2.4810091596176256,2.3467484528153393,0.5946283065444213,0.1831483668782572,-2.3800540990061303,1.4784848366455148,14.458107737375707,4.611478402938057,-0.8221842356639474,-1.3238452133841867,2.23009121401247,7.134370977604166,2.979872825419211,0.11097514846294051,1.7622167033131992,-5.779602230106273,0.4899690383818085,3.741499283419148,8.075594546307425,15.616419087050529,12.173698161933114,3.6247655987205736,9.570251389838214,4.792015205614452,3.1715770467317967,-0.3465514466870666,-6.026258587556122,14.653428903531008,3.5804126531612597,7.8530322737032074,-6.721732649196894,-2.550450556888815,-0.02565672185567308,1.5791885426676866,5.766992412711971,0.6278356484679797,-1.6203617167363809,2.5040324810890935,3.935683922569565,6.836652522435317,1.3640021146729417,-0.022968665083370088,-2.2129685505088883,0.7250973522072537,6.5310774597271255,1.420899252032453,-0.8941498121485199,-0.06627251815459766,1.451079715020591,-0.40976446796572075,-4.053761737034995
4,88,4,46.32816776086391,10.412497695785289,38.10165992314453,-15.919142143755433,-10.658137871781602,-9.592018032537359,-5.635223055042596,-18.510470854572763,-11.079747226872923,-10.175795734519282,-21.039089084398473,-21.804704051919092,-20.29350354249884,-10.010557009906673,-32.73264149049431,-22.0004402319198,-27.785243790324127,-12.440493091100407,-8.972060873377607,-16.215833507114784,-22.7848824651503,-21.11548025215544,-14.939542770840038,-14.380154221114239,-15.543174926282418,-0.6780892179983592,-17.9150119996289,-21.908445332926238,-9.454063989051688,-14.507126526225639,41.959772822782185,-21.27146374234338,-15.251663122326136,25.835158269909208,-18.750407023582515,-17.566723135186407,-8.052418143829188,-10.130066201817705,-12.68885411803679,-12.849623757073799,-15.478038835089375,-15.129881135551496,-17.344237418254696,-1.2618232431279197,-21.62503030678121,-12.854977999155107,-6.5592583740448145,-21.517989157903468,-15.866145857587084,-12.682188519197169,-19.27692704774984,-15.821038994847289,-10.508142177288125,-35.9365079846324,-14.860496543654497,-10.479611622487637,-15.61363266435701,-17.528511190923258,-24.900786034581156,-29.694702551132306,-14.642840506917821,-30.42969980672365
4,89,5,-93.63077715548071,-81.07538667975403,-84.59142794260164,-14.190241984273426,-9.934865304848133,-15.11357798100244,-43.45548948863659,-6.064787396161654,-9.63651303865197,-10.382634062569865,-12.431106741824069,-22.5051500278911,-13.137081759260594,-9.920321353143319,-9.541032424242022,-28.17364588597924,-8.930330442165296,-51.34316059874323,-9.805128356396434,-4.8918010418916555,-9.623520782961297,-13.872275698061172,-11.541480716391728,-9.022205049268583,-7.549817526531288,-23.976237085534308,-15.180090883156142,-30.799777210122212,-35.92153801478263,-34.49581978888046,-106.57587092824092,-21.0565287129181,-19.178365080231206,-127.74803991143291,-47.269402356772865,-12.696492029975799,-26.65797632773658,-14.821639909886013,-125.69038908074535,-17.89953925978484,-32.79714401600109,-5.6518103135976805,-16.598892201544576,-43.08714930822209,-7.130327922928076,-19.264972834643448,-8.81106163894122,-0.9746930835017553,-13.85530601764417,-14.876591956470067,-12.607480311444007,-7.60144792593698,-28.388515491311157,-6.053084538000205,-16.662411160960165,-6.921053105005541,-4.820676875459714,-13.465057284003361,-12.676462746293451,-24.798574372399127,-11.524139517691081,-14.31105151116031
4,90,4,24.936331738922277,1.2580096769918945,1.3183270722638991,-8.03925121950394,-5.9924612718019645,-9.086663718539764,-4.181072777886757,-9.46087164134241,-4.171314891336893,-1.4624549186356885,-1.7948666869935292,-0.156650245297564,-6.554144461395037,0.7623039502650504,-5.061367051823566,6.5519699934847315,3.4860794941146516,3.9503262312231007,4.844126334141299,6.827451911550469,10.633923485148234,12.86107529802872,9.92981695072589,13.083866991440576,16.100290790563687,21.387356207660595,24.554256305439257,28.217583424797887,31.973473801845447,22.23235604015929,17.697508972626547,-10.523243313973277,-5.078140144985983,-1.9302857343743507,-18.89473154795606,-5.861369399589534,0.22275891374773937,-8.408640218398919,2.1934310310270364,-6.504994610438076,-9.442688960479808,-2.6878582947410474,3.498951525905128,7.226781018816571,-4.269538123160601,0.47215794054109933,-0.09027928726111539,2.392336132141147,4.351960937640199,0.6185258536020324,1.9300890316840316,4.9042906787519,18.118779559199492,12.938209376002591,15.309095684961394,7.539753676278564,14.97705535717853,19.30687814932772,21.81358759432305,19.592718900522076,22.032718728285094,6.236374859857131
4,91,3,36.375928543076476,23.05957763401292,74.77142765318472,-5.670943626543366,-18.42828839784488,-9.92839647150349,16.341363321126604,-16.14557251116123,-15.072940287185927,-12.162115490711413,-10.821005540184398,-3.450959940872538,-16.998286794303223,-9.779886900095223,-9.37168493299608,-3.2517160116581314,-14.144763581273027,-3.9549374117902127,-8.310373136682848,-14.996680380168879,-8.208806214854121,-11.103535431652984,-7.394412956609414,-9.69314799014842,-8.391047586493833,3.0392285530816,-7.723043994466985,1.2412912250473735,-4.18042805617698,-13.723110496816107,30.52354115706575,-10.304691373188861,-3.0854390084107455,41.57717285985584,-12.244778666281835,-15.487895060938275,-2.838334690097994,-10.784301585676825,53.72025325910254,-6.524499331964414,-9.651286398549,-12.59598501047073,-8.04323950613474,6.854638426067738,-14.230442598098652,-7.451375694025496,-11.487599461271262,-18.360791978085555,-5.038595044022856,-8.055445029175983,-3.3358324105644104,-8.759835652075708,12.386655500746427,-13.893069915791477,0.07151749336001778,-7.46328620976064,-10.927817447156432,-11.618483656676627,-13.144741605467559,-12.709757499896526,-9.418365391732264,-8.753694636522935
4,92,6,40.676772698214855,24.58000046339612,43.602720736684944,20.23548084322545,19.729296181407747,22.69582699523195,28.409200333195137,14.47726285312234,16.536007074321187,13.05111857672881,16.237862355121198,11.711920941884559,13.870647582009713,9.042835386015662,7.533863963281016,7.15242250007009,1.3310789251472885,12.753028635026466,5.430930854866235,0.6703964992903346,0.6115543853446113,2.193114150957228,-5.414900777134591,-3.1725931617363194,-10.752055924285688,-0.8162508555063301,-4.647515825391316,-8.091165548871935,-16.75531293854981,0.28239872275493794,48.925386512424886,15.246549214483474,20.1910515274404,45.4566371971514,19.185959270346768,19.52274201714387,19.513552398443597,22.779200352529614,39.351627352670214,22.33613019831842,11.512316433807952,15.925501698637287,14.912137783473217,16.359939347125636,8.990899073084956,15.447563329484408,9.500547668987473,3.497126731638251,6.036202217591354,8.88348608891048,3.871279961724836,2.54281248865513,2.3578831238853857,1.7019977224082106,-16.788334652744577,-6.815169792451967,-7.54535924638736,-1.624721476490178,-0.816043225276033,-8.257223927075184,-7.890468402133217,-12.226836382161547
4,93,3,-43.23041401253787,8.579790585106474,52.49946124474629,-3.343798296406819,-17.130416922248532,-10.735348360794713,-5.279449159021083,-2.4994540699962067,-17.801119382515918,-19.900861814504534,-10.319497560696087,2.8321718060455514,-7.284508665751027,-21.467484179668407,-16.666694553705256,-1.538550825897468,-7.138829232994237,-13.812919985593812,-15.625564969621784,-13.930025252020943,-11.015955137060498,-17.26457916656737,-15.905985871784203,-17.530915294235804,-12.988375431349032,-2.1391563408088112,-11.739839532389873,-12.48295560274301,-3.3599376010356417,9.6977919425997,-34.802083313964864,-3.2190659879422867,-4.860418576542742,19.371151056776696,0.31696106390686773,-13.772839555653135,-18.180790723097044,-10.740680808882887,50.79716850526445,-1.6802856411285143,-5.680330011187258,-13.96256593360407,-5.982703370655456,-1.0345951907688795,-4.580817159992165,-21.332065398339182,-17.865446970752647,-12.148598692993195,-1.904344890837376,-14.716707472007998,-16.977700370931764,-13.521298680159193,5.689027828845859,-13.434374114663179,-27.14752993569141,-11.686406268942644,-15.150566056313947,-17.256941050018483,-19.184527771223753,-21.50689807795443,-17.94506141425269,-19.706174420306414
4,94,3,-29.35860828131936,-11.61334800644403,19.19161960819918,4.648925380054408,-5.64141866619267,-5.8268835817622735,0.30863460036358104,12.81791347764977,0.7983085278012769,-3.347404172700806,1.5485709719956153,15.521462917941177,10.430767666968729,-2.1729208918333764,1.810874853430816,3.4138734743067243,11.500056223773468,-3.2106084501393486,-0.06952879253047795,7.051456459479907,7.0590617457722775,8.319715873115394,7.565388483077671,5.208248536125185,6.335341254385503,-1.7037788261773006,-0.5005136073997136,-0.2464487318108538,2.500677872676312,-3.334269894877583,-21.27745190001853,-3.5336558436428325,-14.578808070398962,-5.102146812226263,12.873368284960348,-2.8587901550912993,-10.381901909563146,-6.168670905640396,17.642054171642148,12.392709134964319,7.974442756274809,-0.7873160316063672,3.0865099427266114,-5.748143225045104,13.540257209957366,0.2886489400776424,-1.8200208022281883,6.03678137267849,13.238801780860966,5.170724969703658,4.406902122243148,4.75014274769531,8.490625815420621,10.566033739324022,12.233917126341211,10.471186832797411,6.837144188344384,-1.4459331349992175,5.284322567792358,6.370143865019351,5.172047192003673,13.15483824443072
4,95,4,22.24386229874884,7.057739604650659,-0.8826981819392368,24.321149571639726,19.477514955453668,6.648149926028005,7.640828948433894,7.355556343511748,21.178354381924354,17.898981982251488,5.20553860454479,1.7496396771201979,18.011323085372773,21.76346524441386,17.485010726513668,4.4285595714137305,6.952970944526723,22.9540004204141,16.3144937368087,12.016884012613446,0.6594257610963615,8.19213142945636,13.49080127366341,8.069617431156525,4.051969625430589,-5.873880848084099,1.5440580430099884,3.526269175452976,-1.1357141120768184,-0.5646991214442356,3.728594430381569,14.322732578327019,9.812198158603444,1.9061697196817369,22.910565400541564,23.28873976483578,13.712762636745843,6.42719398906863,0.3002863884392397,1.3859982921560179,20.57624102038582,10.54040973833422,3.2959049934771207,-10.508557413576915,7.9686186664351615,22.741469222734256,19.337823525434597,11.160006354426642,3.6793025544867266,16.090522004700286,19.899474016299894,16.80117383606096,5.848748536473819,-0.7311618335817656,18.14029499234222,12.89728755817362,9.380404698264948,0.7363631440008562,7.5497847214659215,0.7054614488308023,5.551795113104873,-4.461701314033169
4,96,3,29.367360850659804,14.995095981920999,29.628954456801097,9.139507061302115,0.39490376084634005,-2.0361469392125233,3.895286640920391,1.4581933355458638,0.3739783933795084,-3.8532283650938295,2.1040367663542687,4.412693471625085,0.6874755131586167,-0.5607326198255704,-0.7661831100618957,7.37189230931605,2.265604101303148,10.341253390762862,-1.6133028762301498,0.906759677000525,7.9570360206658135,2.5915035402811157,-0.19716775627443278,1.7566766803857026,5.8381275364947385,14.996221230342613,11.03955755698518,7.9705417893781565,8.891998246221283,19.315357542165167,15.166880069754832,3.0332405295722724,-1.0381027719164941,12.744374472295819,-6.892861204494435,3.3297897821928313,3.239477734395198,-2.7490825284635885,29.06069300296466,-2.4032522103828735,-1.608593326436762,0.9349076854542071,0.6378776468563738,17.1276084932317,-0.8863806178021018,0.862024209939125,-2.6447182768365236,-1.5272959689723267,4.195529220307747,0.9437586259005997,2.785742746325346,-1.3968707233370663,12.67943486762119,8.793611113231899,-9.670561707885257,1.9165722771786236,5.094672711691026,7.5435781622896085,5.646128328744229,3.4719288605378877,4.251104203484406,17.2940822133749
4,97,2,-12.444219234785653,-35.67482715872367,-25.455617849822946,0.3265658770233558,6.158836449064863,-1.3448797684537657,-6.549511452864218,1.5914268260594544,9.062941125616792,6.681816066694785,-3.512457342625298,-9.84925184044249,0.8977119647805494,8.201026082402327,3.771647033383843,-6.506524416172968,-6.32239265384993,-2.8527038070009785,1.6767889988585936,-5.527482330458378,-3.7842896023379065,-0.24293021458802905,-0.8306526826331155,-2.986450928433727,-6.387583445269256,-7.773953218842156,-3.272018458153314,-2.345404333611043,-6.862352977756674,-8.555434198414046,-13.463713252553482,5.700796408260742,0.6628569664615327,-15.750920153995299,-4.122700494464213,7.761245092240778,3.0826855268352076,-0.11491983874541985,-22.560724924659215,-5.721448455846343,1.2880480931390352,1.2089035439052296,-0.07120066608597586,-8.463821756058628,-1.2752416486420295,9.87213302353715,5.118799627326975,-0.27524158062850534,-5.106692478055041,1.7448973134955073,3.366013033474545,-1.4754689880263456,-13.31591389630353,-5.0900287294942075,-22.395158145213262,-3.0162380847443897,-3.682023387163783,-4.6305133717747875,-3.816120112576044,-1.736833127170073,-1.4653067697839073,-8.783164845915834
4,98,3,5.509682147187274,6.596377547705409,-4.3635873968823695,-3.656814618922042,-6.7113520292843445,-9.949726022245425,-14.697005875013254,-14.532958091372947,-2.839427481093102,-2.3406948476302913,-9.338117069317029,-8.868079011243335,-4.963438835778704,1.4486648809369185,1.9377925187440184,-11.415863288197347,-4.870110839480398,-2.4144744127080204,0.005911594120467989,-6.917840510175179,-0.9693278524536275,1.2257968058082729,1.5733644765256547,-1.241892328803858,-9.548550246521925,4.656880344411859,2.9514952722209964,6.157099068528273,-6.620854166245494,-6.022445054861104,-4.864221161787923,-8.435116398633772,-4.909579319220673,-2.4688364773897864,-7.854999153441809,-5.092203243950766,-3.5860510508915993,-9.821562654406927,11.006098910621027,-9.76670887721021,-3.2268788183630432,-10.515408659355984,-10.840313582397185,-15.919262369526786,-4.362833316043224,1.959002008377691,-2.002491675203711,-11.124165678540209,-5.741182716972218,-1.4969078144967196,1.2299708748895033,-1.199910530593336,-8.550549792898133,-3.866679552715363,-7.373105159801684,0.6030203524512727,-3.840105001314928,-4.034224143024625,2.6059708632074465,2.5196908622889254,-0.9888873664071645,-10.627236194579249
4,99,5,-11.741292716871387,14.036061308248014,30.524186003680626,48.00184296671207,60.64786263028299,51.3589829860664,30.513553986189557,43.23641294110909,57.44929567669948,55.726121528846484,43.675145099439284,38.71238397225375,60.95532823117766,53.483398546532904,51.3751220703125,34.886735284473836,46.19115337802145,58.344571239337704,55.17680772121361,49.68457583828671,35.18773178211073,39.977889406608384,42.88161161505596,44.96139027796138,32.401759709208825,1.298166677457985,31.103396353470853,32.48835651721899,31.73594149074904,21.081212983750632,-6.103873432727483,57.51717488413175,52.76865999945783,40.800991482612496,39.902230433245194,53.47365169808632,56.7356282639794,52.05169270823643,37.89459225208294,37.30430190833058,43.465695196172106,58.606252239971596,31.76087700975379,19.037919569919563,48.87005181646926,52.39380760163795,55.33663758926279,46.29677437572945,39.049811036484996,53.83497672909646,48.2557326969577,51.292896368154686,37.373535742483476,37.39713807204148,30.639357028756198,41.82521678543671,37.753174344213996,28.96774751247791,32.3912258862359,37.11141752615208,28.81593799754614,31.887663488526183
4,100,5,33.98063111886745,-21.64527823686069,-14.807216236504116,-17.82231777806471,-23.456885308436128,-17.770075509074797,-29.20981479933621,-22.93689961972214,-25.874736150499526,-21.565390558595336,-22.470849921790556,-29.984870361663955,7.147472458096536,-27.69301947242604,5.329833779251203,-24.36626738697156,-11.591329973574336,-4.312405008635279,-19.19698482406576,-17.66691323287967,-24.176497228716215,-15.677348264924648,-16.26986768398797,-21.912575839473526,-25.53291601149318,-31.946582256770878,-21.973636140410843,-24.7752668077535,-29.947740171309086,-37.378409291367696,34.66939609606819,-21.860202409349753,-19.426004752789332,-22.548847234512625,-9.090455468494174,-21.391410108087822,-11.811848755193333,-18.550070532711178,31.10872867921502,-21.46072042391142,-13.407886882539744,-20.617228413432294,-25.409494939754257,-13.173523424874718,-11.186734028444507,-23.03674015148385,-23.265192041855027,-17.054681475842134,-23.354072529459135,-14.958195271197612,-21.452251882269604,-15.776784514656242,-33.47668649273831,-19.770392744179393,8.131901632540117,-15.070831343190887,-20.589539198874956,-24.190177860953746,-19.122407631664647,-8.18241738738129,-21.76999966676415,-22.411592540246016
4,101,2,-4.933771854179923,3.2085868507430577,10.119226495235623,11.64072011124978,6.155634874788889,0.9321431617093512,-0.44634829608087645,6.459581772583848,11.917415020453578,5.0355246353215914,2.9846588784598818,9.33160457929324,12.781646601418505,9.77555969332504,15.276434765538058,5.741619754355495,9.248471515158064,18.882274782935315,11.298790925205122,-0.45505709097956387,3.1655342960503097,10.49417741143743,14.697858348159452,2.522215126423032,-2.0587004313427144,11.558920339531428,5.702380806957253,4.243783192799952,1.921270874629885,5.78145987550705,-2.2688166669274628,4.347677558654825,-0.7736899550186407,6.818152948259948,10.360845497169763,8.77648847663729,-0.5103589545114786,0.45820411015301943,18.18862545843486,8.079626576829469,9.898751434012576,4.923369303845418,-1.2185740058605632,-1.4807576956340998,5.818458786009954,10.090455709434138,7.336827350246554,1.9266469577645393,8.142446177670875,13.911514738869924,12.615151075237408,4.363784033254291,6.036213160696916,8.887146720265203,-2.995225213661151,7.881366172754325,-1.1945126311535512,2.888238558483238,7.366330444858195,4.4270406373713955,3.7174161039917513,5.27051085435854
4,102,5,30.780337825780972,29.08646977829132,11.3572068685075,0.967524996992748,10.185815879177834,8.955921548123401,-14.680451522217826,-0.20605137007788166,12.654892609806778,8.461712936711752,-2.1272458378225574,-6.1153468722406545,-2.599666039391265,9.68027586671638,-10.75415386768376,-23.71086271098112,-12.753443816177004,10.926987111727449,2.9784959797270387,-6.070698756690521,-8.83996375981809,-7.455986899959783,-0.34032298688117835,-9.575693137216852,-19.639005896135625,-6.555062338141957,-11.176101991497887,-7.339963375840601,-8.061695488033502,-14.480267848762708,30.29323170403382,13.95346366259747,10.823737395433241,20.22221544621196,-6.6744950730623325,10.412705181688978,9.739434887104222,8.808111397413212,-8.795938612402718,-2.41024555117687,9.689312700409348,4.808110837847354,-8.216476941572095,-20.865840621656044,-1.0762054803781211,9.270194544172963,8.440055430003605,-7.084128438654107,-4.3512835030148675,8.174112840050192,1.1377685130005941,-6.888490449728037,-23.44063675042211,-21.34795333964682,8.92559903537536,-8.317595729831512,-18.32216487843089,-16.54445369805142,-19.286007373820897,-12.55145743307543,-11.85693382655792,-24.297634310838674
4,103,1,-28.10399677086528,-52.94472782113933,-51.35523509824787,-11.489762961614591,-7.720170230400274,-10.053008547171997,-23.022797195013705,1.8286422270736302,-6.649985754626045,-4.804220787715167,-0.2007736719167994,1.854834391360694,-1.3188187819337704,-3.4565981321218544,9.989238348477178,-10.756852860040055,2.8021553388637734,10.87990246029434,-2.289130082774185,1.4644326743465386,2.235270684880274,-1.432951800593335,3.503158380561393,-1.6262295646138667,-2.195332320656902,-12.864834272143684,-6.22399451859613,-1.2609709400297504,-20.287515560769855,-14.815138274894608,-33.86945935636302,-13.302473624395876,-8.695704775046785,-85.8949492238462,-12.479491688367887,-5.802111950589392,-7.023920369720682,-9.547719812679402,-72.92604517714103,-7.281033861780225,1.4403167308262768,-6.507627985037003,-0.04846147876005691,-22.245599599691438,1.6078721193096983,-3.2667844233262135,-5.094486885102156,7.788606407075398,-1.8702961647394707,-2.58596346636371,4.7130235281386765,-2.1276392164163096,-14.190383997950235,1.6595461150495012,85.34241148029882,2.9701040309808446,1.8837583723091869,-1.643341349415119,-5.658333849616161,1.7883978440744308,1.7353907736790617,3.974048905710622
4,104,2,-14.640818774700165,-15.802681081178717,-1.3758585220429962,-26.663396017739505,-10.682177314693783,-13.074688289587087,-24.298497844033133,-34.87316380229369,-10.837155715176246,-8.769833917491045,-25.474062909622024,-39.17009630631199,-18.589200288460525,-6.155733230455618,-35.87980776788983,-24.456830720667075,-28.85997424420062,-11.36730347678247,-2.2986148067000443,-5.0348798882488826,-16.032247895738344,-0.7417720489930829,-2.7957301076456176,-3.6530447691997003,-11.411000863785242,-20.086698241605674,3.2468535122348,5.493532017236813,-5.208281239721832,-8.510075953743629,-7.364570841556647,-12.012830021711656,-12.824174602038973,1.2637028199870415,-38.45510646739475,-13.651024719598006,-13.625684920016951,-12.931740627124364,-5.5353397276343355,-23.82188163741445,-16.335965509072132,-16.09901235168572,-27.066822731276833,-22.337343223211253,-29.140984965496838,-3.2958831670807616,-5.141342183853295,-18.54262909252288,-25.35670641009206,-2.9046400478791154,-5.504721327639391,-7.072720585027479,-18.816570210622668,-17.97308929028308,-19.724542727353192,-9.023046572351967,-7.183433445193235,-0.11439530015354932,-8.236790275655503,-6.970956933798221,2.298002915933911,-9.473787393148353
4,105,1,25.261094586389923,34.476861474927645,76.15385346468206,19.590227489654968,21.8365674482704,17.093450546718948,13.909646301609808,10.268479106286911,20.436254605469184,20.955923385066317,9.175303940400028,8.196349353325076,12.365610022279553,20.561926601772615,2.5276785634639793,9.916606212432333,0.9085188384633511,10.810143906168824,17.2800736955208,10.197289358074894,9.459319969457455,11.36709599659165,12.172474387578852,13.335309422143345,4.32812909809191,10.531897632541455,13.06566259185443,12.271243960301321,11.471591337243236,11.947235007213846,33.06924950705683,20.4520223285753,23.01770506697004,44.116106381350185,14.207397311562437,21.722390505780524,19.89246984162344,17.3904042353899,86.22473801995012,17.476946432620476,17.131891918518416,14.061663299253798,5.372558610752318,8.518850453470542,5.044484640380775,15.560450782136225,19.00966211867223,1.7535406017289836,10.734539790306146,14.450371401339051,14.156269700720719,11.772511460613917,7.4665533485935995,0.7923096205993758,22.824449293678864,7.945333112667244,7.278400422142049,13.753881060966947,3.69181397428208,2.2714281754522787,10.804571271487852,3.0774514587914075
4,106,6,-153.78596121100955,-270.45920626419337,-445.49087304894556,26.48891294288744,20.911264241922918,34.20140126465662,-40.358915285729815,61.058402713842504,18.744102189453635,24.54716470978428,80.93700637177726,76.43671076326837,63.83929436790141,14.865402814273429,172.38863504805218,13.19555214156464,129.19797309433537,28.426388535875734,8.422790702114384,52.874139070147464,66.76550399857322,38.4912311666895,25.4506460385079,15.811172120023237,61.0131212187159,-7.360222105198062,14.394392125581103,38.79333142477384,-36.25274784008905,-92.53753713127679,-169.98952278154113,-5.020750932452245,-6.6211928003808405,-325.90281990970055,52.01810267031556,32.345944201511244,41.52623087735619,33.58595692102866,-458.3334626192003,14.450120009436484,12.058352133191029,41.853594458684704,70.80702759725293,-50.70567628411892,110.5874109166425,13.922310731975678,14.65811660213442,124.37345034610928,65.11837122934618,19.54618048488458,23.5146893445039,28.2075962926284,51.27476834082156,119.47712527724299,30.771268341045023,63.163794648220296,51.09925785915153,26.55878048471925,98.76643793130425,131.23196763236353,16.73976383994264,63.11107165887161
4,107,3,11.526576216591709,-1.7888677247413793,27.092282798232084,-0.3574566049955612,11.545742370188236,4.9201677221124855,-3.3191468919195786,0.04394861172157627,9.210412669631582,14.240626706276089,-4.155241235749932,-4.409229585764612,5.8687232883147304,10.01366029352676,-0.8126667796864121,-7.232627036818021,-3.885026210328423,-1.4353227495193133,5.0271873757422085,-1.465864099607599,-7.379169743780685,-4.516795433966854,-11.438503960102077,-9.366352665930894,-19.963430105186085,-20.744856349124415,-15.109895422236946,-6.843350712845964,-19.084217336301393,-15.89064431902612,21.65702484529921,4.795271418205032,9.293764164716725,16.269222891457915,-2.3379194004143162,3.7990302196817436,5.990734726027307,5.962969099784771,18.014022062464463,-2.2572778029390035,-0.04136969894170761,5.01807401147557,-6.941716093785791,-5.61933505226199,-3.40996155601631,6.361872092434542,10.830577660760866,-5.998449223683918,-5.1568476386232,1.0577168406509803,-0.4279253123237251,1.7239172875926592,-9.721875142396948,-21.122276774176008,20.630537402793394,-14.281974806257223,-15.939390093996757,-16.502897929127638,-20.17672595236359,-16.307248852965305,-11.535885959227638,-28.27637107354565
4,108,6,40.61491470899228,55.90371902941205,111.00814566815777,11.42398211935097,3.160857599756749,7.140107651101998,29.846577580563913,3.01454440330541,5.102540239271501,5.835384838169488,3.1729428381999814,9.324556597836443,-0.9448294208907488,7.929270385486282,-13.355295024812223,18.27441363200182,-10.53972138155524,9.078512234204425,7.347426583036422,0.16463783939891422,2.651230823950669,-2.9366671768266994,7.337264492335474,7.660596023768002,8.29365472508476,10.680516442215836,5.922921527086232,5.192546390996475,28.87663784623146,31.55365635381964,54.516376418674845,12.630252269391972,16.218040656207545,85.95218462769573,8.973525081820096,4.825954603383365,3.458794571601262,6.730867642068828,153.90657424054496,14.27987663112809,17.06885388955224,4.395352260482203,10.461057541369485,35.73569065950265,-3.0898535808593754,6.114898781542005,7.310471394292372,-6.365456121360382,6.464182068855024,3.3503873047259862,9.724399344336874,4.494777516325625,33.54943867005044,-15.051545138402677,-13.888076233700296,8.24623136635779,2.7403517936856123,5.467940827354606,-5.3886649817591765,-5.890992590203522,10.208292966753966,6.283044273783333
4,109,5,4.171566253175913,-6.135070188743306,-47.8179621258069,4.442753784699226,11.744035591098779,8.382404286312173,-12.57766041856701,26.928781344214595,6.756469703074998,10.443585175839136,14.997991558874213,8.403231286543862,10.443945720110367,2.546538571531816,13.705135483839896,-4.107533734456478,27.967113609130443,10.310395148548688,7.402367910529234,14.915929375352663,14.736190325489684,12.627312842540723,14.745827944404098,8.159568914598447,8.281842687723751,5.304166174906865,7.143691757239586,11.084729985203358,-11.306177626284429,-7.723339120516692,-7.067191446813324,0.022170978155350518,0.4219809273462295,-33.287790557596736,-5.395319666452252,11.808264626349064,12.244276001731425,7.7574642953213075,-109.91255545470769,15.411263681448458,2.706029928857234,3.7389641828414755,5.544419270712975,-22.831442548688972,24.370364973207984,7.819114654461238,7.092564007653518,17.723668359765195,9.160126309342138,11.545851604195263,4.838444337612248,10.438252731209346,-16.856333583031176,28.228368626634875,52.72857961131307,12.648751807265638,11.180035722441971,13.642261257571192,19.620408026282913,23.38886431759089,10.226683052421386,6.780367303827054
4,110,4,17.21627066036823,56.046229437357006,98.78016257358755,10.860747290065323,1.6726367307440722,-0.13588883483884573,24.0854857967394,-2.599065025359754,2.9231285726787846,3.724300089879274,-10.919797099834284,-7.789087169326657,2.190830405324515,0.2875235826685679,-28.228466934115612,0.45352723277400864,-19.561740615609565,5.529252529541802,1.2212729559098252,-13.56884246367235,-12.240232978339819,-10.849678081420555,-2.117236601978134,-8.997717571683323,-8.704107666087172,2.263134659353144,-1.6886667318460415,3.3741427665326458,22.275463276951584,26.132603495586192,24.40228300483716,7.6536682164637275,15.273211216644897,67.27627844018181,22.2229588023137,3.2323750275969445,4.543468529449366,-0.25964862217263396,103.71479714207541,-2.5955027610790453,21.225668494703203,3.841186807593104,-5.387321074311505,21.588118870629042,-8.977983324782828,6.697518345195709,0.5763146080553703,-19.081026845134605,-5.639058464029291,-0.5908366831930985,2.791698059038737,-4.408486558805877,9.720990010855227,-25.39334464208335,12.478082071399179,-5.688503346723935,-14.640578564029282,-8.893976076903588,-21.72594184242757,-25.381106376284496,-9.302320045555325,-5.416561808119098
4,111,2,54.282198976089354,75.46117620787967,123.45482475873904,7.910049691784941,2.276662326804021,5.033634152967577,30.785790335841288,2.2733077005647875,0.13169281692641718,-0.17257097199922597,-4.348901338716287,11.204206355461265,3.313683299711201,-2.7002494225233074,-13.217188026665196,17.36499871746297,-7.999279979213212,4.095306446730362,1.5425282299700314,-4.661710061042045,8.038846892645443,-2.0126537849399733,-0.55189264307889,-1.5072448734164245,5.105894826034585,30.697806031965655,11.450207087665607,9.230682307331847,24.255696509669484,42.125470629552495,62.26592974982606,11.673763610634863,17.153603968324095,98.2431407062018,19.171852393121256,2.562306410564883,5.118307930985237,4.34921822154031,170.27704757052223,19.140033077539453,16.020031644122255,-0.009921759230699628,7.110899764999022,41.73549509539111,-3.1387521423876463,-0.8553805783470488,-0.2009704165705829,-15.883334381835208,13.31923579406447,1.2023800646477343,1.4584227605472995,-0.7615281525408699,22.655659234446528,-8.955560984725993,-1.7601187558753821,-5.447824128653585,-2.193889924188756,10.398598485058411,-6.956391171802105,-13.344805004131956,2.63961528531253,5.326162225089785
4,112,6,-54.7734032018882,-131.81869538818913,-189.40700590610504,-22.238890571292586,0.41139254168175604,-5.573332270986413,-66.5919169870819,10.121182314233808,4.265593537836477,9.220629529255186,12.2759425404493,0.055017677839937607,11.4973902245302,7.662879615999399,66.81505852142665,-19.352815327847875,38.881053902027105,1.2333473590431208,13.887081862359143,39.06362296326483,19.92840891031595,26.3073379731419,20.33417398200892,36.857057720990625,28.751348266923202,0.6037742394681382,11.234660066296513,11.442252041817433,-3.610746114673778,-33.565632594204175,-82.51696017893347,-14.585943374728856,-24.03241304535326,-187.12221335783224,-32.239022893640914,-2.0092446006743687,2.320086521630334,-5.974016296245707,-208.95530622470682,0.5236791015557247,-25.83770420939504,1.212575100998322,-2.9253359193368453,-62.98169547682851,31.440605131454955,8.611424358300411,9.603906772703514,39.812858359252154,10.025887628824153,11.530149322230274,9.564208660433742,24.617207005938003,-38.553952426445214,46.43246645171468,19.473384533969046,33.83542172120111,48.6336559035429,23.977318926566696,44.368084090511964,59.290285574226814,42.61919824379245,34.136210629693785
4,113,6,127.65938924870845,159.2484928573049,234.67023461039477,39.63278029050408,1.0506032682591822,19.005236826533245,98.74453978276829,24.824471419779346,2.4495391745231028,7.120439035754091,24.15942925773561,58.494424848294805,20.39914621524058,2.546265469761792,8.117488745681614,83.72391819953918,23.661046320828053,19.040935412798895,11.865773826610392,9.454872656085458,29.561414367689657,11.830905565162887,15.713495018730848,11.633541168077151,33.43160135012757,80.3492182187918,37.47596592837717,46.78689643667963,70.81780168704876,83.0799431313829,137.09411284400187,18.000549035146832,33.02349808641211,209.45097852043997,75.16699792481045,4.899209614320681,18.840434942354747,19.218368995287342,343.6028939805381,40.89083366641185,39.59771551432588,24.989360683120598,47.889305112202,108.93243208018747,20.071902947636648,1.3933193207627568,9.931805657559329,10.951561986502801,42.273947423914564,8.315344968958328,15.50951972583637,14.134426635519672,86.83245756567977,18.937565609432244,14.741041893255897,20.224346292625384,14.741096590725123,20.975766878836325,18.980760190704064,10.264206728148391,12.839778576545957,43.16204357385729
4,114,3,-32.53514602998406,-63.80127904473283,-94.93192741929032,-13.883377577990247,-4.368154799009148,2.617061902428182,-31.797045631016196,0.9504568692660191,-5.52992998195313,-5.2193394136819515,9.055335929935298,-2.842235686893504,-10.872275284287053,-4.713274941120939,10.696732142554007,-12.212183213415091,1.6397244343874837,-14.280554021731394,-10.620887523494291,7.91387412098532,1.1665830816619274,-5.996952200967177,-6.902957878484414,0.04367546733786862,6.541709493005241,1.0548539683904223,-7.372744643197559,-11.653559520125118,-17.440460966246924,-17.209911153284065,-46.473803740449064,-14.5078258756605,-14.54519634835832,-101.37316256325416,-13.31542214017543,-6.043184569173657,-5.910180471701235,2.6869295338600323,-101.69072446009011,-4.911895886199863,-10.493489006670517,-2.9750211561757425,-4.1304586542452295,-35.252321755740695,4.505628066239652,-7.384119719323678,-6.89137521086306,12.641168454412089,-0.9511234634044783,-9.522216095702676,-9.24240701204938,-2.287654915725155,-29.580307119139796,-1.2010141902648641,-11.804199924942385,-3.0379500255079535,7.177205069708952,0.15385292352336213,-4.576380722440507,0.19982298925836964,-0.6804822128082954,-5.9061702405011705
4,115,1,-18.92659509618108,-45.488008718063135,-116.94048671751487,-11.147014265624435,-14.161023111749888,-10.390687325378739,-30.08254754070831,-8.535492305166832,-10.133289600222767,-12.622231731077703,1.870984461067654,-4.114658219785222,7.7274585825890885,-9.91459562793011,31.371294667228778,7.138687303880369,15.391223435085731,11.142544881258974,-4.689606790657992,9.49445032964393,16.63228529246478,14.279067853601976,4.422145323986871,9.346760395128513,25.794542429545658,17.748909868822416,20.44347722491706,11.508087751387455,11.235217416125188,-4.35001589276078,-33.745415573985134,-17.31875546992098,-22.15216242052932,-72.50288422042281,1.4257944487943894,-7.3700347114013605,-9.378306743211855,-10.431707434992235,-69.27123011975753,-15.687947594174535,-14.202873787183941,-13.143047978738085,-1.3147756370102461,-23.551404223209484,6.939814832061529,-7.636611130119802,-10.827518060280966,21.21753879756917,6.721109721128167,2.1248527677139144,-3.0685785717398995,2.5974915490553903,7.862943069963922,39.907497377657336,8.758895744978474,10.695584884662996,20.042826130100323,23.96889411134464,37.76382840102222,23.280730263480535,11.410629248746282,28.356815801853912
4,116,4,-6.863653288268272,-41.84026351358694,-53.57962224723361,21.3676436820022,29.035823206985132,19.1068693790528,-20.133203725989265,16.2122820837355,32.21014272276219,33.931164608314255,6.872449531708273,-0.47738109186586986,18.602148828878235,35.70182767256005,31.415221654423842,-9.189148552738496,13.860223108016672,36.16227189078927,35.91804133755406,25.177983511459352,7.582915573471751,26.270601340047087,30.608247803569583,26.982804661185103,-0.4631431266302007,-14.160181652572819,9.327048042948107,-1.9821782850365093,-13.210183697321058,-13.392884089452474,-11.373226055421124,21.89733270119602,12.327704104345019,-38.05768921407982,15.796671655012018,26.927480985433238,28.961682958233098,19.601460554903916,-61.881942146435,7.989095976494579,34.03653413293567,17.07244877762548,-1.5655407473081486,-24.186255078899073,13.188821375460877,36.24762321081832,35.262593149093945,25.2654216761996,1.5750144570384434,31.772809250689107,31.172269518282736,27.201160003453868,-22.01482022281099,13.335101761607456,31.396241330927843,27.837005255107815,19.216128908347617,14.172037524103022,20.165941181151837,23.663340949362567,22.697160018928116,-0.439475130255722
4,117,5,34.301187071494944,6.958314279105701,11.987435648036072,12.340892980829256,20.977285712775675,7.529547826682289,-4.981064154702612,17.259159429952877,21.377882485827392,19.335266614525867,1.499486667444794,2.0629619329247797,23.506843854269988,23.22350529521112,19.62911695808104,-16.331365270063092,15.957889482540796,25.47526494076294,23.714501448251067,5.538955744628505,3.6196735835841394,16.02076377250359,21.955420980593427,9.622318779930426,1.7144764904273557,-0.6763408718994095,6.548298578436774,0.13689414348180884,-0.1507060329355977,4.779623805170472,27.18887803358277,8.14188898361584,5.112658647684068,-6.589329582252875,2.3319859405661525,17.416913158691884,12.569683626350923,7.313454470438192,-26.945313993205364,11.11892068471259,13.779286423970639,20.434353342802254,-1.352441323718778,-9.097634485595508,12.619969977347742,19.983426505750877,22.99150205612546,2.6321193137115273,-1.4443268387055992,19.156161303052727,20.838468502084687,15.95688415491362,-20.543656592370898,11.742549433588698,20.128330196958128,19.67103303088693,5.400520943911604,11.061957931191449,7.209210284460312,13.906411809596879,11.256951340053948,8.175609811595303
4,118,1,8.495772422734275,5.273329955775557,5.418747260076247,-13.044649789995722,-16.91975422873071,-18.610136441477557,-7.3182077291308,-22.321586337939987,-15.547983004876249,-21.878723738942202,-17.562931521392493,-7.820043530088011,-10.179762370384687,-9.347962361839938,-18.54415890465423,-20.141759670498534,-18.211211499462774,-0.9934985440269841,-8.191716266080466,-18.97601772479077,-9.603917632479126,-5.332991691964973,-6.405918969250308,-8.984823656404709,-13.18699655857892,4.481610402964603,-2.0391191504711137,-11.778619633249304,2.2889662395130608,-7.67828678394236,7.628186352550983,-9.332271103088448,-14.698546649453021,0.6963594574140488,-10.500831928172309,-16.78765709558218,-20.13215461695885,-18.084512433139373,-35.362040155748936,-13.996942433102689,-18.371413209680004,-20.446514988726953,-11.998854417575336,-14.263595278056831,-21.359623225905548,-6.86030955412766,-13.963243418685504,-18.3920106994238,-8.155449404140574,-6.928898628210511,-8.296517601566071,-12.871182928989054,-18.95860018775367,-6.519538448532906,-0.11582676650993165,-6.846661693121236,-12.240582702726845,-4.210466557500384,-1.953975587322307,-4.4328320758735265,-4.0142713147520785,-3.397930903632827
4,119,4,12.586850036583028,27.98810458274148,31.119852446882845,7.060755468643748,-0.08216050207024361,2.5699553604510323,12.073387810415243,1.6375717907099108,-0.005048351941583845,-2.5981799435813153,5.7153074488316316,6.000711137383453,-5.21512164429353,-0.7047947969844159,-11.783230821079599,19.114408912591447,1.074227616728976,-7.204151077786599,-6.061257881234493,4.301904107029433,10.65021570516387,6.237390958533693,-0.322479196029105,1.4770424264574018,14.034553387352103,10.295895108674864,11.123040248435451,10.081768575506336,14.013442308278519,17.294497465430872,15.897725104036297,8.644118118031718,9.332598956974037,33.82037515988257,3.036114355912659,1.623443157219031,-2.0287275472088018,1.6216838717029038,48.77975038209613,9.179248648326524,5.098967019542366,1.3345318878432972,12.047665494630436,20.6838726088541,-1.3642534897549143,0.03520696526733963,-2.8758691235874196,5.751432267983061,6.395221434175829,-1.1234212034813538,-2.44339828624776,-1.162769475349839,20.780402064652787,6.279340053965314,-3.2700406580754544,0.1544320544273372,8.257289487368817,11.62474488578851,6.471164458664134,4.9404591899819446,8.014840090993745,10.452490662974187
5,0,6,10.61699681233887,-52.48861904478651,-4.326525538398814,0.8334562277603084,-16.354762622087097,-4.5173802804428975,2.939875294999558,-3.149774442699441,-2.9848561259668047,-5.48711293600159,4.610229006877575,5.51603347903526,1.4553129808613794,-3.895498402575712,3.6423844749607666,10.925950971869291,1.7844857703667218,8.272728795276546,11.033482336365363,20.38724821211952,11.492177322654545,15.601000735127343,10.511547833777644,33.36849067814466,16.17149803535331,1.8752741336186467,4.688263647621724,6.7489848062594815,17.55942279359654,0.8546737854584775,-6.225174720569442,-14.220014900355254,-2.394703614434635,-7.603342361895868,-2.304726188071072,-15.424308575948189,-0.0765504661220596,4.723261933705608,-9.48522663784282,7.568932656618976,0.7210025363317811,4.361476911845187,4.896139982360893,-8.230143374059255,1.5943230764696206,-16.65594178106545,-7.289205929769842,11.45511550915842,3.319890680308336,-7.35427397498634,2.3072562388303473,9.457990715223389,11.376564220025594,23.06934707630398,15.516261884965374,14.163360523605132,18.796153635638426,22.760446363242295,12.275360853081887,5.279869105439725,18.327300559388615,10.746666296182209
5,1,3,-0.7921608671511897,-6.854599789438049,1.2816646391435003,10.868019092146582,13.546397967695652,6.860323750425318,-4.54653248071057,13.121195094977947,15.392269426457052,11.851520115333585,1.3257906929612493,2.377929280625609,25.342985997476237,21.051674839200025,18.65658611085313,-0.07840413569256943,21.858558970071925,24.16155365618263,12.437423513759303,5.792246945190987,10.324579004857059,10.248658084424166,12.819067118325965,10.19408911161078,-0.7775754039232591,6.161296557271617,9.777368809709815,6.795644014329862,11.671477662887796,7.630540613448483,-4.461978522436011,10.094251380676816,2.404983610959676,-3.7882207624795967,1.2371941900516805,11.07360651270947,11.378943972175987,-1.844474873573677,-2.2019106119448053,1.353784348929254,17.58435096809777,12.256319612866593,-2.3139540961199643,-6.512109654024243,11.03687032116805,30.82884958749866,20.190375196679348,1.4192938826631827,8.853236991366963,25.403450917179978,18.962981887934042,11.155389257462506,0.42146101923341284,8.696403623728942,11.365056818248942,13.92049219847724,9.744371394876666,5.199079033575115,9.908121772258099,8.961776608760207,4.666015880931981,6.876850614676299
5,2,4,0.8690995138320259,16.58956495211914,5.1140865739151025,7.93485103166952,-6.318133049167504,1.4688808803514741,-1.8252707013587757,10.336083387660723,1.3222960731150906,8.831405727471015,6.615924118166197,2.925815837412345,6.248055046810433,17.742123640346804,6.158597346258966,-2.538770725337288,4.420395101937348,20.53784103609803,16.239506401394188,12.912360477988145,5.869930890596065,20.89520473478409,13.16916001370041,19.77032977288088,10.996577025368449,3.4204487484743518,6.98913210462325,3.0323106543865173,10.278117023749134,7.56343729182987,8.626889307778786,4.163501589490873,5.736109397510383,-0.9604234581404338,5.436627277723944,-5.1510827476499506,5.085259933024645,-1.1019322670678167,0.2925775102226106,5.655359793687239,8.341876832981276,6.3592843451912024,2.2898620398624274,4.105306737601937,15.63211921111839,1.7591224219763635,8.505166945252114,7.340906459974438,3.4854039523023634,12.823328760651334,23.33192076318806,17.458319884281984,4.583190401164223,12.380490500389088,10.462324049414654,20.147000784644998,9.568621944908688,9.009735341706289,3.332490964190716,-1.0773016112152385,11.813687861601752,6.429904207814389
5,3,4,3.199120307608124,-48.104528349585735,-1.7794726197494248,1.0040640772189708,-9.806849910468772,-0.06789869173407201,-8.827381989146335,10.686918394941069,-0.09793080966465334,-2.394468722071375,-2.9620416296089473,-0.19993855039838987,2.53955973864238,15.837809975508877,1.8958466728615433,-1.2281479457983888,13.231024756493813,18.975591673794,6.781337207717051,0.06326754491140194,3.4146902094617833,14.253519566002769,9.128961977753328,5.679545864724076,3.313863004716794,0.6177704213187099,10.471044716834115,4.925001033684008,0.5936439046153532,10.405397352583636,-8.29123781104402,-5.896315001996187,1.90831545174616,-11.444046476583296,-1.4130218981640272,-1.5191880073398352,0.19579901365654157,-3.3200065255585356,-1.4845215886286123,-3.944487310220523,3.8971392319810287,5.2499152342221,-8.714026459742607,-4.025246189826273,8.25527503188109,-1.9626807331323362,0.5934341866806973,0.8389829378575087,6.181653037573571,17.359543769381848,14.406889739923367,10.437383444468704,-2.141054105433839,10.52569492060191,5.046241092098106,18.36506073781084,-0.9023068093626598,3.41447099896784,5.504028122322692,6.195840878264478,9.188111891663375,3.6887587244273163
5,4,2,-1.2444024245913425,7.238319476001626,-0.13811772943633221,7.064492638790748,4.399431186841754,7.867857227510797,0.4582692973043135,4.77980975699668,2.4802971906823714,9.325268308978481,3.3189763557620178,3.681165388095328,5.5582618550511045,10.932880538583895,3.2503419218971037,2.5072104840897165,1.5099413393110765,9.722881409524168,5.187624787866342,6.41950206919687,-0.38358821785332986,7.741012177634531,5.32025938097206,5.405264442695712,5.507710503297858,2.399663519219316,2.7702161920506785,-0.9034277913401975,-4.559655686704125,4.4984453715236326,-7.931084093842202,8.50036354644633,7.09485044082621,1.4127181904708475,0.6418531097176432,2.2682718140322997,9.905322414891025,1.3069497476808907,-1.287927255784048,-1.1171127130709033,5.042161102656546,9.350650441083245,-0.5926419448834361,13.030463087486057,1.345915405443165,0.16520637130682875,4.522496745126639,5.808946082050482,-1.8634316362980061,10.58418726916539,10.003719664758025,8.243977430117566,3.9830364977327584,4.117227593686705,1.1326688731248238,8.621368822369087,5.398976797078987,10.729851383522789,0.10592182384940074,9.015609618117345,7.6201478600638355,2.7417215125226404
5,5,4,16.381356604908383,14.427515436685086,2.467051855913114,6.5084334677312405,-2.523702968070965,8.476230783319869,0.42333045195243046,10.537167932202179,-0.09438935476468668,-0.11171167561920692,4.965325665117881,-7.7252242691565085,-2.1570424645324238,-3.1971538560237813,-4.736087718413484,-0.2847743643413679,0.0790147494252127,0.9461917548025839,-0.14402640428643831,5.320265801487174,-2.6500720997772595,11.234491739785533,6.647809968324285,10.287000502368848,-1.139980474191651,0.56489257484947,-8.146165458445731,1.85260683571829,7.142928168205998,-1.311840791241039,-2.982488932633181,9.700364383073845,10.348686735418324,-1.4759794320547721,5.586208619518065,-0.17727429565133024,4.193499380222907,1.1372343107558245,-1.1900558915761568,3.861129470805568,0.8105916906511648,5.568065958506452,-2.9188424459198585,-2.0917928654802727,5.642092622475839,-6.88319149229494,-6.159439691455987,3.608741962725704,-7.417970476632298,6.7042386977956046,-0.6780381481185902,1.4264519705803405,0.10696772220203721,-5.52006343569573,7.838003742755623,6.229614857888057,3.906282593513181,29.949867458241755,5.541237183795427,11.1560468653092,8.52178777809391,1.889593488264194
5,6,5,-11.719693133993665,2.82177575318733,-1.7263661108672517,-6.509513880535052,-10.864928515764271,-7.585425000365182,-5.343005142924258,7.3327213697953155,-6.602177696370686,-16.04550474443722,-13.316762441371734,-3.7222008254015577,-6.320209117356416,-9.569589320115933,-18.6388440958974,-3.1425255211751604,1.3839135905954885,1.540136291213877,-16.55482642061827,-20.292373744089442,5.361742719508162,-16.264948065778817,-15.469076511552318,-20.329040988734583,-12.717510298394208,-5.182589637251884,-3.066958322019387,-6.1980516052373344,-18.051419167582036,-8.929728003105195,-4.369267527263886,-4.74529366853942,-0.303439973785386,-3.7755578594145955,-1.9639707837798985,-9.332225963882195,-12.142932867858464,-8.757141053733392,3.681227957330098,-5.2846661558681385,-7.592129194245837,-9.338610367690473,-4.47297552402881,-6.508295781047242,-5.114568809842376,-4.07687803898461,-15.180215878366708,-12.799164838816337,2.904926969272243,4.931091299553109,-16.528983962426825,-17.332608370382967,-5.165423943615724,-2.695644750464254,-11.957673507981099,-11.160305494442582,-14.849352306163894,-11.815118846869682,-3.890375698479346,-9.364070967526917,-17.288191211421232,-6.340456023494283
5,7,2,-2.4594271889001855,-8.47948732894913,1.372847548958548,5.02895011570555,9.24286870585708,-1.1146765425119822,1.5540673760328119,4.3277593020111205,8.395587753720314,7.187082241630041,-0.18540629249338728,2.9158990644316014,5.918412496341486,13.781610597742768,-1.6663017812889156,-1.7356096253298778,4.958709221444,4.383993993087379,7.4511526800328625,-1.6962963184285007,1.5659818730612338,-3.366747069195273,9.436939014652861,7.28173470715197,0.8497733227772319,6.290399347999832,5.167572056284036,5.924199010256862,3.9945439537078498,-2.448217194953298,-1.6741300092019111,0.5577343234837759,4.8275242285467925,-0.8225907687688393,1.4841395370724664,4.678763441378017,4.083387808340441,0.560195554138685,5.613140754958208,10.68099714434002,5.173634099069889,4.9565799726264075,2.263512318681292,4.781651006523161,2.3214315685284554,9.293952335921556,11.409007434948998,4.074072275378901,-0.012759966775775067,3.8503986297845367,9.640353484283676,6.964012996452617,0.6442423133497561,-7.307859087839912,0.9248990682067314,10.210096184266497,0.5862854479630357,-1.0699399210648952,0.5205629417877179,0.9101694830488881,5.729179727390593,0.38423325505005507
5,8,5,21.2954856499848,-0.9603701808558007,13.664368981772332,17.384258933535712,25.660767268537132,12.625716844164742,10.792974812671448,6.833325876877072,17.61927099928555,16.79677101271227,3.9212406452265327,2.540217300324713,11.479057299915889,13.300965035197928,9.84816085504334,8.725057986278157,2.1991957682639187,5.825513691368801,5.253989120309312,2.5616102984129663,-2.0545556868948944,2.1104082625541025,5.219782932644444,4.061678604313697,2.472434458186533,5.032992718514149,8.686239486355792,-2.4732612033329184,2.9805568770261313,3.893895205155743,11.50302724801742,16.855658004491982,17.041580937305895,12.640640460840638,13.506759094596816,21.40932024774574,18.977958882965783,14.693874845394818,3.1216085938873044,8.30441418624051,8.670323237072582,8.806793790850106,8.05524564591213,12.709215505184929,-2.023640547765465,22.536324740739587,13.768305607730666,2.8365023401906577,1.4468867200449451,7.566984966454072,0.3326704147294517,4.154614981706827,6.011943824021374,-11.185183379163105,2.350637018317128,-2.7285701105734566,5.038710315598222,-8.362527659117458,2.081929359448754,-4.451178706478235,1.9700986621219967,7.050273462888644
5,9,5,8.274879995710787,1.2613677044807963,-3.300025828773289,4.638244613051052,12.796487561756424,3.0553600170490567,3.710110976474314,1.3562517812839006,5.802003998014076,6.177710784826337,1.9316716435388073,-9.393714952827773,3.7854808406540896,3.383130062979122,4.555434769064916,-0.7118654707219565,-8.36066455513285,-1.2053301960723948,-5.735461137552817,-1.6546471205699038,-3.746512160977214,-8.466558275187802,-6.852113592253833,-1.5266091161203112,3.0484431485259313,-3.896159162301929,10.14356900653916,0.6000192228977271,0.5908446406956936,6.522051410681408,-1.360547956033813,9.087976565107521,4.1750655255575735,7.277047180593375,-3.2428298688539057,7.778982096067745,7.151755291741433,3.792000184562511,-3.499428972056726,-11.014963915980443,0.7600683214188362,3.5299401765734677,1.9764677845623067,3.0756131918055996,-12.976561153148555,13.112042324787867,8.412274422805481,1.8373793428990906,-8.032365366697265,-7.205910689311056,4.250397839821966,1.3713727778437137,-0.5748092318862323,-15.137007456250116,-3.1253566401669852,-1.6471290114568546,4.4377924170594945,-3.1422280828559366,-2.512517988818089,2.975415342669117,4.652877038844475,2.8687670689769003
5,10,6,-41.8980942612014,4.4732355021405965,-3.3908079348351228,0.5184210992713525,-4.597966878004826,-5.615182415644709,0.9935836900002913,5.700415871037943,3.828711394584033,3.5629532723914723,-0.8656739422188313,2.525068227122193,6.9193014496846565,6.682416913167731,14.112671367098605,0.8863466930484805,-1.535276505766753,10.19159660449751,5.832962883840793,1.4123518032067237,2.1075620276671714,6.582541536812376,4.2858219735619665,5.003339393938916,5.980004788501323,-1.0534161454657245,4.783379464185934,3.864536266758322,6.0698944670261765,6.268790292894333,-1.721465629606406,0.1610762165723046,-1.9534152621721343,3.2923322829486064,-3.1011832445950773,0.6987798114466239,0.9448452878788831,-2.3033233847378227,-4.228973575279957,1.0306736931159364,2.7807122509509155,1.3114088054223936,2.691154539426108,7.975629728582759,-2.796187050989829,11.911380835445367,8.079084114353291,3.153935937983235,-3.514064554250002,12.880277450335578,13.585106779537282,9.134861356283468,5.180466581919661,-11.871243988050194,12.625986099652039,11.705686885162208,2.9331962858587968,2.9613808293304413,6.739462520930032,12.869540287400358,7.27603570778468,2.1642945248679055
5,11,4,-1.4451613822134175,-31.92064270949583,-11.341775712239112,-8.742665218507383,-25.203205538595615,-5.307709308488796,-9.426543273236145,2.3545950824939994,-12.089782363485261,-5.727892826833738,-5.023814861940943,-2.322706005362817,10.3683355616451,5.23024147854005,2.950133389478162,-4.560078428058726,2.883145866911324,14.310981717642125,0.5266251143113496,-10.66471753526116,3.881028801702508,-0.7908081851115945,0.987784515021416,1.9389299995311304,-3.5916263981517873,-0.6638096815469199,-6.028611699414511,-2.1562878655542326,-7.843530477070043,-6.297425900881249,-20.253520602553436,-11.590894185733518,-7.375857827321791,-10.358897879628879,-12.16892552866442,-16.807727540366162,-9.792242449322133,-10.249472099379073,-8.295233346453704,-5.751317865601405,-1.7836590602130769,-2.180311029629281,-4.503781118793642,-15.237796975163416,2.203507572242128,0.8732860043826629,-1.9960100422613323,-8.574975737063898,2.103716765382758,9.648817225200375,10.683614999691885,-0.05512929971261826,-3.497556449760253,-4.635708297216672,0.0849172308950159,1.802515652212429,-6.697641169470618,-9.009738426008143,-3.503737587981473,-4.20242969678124,-6.783247244726053,-3.9877772982709287
5,12,4,2.0419489601910925,2.004809064620244,-1.519692203467258,-18.06287339313819,-13.178215744746174,-15.038713185343797,-4.325673741606495,-9.269453172924043,-6.728252600560465,-6.990582026314082,-4.410587944362949,1.6073210406594147,-6.911657989138691,-7.913999905264598,-3.692400421583798,-0.32653004033263944,10.752753556910438,-8.141406102969153,1.5212452976748598,-4.155880063397402,7.655825682813536,11.08011329925915,8.494824243414145,-1.6768293218607657,4.679959516143193,9.60809182743656,-9.53943222806584,10.725999906250252,11.260863434159894,7.070338774211251,6.118006550122005,-12.143345999463298,-12.841480923952856,-5.961151311401186,-1.4758948696118492,-11.085489654016293,-14.586863174216775,-2.673002496997757,-4.037314146713115,7.528432725485773,-11.895066794871191,-7.0349992434607795,-1.9934266953751805,-8.613960153082523,-1.9020403596436282,-2.2561163743844324,-3.2877700132368948,-2.4632629573844924,-1.0074990853985275,-5.031311162111419,-4.366057972491878,-5.280110158071649,-1.0463927011119156,4.354522292757767,10.379141585151784,2.554868669998715,3.4571722785874144,7.753847379075571,11.855878805400943,0.4823048978862232,7.854148477406759,8.552740463108197
5,13,2,1.4742854635583313,-5.187906593038913,7.120088638141523,7.11330930609256,8.712038180200246,7.3079559781940695,5.837475075761263,11.765137487522715,6.523964673825882,5.863517973299435,4.607724034920244,9.40649680281058,10.623043231711513,6.353904907672561,3.3427240525077053,5.910856705677135,4.830120079491926,16.087620568438993,8.222681521801512,6.285696101349372,-0.12453422970251937,8.265783695027046,6.290364994781045,7.17702143373558,6.903723281014581,-5.9866524647875945,-3.156246725946846,-0.5419120181624489,-1.6805366489740963,-0.8437675057495824,11.365260237888947,6.195321056443816,3.788433626271421,-2.308609022557305,7.409196666032984,9.643782193954221,6.472646235306629,0.37498652741381255,6.950786447584082,1.2834338108986252,7.39421665109694,11.909952913547254,4.920517064041807,6.833159896965345,8.741350050470453,11.64577922035894,7.4251974844033,2.918369622219628,10.701391081271764,15.01633424484511,9.611185512255602,8.290101152823436,5.143035301223124,-0.008852191496549366,8.881155599408391,10.525641723990253,9.759548752375583,-2.747195027612445,-0.9313588493571788,-1.7415059238740418,2.383960251963313,2.3784271437084183
5,14,1,-1.1591000509243925,0.5353363410728739,0.8484081032958526,-1.969162460734567,0.22246811600265726,-3.7757676678706877,-2.396241047510471,1.0930957520073936,2.586507030876307,-0.6388439262603824,-1.261145319596567,5.270080719625843,3.7864735042903437,0.2874610285819852,5.706509301393497,-1.1857848078035165,6.725966772246293,0.9262829212153822,4.059586945466877,4.255940190607275,2.044454153627157,7.255982992591384,10.387364346937206,10.16899202582312,-0.1297320826319836,-5.0188329961241696,4.418403612313474,-1.7417813660662125,-4.63757128520619,-3.6570795603641666,2.5594339695895396,-4.561274579456414,-2.6218216534031042,-2.7730625767896795,1.207829037306424,-0.12116171554775806,4.482093833693552,-4.175096773565175,3.6817164886913214,0.6485541222514823,1.9065775695234177,-1.504248664964265,-2.095384390025243,-7.456062455934182,6.338790070356395,1.7321966542839644,-2.643023668186419,2.0899985620706545,2.789410992491442,3.6433833516316425,7.430652115653013,2.7947684972228974,-4.632019567046397,23.859187648245467,6.023921042499015,4.018285419791937,2.2621095060461727,-7.3391685328310015,3.691492316971831,11.276811098816198,4.273146559779602,-1.296851482787511
5,15,3,6.971665856882743,1.371864335338882,2.1500879278997074,7.925212944312612,3.00280464029439,16.824670796925712,5.933517764779602,10.72743083416235,10.272988038773578,8.87961810456998,-0.021017170122188733,0.034963904539260134,2.9289157993057975,12.459840316359491,11.740538070358829,2.220369506388812,1.496771140841814,11.46909669613205,9.473371492244489,2.849985603458906,-3.572776108690561,1.7645583329040813,3.7701500838667847,5.871978747953732,-3.2729246585470864,-6.616957476271723,-4.030237456438665,-3.1156998482723046,-2.3327199108472736,3.176631473595412,0.1804118513913323,4.4663716641271725,9.238199789139513,4.67366876139408,2.7303487199086054,4.329519006571302,10.485705360156922,3.3255427006132376,0.4929920164271953,-4.239532267623695,7.124243818666427,13.597735346306303,1.3753306549042463,3.5747706728828383,6.898478424767173,8.647283212985938,6.853453687792527,4.736933152270842,0.9915013760782607,4.502387708552729,21.2110382977237,7.448700814424142,-1.1334610988326337,10.564500902347808,1.686802329768133,15.327758739319096,1.158567767769166,-0.3601349130636311,-3.4328954763165327,8.500776901227853,-2.4979043384536928,-2.6983438736827283
5,16,3,-1.5016905141415142,-24.713197680144763,5.711419098306352,-0.5110125723181347,-10.4247110770879,8.785213001344992,5.424562408793264,16.06638411222389,-7.211872699647781,-9.184999267366237,5.137399008727585,3.905258579270507,-2.9998424090615416,-2.5234681916673036,-4.598063873308828,2.3951262876096133,9.61009276288039,5.412046691857096,9.08286636227333,9.793479303170631,-0.7594703094318258,17.116634628076742,10.339887902691466,17.12954495183942,13.738361232664161,3.601643296265294,1.6587147221150929,4.293597044604946,12.564819634818218,9.506948281628958,2.9001236315475887,0.27057392411388015,5.740095435937007,2.5221936789131134,5.319595669396222,-7.859512530130953,-5.5855292590653045,6.5301488688124785,-0.28832210238068956,2.9291318515372455,-2.7172913176757167,2.565587122356746,-1.1634775719537247,0.5784196610585218,3.7260460483773423,-8.314929074357927,-3.155160204666416,5.222168945298507,6.6870292671019085,6.0071936844870795,11.161257293915789,12.107765410728634,3.781294349576743,0.03469768394829542,8.409152515505149,21.902487626412835,17.604093754368773,12.123330872142455,3.195137197787805,5.724595552957734,15.589665393306733,12.415661108796485
5,17,5,17.123495213142252,-7.883726597939642,-3.58522604835197,13.076142162902327,8.279313855293417,7.403469531263061,4.912939339898887,3.577360285343829,13.245600870549211,17.860082034430484,6.142039204905055,0.6068015902916477,24.11026320452006,23.61239268112834,22.330186148242237,6.824802525290406,10.19089214122151,24.025029721147376,18.622837105425216,4.365065314080113,6.452587106764865,12.83133858358259,14.239835912725194,9.149149387416141,4.172194094692424,6.214177579119252,10.08822681249415,2.8132556364729595,6.205695012164094,10.405428685974787,-11.943410697296581,3.1282124449569975,8.503726578567447,3.5274789244583924,-2.799412197546988,3.0243164055594596,13.819351772931057,2.234212876002237,-4.605031101240368,-9.365035495005277,13.48606438276062,15.921596886067675,6.392666965183555,6.119603562736653,4.083306455394116,23.707154572044125,19.132753875742623,5.490000071163038,6.172791482449127,22.075021381444486,21.93132678378467,14.102156516209964,6.632353959076968,4.1199517108318275,13.96774009256284,15.560547658037866,8.543537608200184,2.5187867926206557,9.877507282330134,8.395221374747226,6.5698254483229475,9.351035519798357
5,18,6,5.0819346323245895,-6.962848153967621,3.8738049110397696,-2.326670288176434,-14.424415423920955,12.259798474632571,-1.045130793891119,10.341891897183547,-13.651108073206949,-10.024927969919755,6.661271383849589,17.126388563615528,-5.9813512447403765,-12.185558935809068,4.4537056290811465,3.8966131699157946,11.507987232310933,-1.987073607197624,5.465015541370278,12.670631801777683,7.6213127247444,19.60001914203167,7.788297524806341,27.463905971542736,10.24109907534609,9.317339893475895,6.90481298837084,1.3563926909289252,-0.21597071224823594,5.78194500757211,2.5783219624043823,3.628422086195249,8.810970908121728,-0.901668040067662,4.361548894243997,-10.089826961275095,-3.4895497401579982,6.902755773285543,2.2790434570449265,9.086667769270516,-3.7364356189670858,4.38702500656974,2.09879440256031,-8.899564274813885,15.169591497766177,-15.525630674574806,-4.6074577845723805,6.0392391610572576,11.726541247286999,6.482753796979968,6.976181022538918,14.285239416924188,7.240411183774111,11.247680778865043,4.732154858082804,12.450903635244911,16.39393174859111,19.6158509977707,7.187968552802552,26.480984305277197,13.321290250595025,6.619365345607172
5,19,6,17.812164119290053,46.80233785255654,15.974878639709676,2.1468752016960764,16.07076154502744,22.904716916223297,17.17723741959326,19.236765579977824,9.383985927646485,2.375051624688213,14.507635451853275,10.054020656783852,3.872962639212792,15.73088612402904,7.838407526337876,9.433992564229564,9.12779089633557,14.745396847985727,3.7642194882216984,3.59638596646397,-1.6269886223145007,-7.59825708756859,2.3134310841560364,5.2813659814845195,-13.018009991072708,-2.947540710901662,4.028067486719851,-10.28868203673784,-9.728721263619686,-14.094657118182354,24.64016677343101,20.08398367053682,21.16568487115978,24.202441819557322,16.064708866514028,16.80809702029132,6.529225220176869,14.767597605815014,15.227197679350295,-1.2256209671088463,11.116743054769074,18.922146879818005,12.625037311530885,7.555605965223522,14.216849045475897,7.788989700331568,7.993393408543454,12.745622857331808,4.4486016559573605,23.259588079458883,5.314707717880965,15.017561626177656,3.714751513527205,0.058216747850542205,2.131578882951743,2.956042035414679,-1.4149288936268272,-3.8008585843575626,-0.4126339373746653,-10.678194587050777,-10.912445724850931,-5.058459366739887
5,20,2,8.733728489344479,-17.674422137620972,-0.14051620562265565,2.285381209213153,2.729813298221858,3.1002470189478384,1.0214332861246607,0.9784471039112286,8.596481324528439,3.196850230815116,-5.513475191359202,-3.413174667950755,3.83255021321224,-0.8527542961074206,0.7567617150432466,4.180463813262332,-4.330881157077896,1.2225648863354643,1.312498433424567,3.545026657216979,2.606130775342491,-6.588328079729364,3.3856288031561332,-12.637333837451367,2.8648090626499263,-2.450518622029027,-4.277461532071781,4.055203125176089,1.607471399826975,7.679557656642144,-9.33957820891959,2.7610822367686305,-0.290160120896449,-0.6531822320028435,0.744577992633665,2.615866011667364,-0.411876160515157,-2.4803972795531823,-0.47097912525031294,-11.040715533490411,5.631784383082625,3.0613627306032347,1.0863791634669397,0.9964362794374361,-7.634351333888619,4.801825819502969,3.8745408506791392,4.462016042722271,9.472523009922728,-2.323385533376985,-0.8085750851825604,1.3508628547736792,6.831544130972425,2.327503183220583,1.2864586914571539,-2.3786651515969766,4.881657826231523,-6.376042900129964,1.5531435745836415,-2.250238786610524,-3.0925064904234807,2.1517756604447555
5,21,3,5.801346440481522,2.0296087056489256,-9.122354951431614,0.03133789749770685,2.8711780232331945,1.1173883174608532,-5.914949243751968,-0.021825020792099414,-1.0464961227773468,-0.9476540409789469,-6.553899755789445,7.334622050699408,0.6390412975920405,0.6166242812192309,2.387958868406713,-3.291148661884264,-5.377352176234126,6.7727919184352965,-6.272820340753416,0.14981610099671416,-5.122970017706747,1.726926464324805,-1.8318840968309011,0.802970132949512,-5.522843947469414,-6.4097480589932765,-1.1947339895385802,-1.4929698276356227,0.43620312614820733,-3.8618089580544965,-8.484591289670439,-7.171732765151092,-3.3235166301814543,-1.2584023710976284,-8.669549707164302,-1.0963242570812828,0.7088531029762755,-5.5028633453497084,-2.2562665534092163,-3.8182528370582487,0.2076540623093024,-0.8784182927593933,-3.498862165565853,4.144018796022708,-6.770668914382592,4.996556970092084,0.7077790523265917,-5.399584215815839,-1.8506529118110457,-1.9615597757170122,-1.2851685156545993,3.863941437894158,-5.692988428219063,-3.5923653352869342,-1.8317525093784406,5.554620272343663,-3.478731161804031,-7.810924392659217,0.20079644517291598,-5.637690049982293,-0.3847498764261239,-3.4925871299886397
5,22,6,-13.351867280264456,-16.52087706765842,-8.184968363221092,9.777249854455539,-3.019979618171731,6.476181280617485,-2.1349356407072477,2.3867970113585724,3.34796885653149,-1.3867066201424496,-3.0882416292144796,5.377834378491816,10.275139293803763,15.723054796218777,4.017201847919241,-1.7547323554782648,0.45968771863319835,14.563735540570105,1.891325083271624,-2.846757239400886,-4.059774793866208,1.4340140372883852,-1.2334116292867519,-4.331569913593006,-8.760353809137396,-1.15054535275189,4.21818639953598,-1.8910339292956584,-4.30351057704879,-1.4390647979566773,-16.02204832552774,-3.2286232028656237,2.2097294116619866,1.610048440171453,-8.025561077247662,-0.4386893332504297,2.2817958680708434,-8.14407068050307,-0.21237599281821196,-7.29764471780055,7.595150885013187,3.610792859230285,-2.9441995344510894,5.207523982585744,0.8485802940728999,2.102573837539773,1.0819829358469408,-4.5729323487796965,4.401788979450741,8.036473666590345,11.507119746543705,4.025280609840479,-3.8694618498997353,1.3194216423804264,3.5767152291927014,3.0215827934216852,-7.005928296959258,-1.3244974659528692,2.825655467172224,-2.4470648723114987,-0.9879441107424506,-4.715969260713856
5,23,2,7.85200673110057,13.24823427768196,5.557923776938055,14.900814777717185,8.114915370271063,1.9355231524876693,-4.156885272823274,10.545425186774173,12.843891906688308,8.51316429874519,-2.6343686762379424,5.84472715806943,15.703872568462412,4.5481357744599595,1.6071113116312303,-1.8070560311728214,-0.1270956259856878,4.462175733977697,-4.071322962550854,-3.7250376838463826,3.8630176167708,-2.8775157901208606,-8.75529076772311,-9.621907116652162,1.5175534326401419,-2.496952352869301,-3.863556262196566,-2.577225964862807,-5.163667271862076,2.0314374131763855,5.250006089464012,4.778657483709292,3.8830954679628724,-1.2274872833953765,5.450523896710719,6.914422900120656,7.592097883498891,-4.100694373667398,2.1776682355514985,21.056202715603494,14.162483826097914,4.961583728970187,-2.2239485732166155,9.278969141671706,6.031445509742763,8.925347295203585,3.482923850644287,-7.355401190088656,3.518019412877038,5.496694434479602,5.146082275706095,-2.1010865287247618,-2.2977246458801197,-8.968840732545848,-5.868048863349164,-7.706727832101471,-5.418371920542024,-6.125862964406249,-4.355921927021768,-8.480542542140299,-5.915963789084694,-3.853770987335139
5,24,3,-1.0174096453503318,-9.246726340455256,-2.995781122593256,4.03936183466235,1.1616363340943332,0.269449770038878,-0.12902441288049232,7.375081362611637,2.2501134788844626,4.840374971853522,4.408878167739091,2.493636428083224,13.5579399124651,6.141005789111486,14.412375701750376,3.6976578145333336,2.8890640332956967,10.976114075802686,6.047305349305995,4.047274810284738,0.9692943406265755,2.8304212786691667,8.732717093162625,8.60055820288409,4.45718756309006,-1.2793412467510237,3.4802686039630966,1.9891713896493712,7.247935588221732,-0.23126700448962625,-11.994087313317475,-2.551903254897674,-0.7540375618945522,-1.213390191704626,-4.251193164461632,-2.835184056686647,5.296095562053892,0.7421073368452378,-0.7643613498203632,-1.9879376721545698,6.832762154409801,4.744056853602024,3.31925505342916,-1.4929384884946955,1.4429882867261767,4.401698295844766,8.665695152359037,-1.0611536447654435,3.173612879600556,9.296238092910041,7.197424969295177,11.654105393715744,4.510870285536639,1.3801622070477173,7.657347473020594,8.598573035867206,8.895744174571211,3.8988488895659548,5.383357965452716,6.26314450346115,17.342578424142225,6.091738249220679
5,25,3,-5.700340763574872,10.750981252208893,-2.0728360431314257,2.840513463893045,-8.743379179070274,11.28846876679852,5.445636046755057,7.5030380186011545,-8.517876830270014,-7.820656379662096,4.772917766510171,-4.608898205239686,-0.4537194563507479,4.638949133523901,-1.713421374724088,1.2091191601144473,2.098882022836222,13.61235844325728,1.7111417950903312,2.7899464125313407,1.3797614450066742,7.947382346840528,10.804203623133464,5.309929458867397,2.7197368765113565,4.615019807410308,6.657848800646094,2.1959768829458373,6.171736243657949,-0.10950092464776212,-2.263919313245155,8.704757945844904,10.2406263709886,8.103686612962584,-0.797067667039612,-5.828269198673162,-2.8851311740624492,3.484727546266029,-4.908345766081593,-0.48917498720082886,-2.880875598701718,11.223563598150879,2.9415443130518963,5.526786306872964,4.296985005590747,-2.904548244073808,-0.5823557052034425,0.06940482699925608,0.721243666348661,11.235903945728772,11.27200132672016,10.995362078725568,0.8614655516036525,7.486185453362226,12.560711429090935,12.40776089848043,7.330394768428695,-2.5551815991994102,10.114160105222606,14.352850005757528,14.022684654675235,7.240292213084853
5,26,3,15.735795952362661,1.5734688233493301,4.795344050022454,27.611063708803947,27.259586937203082,26.437512779750357,8.302225368801599,15.88960144914142,27.70939531885995,35.815289468754365,9.002890281242935,1.851385625715301,28.195999508371532,25.84095348305319,31.51442792050814,2.8711123478757923,2.7951005192660956,24.600152106251475,21.0477011443184,7.54841966726022,-8.93691743060765,0.2515735039260346,13.27329076499473,8.469420028327987,-1.987151691133564,-8.532640774075583,-6.044950717651262,-6.355163630756846,-8.801407943048131,-9.21102973905096,5.538353235540321,20.063962252373347,21.227624724732664,8.519032165635283,4.9853721354611045,24.880116904608716,31.74974689616752,11.620287460047846,0.09105138573795557,5.244798748861865,24.503364366865377,24.779897106629686,7.374091815407866,4.411614899478125,7.2334973499996575,32.41898912655916,31.35894097691039,4.698161715505327,0.27864955066385166,14.735865146489576,28.845320694807263,16.66068880148686,1.6846511939131632,-6.033922369546461,10.38770871196033,18.841672996854076,-1.4841833636846107,-19.466927279195765,-2.9799869344229015,10.280368453811665,-4.810261512924803,-3.0365002917284833
5,27,3,12.011165255021936,0.9345338213734519,5.590107005316671,23.51600242844532,16.100671636258692,19.07330015179043,7.0811448726666715,14.669078089103733,16.0984202353738,20.183489508563415,8.740526622774578,-5.296452321114997,14.387447551710578,19.24889931969187,22.041375782068187,0.16237256263677982,5.39467123879415,25.664026771740204,20.796935592800757,8.469010041004454,8.976409091250735,8.788663758101253,17.535042638708724,22.6815474759333,7.034228863739744,1.94776326643939,5.377865687610364,8.00178525636608,4.761983374133706,4.396371956392215,3.2759462991593065,15.263996450730204,17.106088454562535,9.479621629951884,4.710104340755542,19.6250506252641,19.13940470811071,9.121525184046934,1.5028865323316802,-1.852378214698105,14.929998279912635,22.644595012523045,3.292880273424089,0.7881372115552061,10.194987774588073,20.19606794470853,18.916855065220194,6.541074017835097,0.35607988013397573,17.634326147577138,22.075156060711873,20.958249940196193,2.7914181452289926,11.427469451775456,15.169165785401683,24.324730990863415,13.86633035774548,10.103122371407913,11.382688900910129,18.684163296447554,12.211776990386682,4.268362019972016
5,28,5,9.144909577853069,45.04927462484782,7.49862917162841,25.62944186460683,8.370540586459208,18.783086707679228,3.9872293051902967,18.32615134447087,14.479835949383865,15.42972892009448,3.746264708841721,3.941356024516054,21.439202289074284,13.343597464868239,15.153124066807958,-5.839291280033297,-4.931153987471874,11.456217723512438,3.3975307759260995,-6.263460881752533,-7.976403210789152,-5.641528936693579,-2.433230862952769,-11.48845741009658,-10.24517905796174,-9.570256560041406,-10.860031208500454,-8.429868971821064,-18.0049477655259,-18.8444285483622,13.416571938682624,13.736761078942662,13.78292553272189,8.011063340915053,9.539203604537057,13.557980641836254,14.676950176201043,3.808605418767686,0.733790664104518,6.548695539061841,17.03147619181289,16.328015124050477,1.3848465930261615,7.62915345574388,0.7245909626220877,19.928866252212277,10.269161572668512,-4.358185916860793,-7.858992641246542,9.282491764025302,7.959926378835146,4.437454256229103,-9.502439275701965,-6.306772782558169,-5.767462861298287,-3.378404977685975,-7.9087799779684635,-17.135472309412197,-9.984550083078807,-17.049424830372683,-3.9263384104706347,-9.856781330970458
5,29,5,10.854729909086362,-11.947669204869651,5.762552973996036,20.670037313341716,19.868814663007477,11.163928370286781,2.6294963736393706,8.334393213752934,15.97872076460681,15.505596617935225,-0.10294717466231673,-3.3478374652927974,22.425862628057978,10.0878133348462,14.634070451507675,-1.297083149005364,1.769512005627341,6.23950021105206,9.734213537911376,-1.768854488050792,5.723067511350104,-1.7983698990400416,0.31022539094271906,-3.3434974060325704,-6.236992142413081,-3.290337607565494,0.2954082224154613,-3.168399195709243,-1.0079093496883051,-4.365935845204019,-0.7888322987298404,13.222075441897632,10.062863281723587,12.898081936873496,6.247854577871493,17.618807442213708,23.20590256436207,1.1791778140326512,6.144071427276122,-4.875188695312272,13.986959802668258,3.6891972732548464,1.1547351437507252,0.9110180661763734,-0.1782105627310704,18.622993827593056,14.122920026684671,-5.848707045803254,0.37289486790825727,3.560053747419905,8.226194727075546,4.288236192223138,-3.5725130045264035,3.97715287786204,2.308821858054528,1.6906728606852823,0.8277416517730904,14.577607110960455,1.2060504032344321,-12.21366846479657,-4.415050056910642,-8.179325907059562
5,30,1,3.5654175495955966,-24.20864505663788,-1.9925656730150123,8.138459537746147,-0.49194619394611794,-2.5317034427894334,2.7590531919282166,0.1409358785192428,-7.135131258176779,-4.794730312349959,-6.758193908690859,0.7112391730089018,-5.306910796863276,-7.401239982860093,-8.061238860029995,-5.4029691658187184,-15.826712749216984,-8.244666345167632,-18.74131244371032,-13.666432501611908,-2.9192808098500476,-12.318475601501856,-17.303424958139658,-14.74961783905036,-10.068011288440266,-4.184387393432052,-7.482825538924347,-9.436525726327439,-16.439510719714363,-5.5159238674393976,-0.2441397096234846,0.027160688530561305,-2.822339484831545,2.719930914031886,-3.071802384592024,-0.8324009663220966,-0.5030309780409965,-2.9402760712219744,2.816684383649105,-0.03099339044221444,-3.9837128738531957,-9.129140501580675,-2.68635736987642,5.137135940513049,-6.021497381271841,6.683716258692843,-7.236813341244694,-12.570308752494256,-0.5963619127983164,-11.744821703493056,-12.12691938500034,-15.395228356213822,-8.724654079494403,-5.040313657486765,-14.727138202819159,-15.708447341741877,-13.86228166361589,-11.283374104830553,-10.048143227255292,-11.428634297145274,-12.709760327562229,-8.952454737228592
5,31,5,2.658833412112803,-25.100778159481013,1.947021119841714,1.3345331313718858,3.82651315938409,12.670497161801904,10.678398189327975,6.715708611215034,-2.973201515408597,2.9629495891674247,7.281756659265512,0.8491533534692195,2.386505898565234,0.5381606598271123,10.767207412123012,10.49573172771985,5.025753068307519,7.926960247500641,10.585853120448382,6.752228785510653,0.3533275193682437,-1.8322315367120439,6.292619449745229,17.52064512992597,6.133086878306615,3.3644613462653585,1.3327515442378648,-8.834969114739353,8.61043750908135,-0.9628845918923616,8.731931161260372,1.5938878198858446,12.49918481450891,15.633600380430675,3.8707832278394143,-5.55094719521429,0.2752396040255334,11.687635076164101,0.11653376156861767,2.315479054578534,0.7395334903650541,15.759117864890072,12.892213831996402,11.65968524267692,0.8520779554539071,-10.177277233913005,-0.2442116833167009,13.740142844976559,-1.2139350539641218,10.929530033614581,12.043389343543026,14.903116351629535,6.705672853603601,-0.21288634595892827,6.006871256477583,15.972304760137716,11.205468044502707,-17.190770789799167,1.362846250464095,1.978164887714497,-0.8323884677232769,6.882217632652052
5,32,6,28.892405838285388,0.5929206116920005,4.663288496400613,24.034739843274423,13.88779844108559,14.442943256757246,8.78825978312369,6.070899542330239,8.46601646420796,9.916357031705354,-2.117250074064586,5.770309121438826,2.160962919199205,4.496745142006746,5.468773024883575,2.1139998360559686,-8.01857205566654,-7.143811015730223,-5.360606010293401,-0.834608672334382,-0.09365974571385349,-3.1633767462221916,-3.90652042836314,-11.846945174878883,-0.2114303635387893,-0.33805625590427724,-2.6202873491295966,-1.0999032018433614,-1.9915949444104797,1.2436257970133215,5.560259669564852,12.537258154076595,18.07106160749568,18.131532880852422,5.699072498226226,12.142967379651964,9.767195274099336,8.033971678511028,3.2534417758082452,-1.963200554172168,13.019597474985359,7.774535713444753,6.270211854767867,6.510947900347224,-3.602598380615433,2.6198176739328525,5.166732836469281,3.420044663475779,2.447844525549288,-5.29299535765881,-5.807991078804911,-6.620176520772137,2.371616628165811,-8.368323606796704,-3.215205763989104,-3.505131031136691,-3.0670490837315203,-4.067289739892607,-4.626164212300466,-11.906258002037134,-8.432129786168108,-0.3697040706713923
5,33,4,-18.42754244770878,-9.892831668507583,-3.499535398225574,9.414832317395279,3.358089297728777,-1.565011115244975,-0.8859646065123732,2.4198008214418834,10.287523502529385,9.48869291631642,-1.7646177466050128,-1.6538894655205656,16.11580201479176,8.59343466117252,8.953954710170816,1.8022213670447815,1.719718246425434,9.113747002193469,0.639542188660082,-0.603736012719753,-2.9726128137170753,-4.2807713285452,4.386176483841931,-5.1039443371090565,0.7961125628250387,-6.109085506680084,-4.020611880960445,-6.291526529983404,-13.173117944561852,2.671859525507543,-12.788252204792897,-1.366581959331909,-1.500619452264975,-3.127833592682715,-3.1805956480320443,3.7710487784181823,3.5669549840911294,-4.315287394539977,-5.169601080394013,4.674965178084321,9.34840520371387,1.5159502356744745,0.5896609192203012,0.2212375075351909,-1.3096051627327094,12.323087869609541,11.667432047790154,-1.684049941747019,-0.238340555031489,3.04687748937981,6.186904195060093,-2.6259799925042553,0.803280049548825,-2.9505624761691363,1.4813777380963655,0.2544041101298309,-3.5918393477275012,-14.595229995141667,-1.1509336990917571,-9.05490086672873,-6.952201856890837,-3.5466704715395405
5,34,1,-1.53737445618594,-0.4928260319639093,-0.5367140965195518,4.055369140216854,-3.9956618648692492,12.005748214205822,0.20170770416308906,3.5705559866094028,0.2492813507276704,0.9346029195400715,3.8805121781031895,1.5199771080075248,-7.045751935166378,7.5544535142664895,9.46043627705459,1.9625398135849097,-6.344792753673819,9.797960139334018,3.7248592231331803,2.768669298918145,-3.913005455794587,-8.625411330302036,-4.154718389416614,-2.1321550612110767,-4.070966021271375,-5.557219233114003,-3.336348719213431,-3.9604255970164264,-10.408450357491011,-7.782808553597819,-1.1695741688855332,1.1560032109775378,-0.9810867623153432,1.7561852625548489,-0.29434353208578296,1.7236575282678563,3.460109397246525,0.1283480574763028,-0.3902296067283655,-8.525094440343173,4.393181045119444,12.807271671157743,2.852678514301503,1.7073090732915377,-4.573170321062207,-1.9641429795542857,3.3263787089324572,5.0170419655496055,-3.062107991248301,-0.7392296414686044,5.534554998776537,8.933613797445304,2.077100896321965,-6.232454898948898,-3.791662056169402,4.295995588147467,-2.2349644255165653,-20.052235655168587,-5.286479268177621,-8.453607180178526,-6.8881358338928775,-4.408721624941723
5,35,1,6.5960123904231125,11.473956367864108,10.521890379329468,4.666106732789334,7.554165574562985,7.68724806161552,7.298427637212163,8.468740704574437,2.8638195216814752,3.3413274337242305,8.629798169121448,-0.5534665260986412,1.124035902957361,0.6727086303346768,1.2755712637927674,4.205235374468185,6.779351957006066,4.789660782825839,7.6213565003297195,7.727550808135875,1.7093788749742793,2.4192026014008166,5.2793838214583495,15.903109681451836,1.8718798539669423,3.176478069616346,1.738828626464167,0.9721657189543402,1.7705109022904124,2.2076784056815777,10.111332577812233,9.203279850686467,10.931997428284722,11.206457428543311,10.406249122875861,5.9551674305665765,6.309722316246933,6.047064357232756,2.941963837131369,1.7641951050382192,3.7709172627471212,5.328250583998078,5.583969719140089,5.179893589692143,9.82204593315567,-2.8627925825691425,2.345724221389945,6.338508228362514,3.716861930607659,5.911307623973347,3.284760769820068,7.675386803077032,2.9548866528075024,-4.285252176784551,5.353729794085842,7.3364851582431925,6.598961985772247,-13.266990574621946,3.397098664830369,7.285401466552439,2.6673254116037977,5.156315021330443
5,36,2,-11.165108777622391,4.765418440830416,-5.1387328313118426,-14.274452125721778,-8.99332746435184,-16.129100436622995,-3.489518452356233,-8.480580204484484,-11.95483985101441,-12.998245311628393,-5.042953288352977,-5.1086852258048605,-13.757433767856396,-14.141081552225632,-18.6221264120782,-1.0297374536919353,-3.6899392270801075,-14.324593388816199,-12.828915049480957,-10.500491348257075,1.5527584612505834,-11.67345979124047,-11.098149551731748,-10.525034288324912,2.7916435672469984,0.4158936326914431,3.4100684797981873,0.4285346247857754,-16.923472198471703,0.5334450784707215,-9.701635686226375,-12.821628542117235,-15.882646778291768,-8.542548164063726,-4.998839836703931,-9.515352599572665,-13.308843375149577,-8.154604326325993,5.649992791277064,2.0683113742029184,-12.244135884636245,-13.946218690198917,1.287366758770787,-3.0489190022074975,-0.673679501204411,-19.032408790890035,-17.17237764197152,1.956151998692715,1.4717020500087874,-12.300752416979982,-20.105254466316058,-10.478118301005804,2.928489985360434,-4.675409774591285,-7.588274586400614,-11.995715526114337,-0.24785348006933103,25.239509719355816,-1.3018457884843493,-10.450835448689759,-0.5106023595463964,1.6321113395572797
5,37,4,1.3277320681685003,13.842244489095737,2.152160779970539,-11.180937398997393,-6.483802908054763,-13.238874865241536,-6.44781508005974,-12.29937151040337,-11.518730605123329,-19.648810781538486,-10.209742384167708,-10.924476111182802,-21.07371286316435,-16.02810418851129,-17.049418479022453,-9.98536107058796,-7.687664639562508,-24.629432911553042,-20.61703427099599,-16.95861137076849,-11.545346508234203,-18.901586934333526,-16.19531775647404,-17.28365712974039,-8.338297802534674,-15.061230333556022,-11.819217716888872,-15.413621624565403,-6.540873587847023,-9.317402439032929,6.943681586034048,-1.5705723019171973,-5.229098574962561,0.397068363659812,2.8346392258990387,-3.564224624874289,-12.286376707801011,2.093608910535894,7.602152423501564,2.7026838697493076,-13.302183075356533,-16.453526236116886,-6.769012456475876,-12.26852531571554,-12.422822287510616,-25.657081485703213,-25.077531669198027,-12.53476877237966,-6.92785918864808,-21.201221672079814,-18.693159532665117,-18.060831758488966,-11.4306852564034,-19.526841060780903,-18.849025211774002,-17.09754936233526,-13.946898241050354,-15.813686569698344,-14.82464954815805,-6.309938485734165,-13.468454175378849,-12.921650987312988
5,38,4,-22.57271026302037,-27.58401259325626,-18.572138594645185,-23.071620464006944,-20.46790698079802,-23.942360887803687,-16.513706458959636,-23.30181964125666,-21.463053250412745,-26.393534009793495,-15.253143486975716,-3.2218126650990513,-27.19918748665396,-20.83327108810134,-25.585973378270864,-9.233252412355624,-7.6432943541738325,-25.326293253163797,-19.799901329707822,-16.101874153882196,-4.127814446780377,-2.1925574507359875,-18.683558953437583,-14.75471863623073,-12.884169515994637,4.021044038901978,7.038083440692327,-6.026732887482134,7.684514511669078,-11.786727561899342,-17.843088798065917,-19.827819880518334,-23.911768180159164,-15.04966973067012,-18.5053357853577,-18.433955106786282,-23.637486895182864,-17.692154632154384,-11.98356927822276,-27.00221408967203,-22.332995023805555,-28.64440523133408,-9.580805840192177,-12.598261669732443,-21.612465421419312,-29.52321807598756,-24.028474190559187,-9.787442199976704,-21.80671119808061,-22.270441454403652,-16.954315266685516,-24.08399792201817,-4.943641559538862,-9.275659311744501,-13.225679631004251,-18.393314186029325,-9.307532744005137,13.620772290600044,-5.752047497506548,3.904807690213004,-2.812710817363794,-3.779352987256104
5,39,4,-13.561365472493554,7.259411809023282,-3.0414477901692263,-5.529400925514027,-3.247163613025873,-10.891416043916252,-3.0781682625401587,-6.844235215858532,-1.9105480637617118,-6.013972922029518,-4.745766480549854,-16.7149256066442,4.825225866785868,-9.049878217688786,-6.373738401203143,0.04117323353704938,-4.344859234091442,-10.746365716994637,-0.7637256459537437,-9.367571864958585,0.5915835690854985,-4.156346680812266,-1.1116235416791436,-2.979749026219933,-5.125985446658623,-7.360430033423194,-4.145640833720728,-0.6739268408088762,3.201356047877996,2.4036214586330304,1.6062783245792323,-4.129668178019772,-5.391527460990245,-2.8765639067221462,-3.1516595063276767,-1.3292444907128813,-2.452651013506623,-4.06082066075831,-4.361608414261932,-8.229905409647559,0.3580682800128714,-5.7944857951469455,0.5560935956678665,5.843427703318349,-5.6195661525991625,-5.295559941257189,-0.8773254905486613,-3.969647239041854,-7.1402070617257865,-5.318891087194858,-1.9479418034074683,-5.336463857782871,-3.6539513784668003,-3.2840594198304864,-4.215145776343603,-4.946331394201706,-2.8542629005713986,-14.070893767675967,-3.624595680308145,-9.2010565179332,-3.1184522423711485,-6.216137853365892
5,40,2,5.195938251543472,-26.382912639891966,-2.341258864940669,2.2484351998058774,15.2370893799291,4.979525965490809,-2.3469797106368877,-5.979294107613583,9.242308016434851,10.756736546186964,-3.778097314903477,1.747295531643008,7.569446195144113,8.942904399957785,10.404100970296957,-0.5538265120874091,-0.7025968732266914,8.090651088598655,13.97577490893805,6.194284583737213,3.3815174429143604,4.19976816131029,9.995183770840127,18.87636764002283,3.1840588496543636,5.059035534717755,5.691973952099497,8.171278495057603,3.084120887763251,15.390819585319933,1.8229535530980032,6.394633397085185,1.0236377192252286,1.1785484034250053,-1.966494640948752,5.62542792246819,12.888969897269833,0.8171015473667574,-3.35764453484586,-4.960835417494083,0.38406102743465453,2.8143077966325514,-5.160225978637929,-7.041089447010762,-0.3567248669612,13.911686928056902,11.830878689748841,1.8777947731361508,5.516568989515665,0.22041715990479704,12.212190370370704,7.17945142708174,-0.3293606331458361,24.421011722101497,7.23881743044206,7.629619992724278,8.661646528033216,11.646677923002624,7.557559856145479,10.705183023995744,9.197624639835116,5.440795052671666
5,41,4,5.016196489532863,-3.1621335333712923,3.0403580296239467,10.772568313086902,2.500421956181526,19.52411066817983,11.580335459490188,7.247337520412146,3.2642008736048176,5.9264973607141425,9.266447141652973,5.876205906436619,1.3588695632430117,4.828119134757577,13.295109583428367,7.6460122536447575,7.222440722216733,4.169097267965809,12.447459241011885,8.786327753693048,-2.7069612219702543,3.586459753273915,6.377464646882401,16.285492320317868,5.136879240560188,-4.133078143909211,-4.186100069796893,-2.438416229140741,-3.6415484535746385,8.499217476309612,2.9889017197803196,5.183569698049348,11.366021200253558,12.73546193403805,3.1827969287590294,6.6960911647212225,6.489864982346573,16.9768228325936,2.7070801868841694,5.161059004112671,10.52776475527846,18.31588083176544,9.423289870048263,7.228033225063417,1.429442377153376,5.829740796351758,6.657767341107343,8.1767676213441,-2.191971908482473,2.6550070135967743,14.160241911539854,9.65064271641668,3.4502584393613214,0.8687519973098505,7.7556071459520135,2.086807819106045,8.239283452906482,-5.915462874103246,-1.8616719393105046,4.94386080643389,4.9331767801720625,-3.100782382438278
5,42,6,-30.27942244399613,-17.07820765157912,-17.106517443206254,-28.372343737825105,-9.387637038783335,-4.926118938246646,-11.355672251705714,-8.55394918505647,1.366350175210889,-5.704066923047169,-8.188152901172398,-8.7197442256005,-9.678958875200971,1.0355146597707412,-7.896248577571498,-4.830307981953384,-1.8125702406183206,-1.7224864545391845,6.010926207936392,13.990949102881835,1.6916401595694999,4.360668975817288,9.08884084215615,11.399641775639681,5.428298078136655,2.223475704963388,-2.350085966094543,8.542870643094366,4.767012226486171,-0.7298859368453208,-11.012145674120195,-11.493943436275703,-16.67343927901692,-17.30135199345546,-17.930586053626374,-6.870628788658394,-14.137834353520093,-17.74449716553818,-9.254654753998643,-18.286947734835667,0.31852957624487743,-5.468547569661647,-4.041165596941805,-9.538167168499855,-5.721238881298459,-7.990105643686719,-2.232731872533519,2.2305180306387378,-10.46458173242807,5.332092572713454,-1.365698800944699,11.97592275805499,6.161265239091136,-8.20873170813954,6.149450898170471,-0.18091602051040095,7.254429901927348,-3.3221264810091222,10.624972180026113,12.085301479029399,9.411106134424124,9.307620389409726
5,43,1,-0.6846859358569095,-8.611467584127153,-2.6672597581111797,2.353076382108581,3.076518121678044,-0.6492365943608688,-3.128378355875611,1.2649405048663203,2.09693444626429,2.823585766163177,-3.3306685642044,-0.9948956687457684,-0.2992252473855721,5.307183395662321,5.9301672775934335,-4.01020356515854,-4.550133504791232,3.8474739367517183,-0.6343192485410953,2.9134034561901947,-2.826557346142648,-0.9532434477856964,-0.60955718072222,2.8207927184241917,1.059437625432422,-2.395611644276735,-2.247668035566897,-2.586964248324654,-2.1408068202592148,0.22564947514272346,-0.6175982255386423,-2.8270396390594774,-1.4401919946284614,-4.844138792057226,-1.9607894103065502,3.3245937622992785,1.1664491796457208,-6.442883237060613,-3.3639854298813674,-3.699696308001876,1.5733247121239509,-0.615465966621187,-3.769483163998258,-6.897579805085029,-1.0615763298303995,7.513580918902672,3.791264471717226,-3.653572514607775,1.2330202347280965,-0.7854536783359016,2.081193419673096,2.0556015280506936,-1.646700088582115,0.45438019776853006,0.6751731822676035,6.514166952482793,1.458413004193726,-3.912986603406509,-4.611005474324907,0.9944009708876669,-4.297514235782552,-2.445060850757106
5,44,2,-0.9863598011434079,7.947886505141495,4.585244518886437,14.13749309204428,7.744697799531337,11.756773799953121,0.9205934879080415,11.404989991564209,8.423155475930288,13.795998606450366,3.157897012240095,3.587875083191093,8.283121431121463,14.963587692711597,14.29173367681187,3.757217924150341,10.252979161024728,21.64683748551975,12.411255418129896,7.7015674399359595,-2.6286291156543364,4.312441000805761,7.248693514463384,12.91495622468477,-6.2296148194681615,-2.519087488240586,-3.319524354801128,-5.5455395390688444,-12.859848723315242,-3.3174075629582025,6.615050520471064,11.45692546100486,13.188094829788385,1.6583139446518584,4.663426315854875,9.84028259124437,8.085312277203565,1.2854816958637585,0.36213892793691804,1.6240764902791063,10.909737239756456,13.118596132617538,3.6961016006165774,4.926895447228698,9.619458383108238,10.507217207514657,11.95612677709744,7.22779838090036,1.8500548454410426,15.542527105221993,19.674271216525188,13.437326028534187,-1.4246921813365339,4.826080757397705,5.32669751547709,12.883220875158715,0.6493369063317065,-17.159952728622937,-3.022650708531018,2.172517255448354,0.7582740604127873,-5.9884936384056
5,45,1,7.9785073642425886,14.02990526642378,1.5581849694930636,0.3587539858360805,-5.863724637174667,7.913129431036552,0.20502066512296888,4.922317495738528,-1.7556623554129795,6.66292462516122,5.7924848562063875,-0.8847779171405041,4.521410279025653,2.4318970213417064,3.198137064396245,-0.7593669387790172,2.925136390233005,8.047937278908384,5.209192911571846,3.4153853007819395,-1.0669214029387541,3.209538076300083,3.701640822061495,12.005964289033198,0.40644659171244435,-8.284114111152407,-0.44182380444438346,2.9399285186990736,1.7653317170944531,-2.464875555415521,1.3270432136430423,4.621645627020881,3.7495118730088177,0.12653507032181865,2.2665809627122644,-4.678274918892759,2.4192497304118254,3.5960352526546053,2.0708852733099254,1.6910201998586507,0.9601353307981506,8.875080731947248,1.608714451002548,-1.21830943194587,4.693195420993132,-1.850095515701603,2.8726967673581214,3.977043279423948,-2.407901928691965,6.744178249341682,4.052018689173389,6.621992553198116,-0.9870862724009611,-2.765494260093675,5.095461778378217,7.170402066952479,1.3080395064203127,-5.700960667349583,1.3607921863610786,5.663447956202504,0.7344889430919794,1.0777806566528438
5,46,1,4.933928283885484,-7.499540302260756,4.053242996806371,-1.9859742449551114,-8.59355980721188,4.105031212098992,-3.7052981284469713,4.669031288497512,-5.165865444794027,-6.728052200295218,0.7780450723111273,-2.7048319275604498,-2.626274336004493,2.1305548802654206,3.170224796310521,-3.8295974544045057,7.923453133689558,6.97376066563288,10.004345956099469,4.753673004440778,7.6030197740282635,17.062501052349088,12.705160409351258,18.568074249821457,9.336982329114814,7.658953905741613,6.370240728961447,10.759169579415415,18.432762169158487,5.217700732417592,2.3095014287476854,3.367561387920344,3.035532806363958,1.7745846425432963,3.864144875781565,-2.402682017512258,-0.5802295688502834,3.598242742236611,0.07471235459897585,11.99035786912299,0.3423054229876989,1.5846348445771667,-5.472928277012414,-4.412187957148091,4.377628031355702,-9.308656714601081,-2.9869010041399675,-0.8780332029819843,2.6119268157067945,6.544029948051752,5.40295969394302,9.484002323707614,2.8068584453587135,18.672123587553994,14.291605354922751,13.42124380248532,13.31411963753493,11.037242911980346,12.469719485402482,15.391236122288717,18.411306514200295,10.55775618277171
5,47,1,-5.752260418926796,-17.028811395622604,-7.752140924902399,-2.776466287263645,-1.0501408386952817,-6.447739919988297,-9.07593375459177,-7.658286997185253,-1.2145895656927992,-1.6774648697819683,-5.261494698252796,-0.12363240890568383,-3.9103156457450714,-3.670421961791499,5.433984523673158,-3.2085486268397543,-3.8424232153380995,0.5709391574988655,-2.6571801019968833,-6.908238630685048,-0.8641960239265025,-6.6354132304649545,-3.5139894689001685,-8.60121262162107,-3.8239173759342866,-4.4092665254252,-1.1499535248773878,-4.529335426172333,-5.96776149785373,-2.658845909871161,-10.782143733481215,-5.766855282087169,-11.150942909508574,-14.059953082080302,-8.709326410257233,-1.399444805162889,-3.256194061822568,-8.734501911094412,-6.404246405652934,5.4260279460094605,-4.908430310147932,-1.037612701698047,-4.493482313823049,-2.0535066762893663,-1.6886999292253724,-1.8397592153945368,-0.1096949964966153,-1.3663657990443272,4.3732098352800035,-3.345864707070246,-0.6020671124229311,-5.095574377081928,-1.8186355314285678,-0.41097751350664535,-2.0784566607326265,-6.547846966601978,-2.2327317973860072,2.0357146856727137,-2.237272198675427,-0.3924277663094579,-4.642249497596355,-2.7251601892199773
5,48,2,5.769410493170342,38.48787863970529,1.0039231139916656,4.180416837732147,9.66156782525615,-4.907716390994808,0.5409726261149919,2.024620575625903,4.630773355661915,3.572055893254513,-3.5154610960971446,6.626041328761632,-2.2845983240730714,4.439990711023623,-1.411208902122226,-4.65817203288671,-1.1910015497265793,2.023305499517335,-3.991209185432373,-3.116200858590805,-1.707008520166796,-4.782371172772314,-6.3191725556715985,-2.789292036033259,-3.8290057079412207,-3.1340397323649256,-4.6698078988176785,-6.509792475245624,-2.04326110896541,-3.459865220867826,-3.058973497046705,5.189782186868463,4.628262068644714,4.395163190480115,1.951815173768142,7.302062941715121,5.400536116155819,-1.6324714650059264,2.093292717254016,0.3829087063261279,1.0675101230011848,-5.939548593128053,-3.584972456160069,-0.8283365967842501,-2.1576781319681455,1.8615340891282832,1.0334918397228892,-9.81427416393942,-2.0154240335587685,2.458293623097876,2.784908172316713,-8.071493768655671,-6.481504527920085,13.17234145931718,-2.876256978502724,-1.6463682325784004,-10.608993285494595,-2.8230628472945942,-4.865788496319463,-0.34079282412805345,-8.091806382417868,-7.33339765486193
5,49,4,-16.9185371125435,-12.82033528316561,-10.174164808417741,-20.360266143705974,-19.511347683328307,-19.380616669747518,2.257775804277782,-17.63159243685262,-21.554452273017922,-22.692419039857814,-6.444959314611019,-16.12523656670095,-21.618849908308363,-29.162328573807,-17.994530052764386,-1.0803577101266957,-12.024291583155163,-30.874312696660443,-22.66230863496298,-6.378109636418404,-12.028778789519542,-18.3741758224986,-23.417260583160772,-10.278001305851621,-0.3515050883700202,-5.679858953328573,-6.577209000998153,-6.675957105735818,0.5144631845717564,-1.0419087189976588,-5.059439490685555,-14.189600795706196,-14.091632364703926,0.566076158991696,-11.405359445792833,-19.533135045047207,-20.030645496075646,-8.497799066769913,-3.0215046396365444,-11.23566912816519,-12.649501954352974,-19.724697474526568,3.379920481454308,2.312576342760245,-14.060353869116563,-28.766606560749242,-21.02381265152064,-3.760684194770164,-9.40014036260999,-28.772383660259756,-32.041209854617165,-18.040979415950613,-1.032846816610999,-23.511690671305818,-23.740239781304822,-22.319784165166965,-8.656050798642195,-0.42638657612317155,-15.184321079403162,-19.457148141295804,-15.088434979285509,-3.190067713262467
5,50,4,23.583309333090018,7.733810279217385,9.475845280330534,13.143242485037563,12.034812735189217,3.5560300253876838,-0.6985481105767547,10.678968018224673,13.047137162284692,17.07558959007417,22.12685023587077,12.013419813794512,15.976557045663919,29.395555822820405,13.661134522589972,0.17898713327126498,11.28305787272842,32.844902993066285,21.901673664725053,10.02045332371802,5.676427061260655,21.42549657266838,17.32634274148888,17.184166973252317,-2.2327130047331853,6.7834414128943825,6.048354428999765,1.6813570615188103,12.847286327980553,-1.111589105447708,-0.9607803852357004,14.693859054513904,8.603338873945177,6.839528896351823,10.066824582587115,14.342504314533087,9.873367726075934,8.86796333163227,3.7815793325624822,18.30680327520638,15.702867430998248,11.899212585557716,-4.109358632295369,2.020277512432984,13.891393135540282,24.161932484996406,22.036422120674136,3.4995103443677458,12.639178123677196,26.774942753013082,27.447147396449928,13.176368297895463,-6.280150580742373,23.180398060304164,19.05901208811542,28.74815710604466,7.501556884843809,10.010931158710905,8.352924037142657,20.772658872077383,11.270191484947246,6.358285473364335
5,51,3,9.458989520034777,15.99270827750244,5.973839413692674,0.2530983061325276,-2.3462437584360116,6.720098561448296,6.051961726509035,0.8476096572291985,1.972813474514139,-2.6559244217578257,-9.012938729555511,11.8626485652313,-0.503863981584225,2.523386707767938,-3.1523234746078153,7.331024121833831,4.4368906544476046,-6.7133445168317305,2.7890945292963893,1.5709856854887982,2.501289173097507,1.9624960740414918,0.10887137961733195,-0.8111113453420242,5.644297030084289,1.3154167464775264,-0.25932967335712775,0.4009730766141204,7.465712982434324,1.135055041576666,9.286662630481285,5.448203728738718,6.767208949730892,3.7958641834557056,7.3563124137680695,-4.028715721876705,-0.02999152102302538,7.730613257281663,4.1454278909396844,6.618081493757482,-1.318391550196021,8.767674920075322,4.782956697864504,4.164744762510695,9.196556965706916,-7.135488050058484,3.2395702455101967,7.2738188905755,5.331876565023646,-2.361960049264316,0.8693970822978998,-3.665490249399003,3.962611136401478,-2.5335446787861784,-1.6769356097253743,-3.774274062637875,0.7297137613158424,27.084206884045436,-2.4424555483387715,-2.312623357354868,4.499669760829069,-0.9782152938224901
5,52,4,2.215140314715938,-10.93393875418299,1.9350002201149086,-7.295443483378471,-5.738244924205926,5.404728876903834,1.602489480362614,11.466741902546438,0.5758801478531967,-3.6360122741813337,4.144444678381946,8.582644243373979,1.7062005564945224,13.775535622861511,-2.084274672982625,-3.9692276206503574,6.645276749960895,19.553012452974194,6.6133564310375474,4.891180128199843,6.35166596703476,13.51971329219367,7.417472764077351,9.391648338903199,1.8757657706964657,7.014598890383752,6.922601759161163,4.455308833784175,15.152003048146817,7.3761083691256015,-6.019884810981725,-0.6515757869574152,4.605031110263975,3.4573445328704366,1.381164316496835,0.420145913844975,-8.649894808782495,6.1467079185403675,-3.491021481084231,16.60795478331971,0.09522535353785544,7.83518541418016,-1.912273373946026,-4.760608815996931,13.845366497546802,4.931517234844406,-0.7517016848730975,-0.44547173417196007,3.5999556105035895,17.420873101346384,16.307762296461476,5.858739669253001,-3.408881686627865,32.78833642043173,9.362057704614791,16.421483891175644,4.302186156320668,16.14732447003082,8.157413175011555,20.464362500735163,19.119768410148776,3.61921925011386
5,53,2,8.362261560438888,3.980327965055663,9.397582020269846,1.5691632178595036,6.050574470622319,1.2269768530287108,3.921237489980896,2.219041837481555,5.354002152683166,2.3285083468469616,6.849505184808882,25.10022705552601,3.48287391629661,3.7533162643837694,-1.2064700389916956,7.570338568264027,16.695085852225194,2.8761818925850093,10.061219460859034,8.990487446815417,9.673306953934276,14.030556797396345,16.207583025850287,15.734433938794556,6.60549384553167,7.179473364328198,7.517983547207422,6.9057273567972235,12.03151229464608,-0.09487465426053165,10.682346720521041,5.5339976317908,2.3622509356099775,2.525440756072541,10.704838664793387,3.797498766100034,4.005215445533395,11.319108336800474,4.5779767783086145,14.074328889953904,2.600231521547115,0.9354325513151001,3.259713715430711,8.047912265333103,11.448364484373755,1.1914993377470562,5.051980749982205,9.210594490225846,15.988221076362553,7.183440642479643,7.432916083532145,6.922379442683715,6.208268971477707,9.874707851081899,11.460329110120849,14.22672198204005,4.863418098458194,13.585532716384577,11.485329174110104,17.3912073091672,11.811085800049684,5.521231443825656
5,54,4,-13.591310005862171,-5.19933567332422,-10.382407529415882,-11.512054767039391,-8.188165302394053,-26.104375753767503,-17.851026505867882,-5.960174364770379,-2.812757815802243,-9.063699798522205,-17.23191595420514,-9.338623134317107,-0.30942689854560934,-6.651708568832501,-18.684595401376107,-19.17020070198469,-0.9978391218493228,-10.818263043876643,-5.281657076645189,-16.61645930692009,9.215519961946434,-1.8681160409866662,-3.610608378924976,2.483306154427,-2.313506320323341,11.732024040800049,14.059787219503848,6.824057293574545,3.35779783404546,9.327829548367864,-13.736798714755519,-10.724763015580434,-18.665009198960195,-12.441872959911104,-10.768538307648424,-8.871113400724598,-16.98194882434951,-19.62181605789356,-5.172212543420311,-15.138510416545786,-6.651467242028293,-17.23113610668155,-20.198804627286222,-20.551374325665044,-1.1330884982002662,-2.060339045142983,-7.218063140969453,-17.5966723935179,0.2345642698701562,-1.5587736519916748,-1.3960911090054187,-11.185678098850502,-6.738598286798908,1.247427154241536,2.296591198276275,-4.096006930465018,-2.8294912090570437,4.619616542829247,8.404154681123606,20.520048969220838,-0.4782247822277448,5.180811011754884
5,55,2,-3.827956736746543,-2.434160898189718,-0.48292492775291906,1.508331800561125,-9.803220736885033,-15.353372713732652,-10.385069052189044,-0.895662254642513,0.5468344395985909,-2.237078049833457,-12.988381867251572,-0.6842725698881573,4.420567324458871,-6.275519442307285,-2.463416392574223,-11.149192503630752,-4.124939951727668,-3.319101533080201,-4.7207319352878025,-8.145658310093895,5.484213414829129,-3.892088440587607,0.28155538169439953,-5.715580560176108,-5.300983351132856,8.488718385308433,7.084598672383168,6.12057424873034,0.5988668536812793,2.4358486132525887,5.9496063316459535,0.9624869754401644,-4.810537076850493,-8.749845226431578,-1.0554827987784285,-6.144613090470982,-9.535803206361514,-11.772583542618806,-0.6726931144338584,-3.730824406449002,-2.484223789535463,-11.43980042277495,-8.566179942065654,-4.6670272920916736,-5.4060785135072535,-0.9356925242194323,-4.904437920078635,-9.553128474551006,-3.368444338446576,-5.242011947929289,-6.451622702249488,-6.938596378284984,-5.792159188351388,5.256165256838757,-0.5152899164269196,-1.5453498578948406,-6.150349621910872,3.304788548135903,1.956230310444924,-5.371155362780684,-0.37944553760675304,-0.7558348781880686
5,56,3,-3.6840962716264722,-2.0114129057562895,-1.1229243725098144,6.259152104873664,1.204484933868004,7.373716113089422,-1.7638600042498696,5.495886773529755,1.9178031881725988,-1.501543220223453,-18.13793942988736,-13.972126935903985,-4.604696005401082,6.002459192455455,1.3049393014800614,-5.0249484065443095,-11.490768290194406,-5.053380482353084,-6.230989483798424,-4.8284510534438425,-4.316599366431148,-12.18374896788879,-2.983321715146303,-9.223460866910656,-0.5678703948264794,3.998952797420958,-1.300574520909478,-0.3899258961560352,3.914170292285611,3.845507512392942,-6.014029252780147,2.9123826533919432,3.3868061803144993,2.7426766102179534,0.361014808073821,3.5207122840532454,-1.5532969618443284,-0.25483614544770355,-2.1669655106961727,-7.8649170420973125,4.789858037676867,8.375509913772252,-2.850351931413683,-5.680081279777993,-13.933280402226611,-3.9717483419652413,-1.7057811136289327,-4.0280455206520855,-4.279205559309931,-0.4088450805624813,-7.208309248680392,-2.9916728979385456,-1.77736207865542,-13.455694128804627,-3.150093847794864,-9.505247980168807,1.039948562921093,-6.365246285593543,-5.394768380662192,-9.589773798849802,-3.976376329707664,2.518533240026998
5,57,1,7.898562583209179,6.542808731063841,3.7989484760910273,-1.9191152466824515,0.8488778116454085,5.280961911000952,0.7046729207674924,7.0794007677766615,-4.597841607543028,-9.21218825252613,-1.3078422265967762,-7.837083065677888,-6.595148047636741,-8.17217092870212,-6.28801635550562,-4.434752004942288,-5.239691652039567,-8.058073211688455,-9.177565725156807,-11.52256011935065,-2.775489295105927,-0.4553101952414873,-3.7002442437678393,-12.776641499932577,-1.5872244538807485,0.6891010342642838,0.49581333118059256,-1.787995936939628,10.398636980209405,-4.051483175084112,14.84034672756565,6.809618859029398,5.954234312765488,3.0661003641875024,3.2885903869301285,1.4921368332806864,-8.138378025657245,5.207370561093279,6.331506756835664,-0.8636605036104235,-4.969377609889773,-1.8082240171639656,1.5200083939707838,8.170489330208163,-4.349067670043285,-7.254032238591009,-7.191610175639208,-5.697967178377086,-5.037351385180601,-3.5199795131935043,-12.55046275194462,-6.872861352727877,-6.424014209519802,-4.296452707599667,0.24706111395186425,-10.770695853507052,-5.661954333460553,2.38059715978892,-0.26372585419520056,-7.2940531448892685,-4.866674661318341,-0.7452825373776895
5,58,2,4.863984827287263,7.830131565243366,-0.17524213894134172,-10.74021270964863,-5.637808981993259,0.9628909260883536,1.2331987100130908,1.0256135004186424,-13.543501559145207,-13.61507326041961,-9.32213386724044,-6.506561012802328,-14.819758426284464,-18.87252231439711,-14.3758462608065,-7.19529880504919,-11.228745786891972,-14.23141271861061,-16.439347926345537,-12.554426831852012,-4.020167283185688,-14.179063933469893,-15.614925392948809,-20.92169549093558,-7.966417515820752,-3.7415677889466004,-6.340697042371438,-6.6746293705683675,-3.546257276724022,-10.30874409737838,-2.3706365806255034,2.0756072617823085,2.2901939432500167,13.390428884227461,-1.6807714841476207,-3.84453996351534,-7.842835224812803,1.4797839696246489,4.194880202236562,-10.904586267896091,-12.492039332751231,-11.305950760091774,-1.8956524970963975,6.201176563865598,-5.574074910840067,-20.48103017868791,-17.514789519059217,-5.832587232858667,-4.638726761016609,-11.987311210148272,-27.546224230105388,-12.90190512387128,-5.947520879409614,-10.719630857679723,-15.917469793658075,-18.565390643714814,-10.160474855225628,-19.02773703107747,-9.156288766029583,-15.580712997286415,-16.939930138598406,-6.508530584413825
5,59,6,0.9654240280662378,-7.121494506536864,4.059242439274559,-7.95181315370676,-3.2122059389040216,-1.203348192113745,2.442815736895881,-12.554264135861768,-7.524277514983935,-11.327058574150712,0.19751183204807177,7.140335429005511,-15.124926880978764,-9.345001593550169,-13.4286398619368,4.587264170449952,1.1247029289398807,-20.29171609093021,-10.745429523845711,0.030724165461412156,-3.24735150114128,6.976444264374125,-8.208972779693225,8.434616035213924,-1.8882783875096476,-8.604876283283637,-5.448723475346577,-8.943308318215541,0.6551485193166424,-6.996064820554013,0.9011075144133904,-0.2581365575457397,5.709505859682928,9.922735492755637,4.636663291058163,-2.196277403289727,-4.879732085778044,16.50208003759929,-6.596688669356636,8.206088853097045,-10.254616802705945,-8.755469032052186,5.621942784574745,5.23580260270718,1.4124738992498507,-12.812147024808823,-9.42358095891683,2.695253374123173,3.210815655067563,-12.05115796939083,-13.916778440655376,-15.53422292775656,1.6173223141671684,11.905237150628395,-5.402480658870644,-11.366293647530952,-3.5622893689177584,20.625695192550367,-6.041565809194452,6.0199724526667024,-2.1595286885730736,-3.661184657206075
5,60,6,24.863755941754444,48.715885689345825,13.001886982925049,12.909291885429758,22.302715506609065,19.87696223347108,6.169347048827972,16.600984624791423,22.529379570538698,18.93646942714524,17.516170393857287,15.921249246451909,22.384861688061466,30.287964774886287,12.04799231291725,4.246659105530055,19.370477450693542,41.541976519474176,31.392176369159667,16.2937151573871,8.082700689198308,30.158736582391153,26.913908996960007,33.360365154312504,4.175074831196444,5.4769707293442815,12.307058773065988,7.219782367814332,17.81758756308658,2.513350959441327,11.131979864772138,22.807825702992165,20.574464570526505,9.727747452513478,15.903360346650203,20.21469273704399,16.183935519444148,18.369995669268707,3.282186924275465,16.256906847128786,16.223079653411386,22.717901530755086,3.0493855800936815,1.6833641832671709,21.73316064504225,28.7586906832166,25.9232499143336,7.226680545295342,7.6926057112244175,33.845294048146485,43.370049811354484,22.326081101958643,0.02847274278983325,29.963131736327988,26.320096025016255,35.305379231891955,7.238739037670466,-7.0263066529807405,14.579047475421872,24.213908584175126,21.8885066056306,3.558585158810473
5,61,2,-6.234014324825428,-5.271734038140718,-2.233210895307044,-4.886846345977108,-1.2838345651128678,4.18655726700885,0.5176195060783182,10.744180107352937,-2.6216681189607933,-9.601697792588709,2.6558711990066683,10.11873802201675,0.7227184672544639,-0.06926082090542707,-2.0035878205785504,-1.8137883186885515,-3.1334259805508085,2.5428695110149855,-3.8087525723314672,-4.109136379891779,-6.230050108316019,-3.0186865513210135,-5.7588644561772355,-3.8592725701448387,-10.580110312462223,-5.2935842061074565,-6.383232359127024,-5.8867865967757425,-10.435751973304944,-8.338535855796827,1.5709199254037576,-3.5081902620433714,0.782904793985369,-1.761693201749018,-2.1792275794503486,-0.3402481274352773,-6.746796049898848,-0.9757666997796096,2.350001416859082,-3.200507452336664,-1.0710891633856718,3.066720332266059,-3.3528630811857347,2.0474883723299864,1.6508771364815615,-1.8750142078256098,-4.938105449920927,-6.600461920842576,-5.563935822807252,1.6780723546427208,-0.9110368324625422,0.9194755863352884,-7.062075335032689,-6.955827811380801,-4.497315027274006,0.3327895740001646,-8.086314394070602,-19.244994458242708,-6.6059886971488595,-2.7358066308675566,-6.5141480990299385,-5.7338203600403395
5,62,4,2.0509702765521944,22.44659162446765,-3.468382294130762,-3.8526342919596104,-3.057329643239476,1.4133100040631774,-4.527751010013514,6.409391141246733,-9.059065547612756,-11.78493654530314,-2.050384770062321,0.83949018031268,-4.734362304937549,-13.957384924767775,-5.124291440727549,-3.4534491908781924,8.642295176799339,-4.815290247839758,-3.2957641910307283,1.6350735566783263,-6.140304471343395,-0.6104652050814433,-5.958721465658303,4.942006985770491,-5.4426393702217375,-6.147957329839898,-4.398084709872263,-3.743145957657294,0.5023952520128745,-13.152949303206869,-3.0000084070943123,-1.5224695828482036,0.012165069307497847,-6.340293125319016,-4.204894029535353,-3.8709429030465667,-6.0151346323829955,-5.429835573071614,-3.8857287978441106,1.4685520333033515,-1.4384980407066474,-3.5970058825616604,-3.389768356593646,0.10380824668923545,8.830569591282345,-12.96113648574527,-14.341135961773087,0.3243631174626032,-2.4454271493752198,5.106029767658072,-6.738510682156717,1.0389653312542093,-2.0934147862745918,1.8716199178271333,0.9221466909185407,4.235993920598274,-2.955603698018665,-3.6895822344983875,-3.350414497437091,12.031277514630691,2.6760711430901334,-4.8888691774365025
5,63,5,-1.2626233321682694,-20.96148447536938,-1.9667576893755248,-2.520828387472873,-11.124455478042364,8.05736247615934,-9.985664787111665,12.8856601089029,-1.0909507616264045,0.8780362637168379,0.7924083038346793,8.89224967374126,4.000208420179236,10.641530456248578,0.9864162107157265,-2.3462250965218643,15.904221481484612,17.689082940449797,10.570049630932322,7.7437301552059505,6.097058423090633,17.180803963687364,11.265287934075584,2.78241884218892,-3.940642089832847,0.5761431718881181,3.302493283093523,2.8273244822943004,8.02743371494296,-1.950525123489703,-15.685125525586496,0.666436845618416,1.5518597033692583,-18.571624973879704,-1.2252484244271775,-5.694118799323708,0.2704362621212879,7.168757993796066,4.367686256110419,12.728798523976854,8.24588418261307,7.95750901053046,-5.835045316578856,-6.445122119343117,8.678530331224021,4.233103677812144,5.763805487166194,-3.214235013826443,12.471019005295028,21.908512298835486,16.434218911726663,11.701190447855021,-3.8837936839951968,21.73694005408664,16.02774084747837,13.019832431429576,-2.961947633021669,17.489250788851297,7.9225670667138095,19.973224146973063,-0.2847242776713345,-0.20927301228682632
5,64,6,7.810438976941129,-10.892584039917681,-6.166957955032295,-21.714385442481184,-27.324134920473856,-15.555537576085841,-15.218336161862057,-5.998022160268526,-25.53790822235029,-27.458999232275456,-15.250704163753593,0.2895433161941515,-18.54490897168474,-27.188256218546716,-32.76660230901186,-9.07498494342605,-4.974566139933861,-13.17151169309949,-10.040371420407082,-6.90467525087297,-4.907155886417389,4.7466902200973085,-3.6056419867914298,-0.47423569153903494,-12.754681701987707,-1.7376010837260552,-8.42466793145144,-1.437589969940302,-2.0798501073064775,-5.304136551155638,-10.893313619461498,-11.745498063461579,-12.173130888946165,-12.761113426216484,-4.944599664523034,-22.6456160060607,-24.582654471713578,-13.1128970980417,-5.381460427323627,1.598484560375943,-13.64587884771116,-21.671872053204527,-13.65733294949934,-7.355993036521459,-9.758747095355718,-35.97809405488577,-29.118919573769716,-16.045341920743628,-5.492044736812941,-8.328603395693879,-12.820986605697966,-8.661110966034778,-10.814630808905001,4.822138429789734,-2.325533566275249,-0.9232049957372068,-6.905576943556161,15.653530989302228,-1.7942804589117993,10.491019141144776,5.910418298231751,-5.212640580039743
5,65,1,5.616344072060977,-7.544818783474226,4.204552747843013,11.370771322263083,11.989741106858338,1.828279849687,-5.338925073400327,4.675607045306028,10.140688258881976,4.845309930853546,-1.681103387308056,4.102022028232854,11.391926257757516,10.740557197288311,3.8870502568145335,-6.449318011200462,3.0867699531372637,8.849003392566996,4.503658988717489,-0.7924740463495255,3.5604294024566894,2.8739022278885646,3.3557690097382524,-2.58719286140872,-4.536233660537844,-1.7400216260675085,-3.5598939843248703,-0.9738471981296994,-3.881294924107082,-2.8697627859215658,5.3083950803138125,8.611683747617574,4.623828212071846,-1.7329605517045787,4.415814025509288,13.648055027148171,6.809653280223382,-5.6650855992807045,3.261426521514873,3.9663718134255674,10.891359752259877,1.141542921092635,-2.042581650527851,-2.041873941107128,5.47620050048047,12.971194199240976,8.501688123731757,-2.876513783024946,6.594114740455816,1.7044251718595276,8.392002528206808,0.26900529223721203,-4.215862940304076,-9.92797090113447,8.118312912624013,6.0346301136220335,-1.3723778977717562,0.1509340094606866,2.441653994139192,-7.015932653343494,-3.946128118987673,-2.407222471336221
5,66,2,0.0005385907276008184,6.662301524542272,4.529382470177439,19.873395658143593,15.396634427444427,12.494826050282155,2.421288214023393,14.234233945823929,19.878145879208358,21.472634931231244,1.5752786455289813,15.239434738779766,17.37347784640677,18.173495214996098,17.783321969142957,4.898087711845773,2.839473919920262,12.684822806452472,6.952906371230574,9.575748801912841,1.3674774416324835,-0.5226327575141245,-0.8847435159131709,1.369415690736254,4.824377254787379,-1.876708244689083,-1.5749404280014878,-1.921676595456807,2.549827240245621,0.9561022282123743,6.89234736498173,7.710732749458856,8.561420471929921,0.5374280119928099,4.192171684591233,18.147853151812757,14.126517892394935,4.10107954499232,2.2643295678809836,5.639791073027727,14.895353863651794,13.664732258414803,6.3748812244569075,6.8715399933110115,4.996416166664685,17.892105749030254,16.16575850282863,-0.4763586917471869,0.11926424967000104,9.321056680651616,8.381860248977318,8.39216216028918,6.882286542458694,1.7050671021087749,0.6092564926096584,4.233203974086791,4.109530852227355,-9.197915939398376,0.9693569460835482,-6.182601791783808,-0.7799833029417726,1.4760076652689869
5,67,3,-9.156122656487979,-8.362840725154411,-2.14215948564432,-0.3631941236828163,-14.853225611723817,-3.3719452076659717,-6.614273902528537,7.057538065786764,-8.453979821444106,-9.85817464577352,-0.753727464959389,9.987737749839523,-2.000387610981195,-9.52411398255243,-3.4069810821334015,1.3466449690806648,10.869165156718063,5.48148284775273,3.2673791231496723,9.605699464633341,-1.4672901624722812,14.743633903000834,2.178163174653378,15.828885792232143,3.760978569872904,-1.859314010336587,6.6315366807961595,2.159666528334702,5.533145966178666,6.610954803462908,0.395953601282998,-1.698710586557666,-1.19931508723374,-10.172451992905362,-2.5338263607984293,-8.10976751321336,-9.347387668108802,-7.1904986228555305,-2.0058141128364495,1.1368084222805226,-0.3039283603316224,-7.432753298795081,-3.1789955742112004,-0.5310652346489384,9.025103602422085,-12.591566962462553,-11.744899932522232,2.9592641522063006,9.623325466201074,9.946439179705408,5.1061675611247415,7.517592076757332,5.788273309243889,27.241970171016185,7.929931809625979,12.467167472693975,8.114686731612546,6.949220868213698,7.932252029365884,14.454156379965015,21.458296800713704,6.499158628773303
5,68,3,-4.71747848164381,-17.071904228977488,-1.1627010622689293,-3.1437560935936295,-17.094596755168418,-3.0764148421131248,-3.7521703583074792,9.081908197596482,-13.364623984049375,-9.927842629982573,1.396457438186812,8.903663154350733,-7.757824007580738,-3.6417299676686525,-8.757679695876813,1.6139812663924413,-8.577261552714358,0.22123114687458667,-2.7402938971772954,-1.6129918606190876,3.9850217033995317,-2.748100047777747,-4.876262632732442,-3.612452513833598,3.740290175941654,-2.6124278166013353,-3.1056077130729465,0.8338444629945339,-0.6569897365421293,-2.119921135755891,-11.818873270971283,-5.325275868936954,-5.586383916693169,-6.24861860520593,-1.410059727813548,-13.108212733595842,-7.610873079109122,0.8101907831293005,5.688733015084502,-1.947944953526574,-4.4609107274516715,0.24922494745313356,0.5957387308817275,-1.3700607264777884,1.135455743511912,-12.994193449412002,-8.858794988627068,2.746305776873556,1.7824222612217409,1.1538269602602749,-1.9908779323464492,3.491769717392942,1.933428285853577,9.7723149930286,-4.101849881541724,7.510287080777856,-5.0729697482296965,-4.9814768533063365,-4.803764045670081,1.2898152864242856,-2.616755255338987,-4.137934791321709
5,69,5,-6.188970819978811,16.085885764076938,12.771164849127938,-10.146474863425269,-7.596938885362225,-9.969037753938721,1.7007740597814187,2.0409909369531882,-7.2195004573228205,-12.494541065903707,-5.627253459885764,5.259562805681151,-14.813724545671096,-14.406037958361582,-17.848299079512184,-2.7577536793925375,-8.458041171531935,-9.537559654745392,-10.608028835571584,-8.475786010785841,7.610563110560179,7.37170889948654,0.48122469764969394,-6.072502716921459,-2.7044248204996286,8.35816581133844,9.57365714876753,8.264740876614953,6.579241193830967,-2.1014935032339626,1.6360129076624057,-4.433117522244771,-7.009714026447026,-11.123587946592064,13.396356364462253,-8.589000678666658,-9.132822922499082,-2.762748099000349,11.299118261330019,17.90974742436225,-5.496751003194507,-11.022303634841366,-0.18105692493661205,3.164820258509902,-1.3784838607534766,-21.969240262133358,-16.473788696187896,-3.7275271683522515,-1.1170406506010684,-4.27376037411301,-21.416569338838862,-9.18198392462985,0.3023658731679725,4.064910159014712,-1.6748344733623974,-15.150283866448374,-5.87654725687079,-1.851955612031062,5.085219291924702,7.346264168665536,3.6460104761418064,1.9822700121326426
5,70,1,1.2078416131709413,-8.008091732723324,1.317298675398911,-6.1010757396125435,-0.42156431660419386,-3.62922998270156,0.6938637017596108,-7.4804614214851295,-1.1348702533216013,-2.3390231624518236,0.03457247870179175,1.623011866493559,-8.595989737727841,-4.416349394019786,-7.3798000859778154,5.4401280903825295,-3.264219680914609,-2.106321928068633,4.259741668748419,3.0853358379042723,3.5646879880620914,0.30464864492688953,6.187286173726048,6.248881593210305,6.940049272984627,2.1036228260207106,4.81160171962593,0.040841241423948606,-2.048612459400872,5.059580340314225,-2.9378023899086507,-7.003658170130373,-4.141870816300693,-1.9184294350831417,1.3235205256496556,-1.9806448736387083,-3.9427462458247087,0.5210796025945104,1.074032565874115,-0.9961544439741755,-5.2573677313673075,-5.964667747478664,2.6252347619667438,-0.16886999015980242,-1.650601621353772,-7.617201410597422,-4.191345013405494,5.2843875138588805,3.031556082781538,-0.19792511491616102,-4.325930572478331,1.048634804399093,6.160025275460013,-5.817525714493881,3.974569512700102,3.0989568633277242,5.485384534181256,0.923277041023007,6.79588197779319,4.454942507300206,5.877436524393355,2.8274278800889125
5,71,1,-6.8901930998147565,-27.29666113265134,-6.293730966406081,-9.873881320628087,-13.08805359136767,-19.529076838860195,-6.215580442602316,-19.41674527435042,-18.343479941144775,-25.09136247135154,-18.548538213822898,-12.121514757731694,-20.666568025174307,-27.900121623059594,-25.486674280428325,-9.699227800320196,-19.298523781639418,-31.45866281630061,-27.15828053703215,-25.310314134853652,-6.375902049016301,-15.443187126299224,-21.105438953492698,-22.281003349665077,-14.439511388335845,-5.018244316818463,-4.463293625507504,-6.8939881130411305,-10.377184479826743,-0.26528526968663435,-1.0446204331862483,-12.172830209817459,-13.393193823648854,-3.3325880453183605,-7.0644864676202195,-14.404359701810778,-19.069276451542052,-10.689266790635884,-3.5141177573809164,-15.121686094826673,-16.457055356966844,-23.3769547775751,-7.946411756435175,-1.771782164365371,-12.858436681557352,-25.314090548764632,-29.175733550292673,-17.038095826609617,-7.173890248747403,-22.70873321751813,-30.058989636418318,-24.64137878146297,-10.678573532620588,-23.440842230963277,-19.882247721640063,-28.792680770681244,-18.052035890337898,-3.2350266690042275,-9.852976837422604,-19.525954994884117,-18.67518282599929,-6.339920468741981
5,72,1,-13.441844465935088,-11.950512350985507,-10.94300391735714,-10.260772886887628,-7.9417867778300675,-17.921295565716267,-5.661600460045655,-22.26057158365972,-11.364148779811973,-10.842846723892384,-10.017184239585047,-12.166091627401597,-19.638258541502598,-20.050375687451073,-12.324669193737673,-2.3703015259546576,-15.40491353054871,-19.739599034201543,-14.000189583192068,-11.31128010187843,-4.3183716873115845,-16.001785608394652,-15.050483860154985,-12.783830905969184,-0.6981159754597208,3.0238029798776727,-4.185408117045171,-6.711844687350094,-3.2673634580058275,-1.9821447331711028,-14.879907295008467,-12.591319714366199,-9.83391659001524,-6.955812148457369,-11.322972360010281,-11.9088475168569,-5.085842498703067,-6.8307018402407405,-7.672581239174714,-9.779066038908576,-15.429493985047984,-16.20383790687362,-4.220826003916288,-7.618773295850737,-15.742064744211362,-15.64904382837818,-12.770673314870406,-7.019896992519161,-5.2281215554444005,-20.769176949951326,-24.57857141131535,-14.927530923898033,-2.2522365356278726,-18.031119093934944,-17.215711428034233,-18.102828528141462,-8.753402247934083,-0.3052185246033771,-8.781715460984802,-15.444693222135118,-11.794082947705705,-4.620227220695373
5,73,1,-5.58981270393039,0.4973633562487261,-7.954443473914042,-9.990026720413349,-11.444080851563228,-9.695842754659415,-4.298713501985756,-11.59919837026051,-5.864717294507452,-5.7038194712751205,-7.647809625114887,-9.575395067494998,2.1015530743624833,-2.801206567460992,-5.59236169256633,-3.7366673026188524,-7.064943572233722,2.2194395760392283,1.5419398710676822,-2.230978269675159,-0.20118171250782668,-5.914761495935487,3.954338217563019,-2.04263805207319,-4.848040405683578,0.6699625962391131,-0.0899115898646416,-2.5847002803461567,-11.840297544555368,-7.320102286899869,0.4249210491657216,-5.69019851926288,-6.921092506157374,2.0257071269585225,-7.683233818681003,-10.508353953973804,-10.823019453301658,-7.213065674488723,-1.660818981631409,-15.586862854000811,-7.3315627403648165,-8.140441526704256,-3.464402457653748,-3.237444044431539,-10.86562996155515,-4.98227219946864,-3.331820859891793,-0.4188809289437958,-2.2355311252403913,-1.231169647014724,2.2293750426118693,-0.7296134753198142,-3.2965125523325867,-8.410405027725524,2.7670503755713383,1.5298844790767605,-3.430236968643415,-14.859090532017195,-0.5669403055643019,-7.6213314796729845,-4.119720128080926,-6.44701971675883
5,74,6,-6.413837433599573,-4.1615571057844205,-2.21399421984239,-7.481009491424007,-9.738243504684341,0.8686142169825037,-1.2145362803712487,-3.031462222130445,-13.016331577866636,-15.34362490673936,-5.573038425160255,-10.974197727241897,-6.2897604571019405,-12.407751438457792,2.2898871177444,2.0226823290492004,-13.680188157289031,-2.3462689514385513,-6.698182891690873,-17.276476988341752,0.815116297068904,-9.134501097405826,1.76400411169885,-6.87735797900979,-3.7107904296731813,5.715774725202653,3.543057039845735,0.9256411782897453,11.234278808325165,5.842491420451552,-2.632533750478348,-8.150611932911888,0.6317014889450877,0.6315887981469217,-2.6314065178356523,-10.146161687117434,-10.340511029268182,-1.7380488899922586,-2.8116962943004618,-5.687161105525928,-8.37967466621478,6.043103213899025,-1.1257644182116522,-0.8776010101910955,-12.852459156107743,-18.15226829885619,-9.141177227538895,-5.549653974980709,-1.9863626365890583,0.9160186567275642,-15.6481044944603,4.9807785827121345,-2.1700560762234615,-0.15040164150115853,-3.259557227513228,-10.56593489628739,-5.397627151857993,3.0891998174682644,0.9754379938069799,-24.591844832024915,-6.9765068224245095,1.653357129385014
5,75,6,-10.017481761848236,-5.716679653983348,-8.463110691000335,-25.50627598929695,-22.177085441060175,-22.585864703102814,-1.369353048987516,-21.55646555321063,-24.85461874188082,-28.410439050415672,-19.896372868020723,-31.799296222808863,-18.720567507941915,-36.5001349862574,-32.04743122472996,-6.079197513382521,-28.423806550662682,-35.20624608285269,-28.377839182935098,-31.114381717109126,-4.935378160657047,-24.280335722627445,-16.62341082832073,-31.344530744160117,-6.902674312436405,-2.6899646078122847,-3.4316648595580257,-3.9462157906737314,-18.348878190443834,-5.014433558212546,-14.830539494855094,-20.198240932145314,-20.043828063576324,-3.2657445798565568,-10.250092114412745,-21.44829223623,-22.180232389761912,-12.050904445573059,-5.679310988793835,-17.896505163664514,-27.787379927388063,-32.13955687324903,-3.8076440787351706,-6.474405894555699,-22.884676726803278,-31.201747496862247,-32.267319392503744,-12.539055429671594,-14.274887441203186,-35.91715937911918,-43.43542489718373,-27.060287120865613,-6.42828525384894,-31.01569003544795,-25.31137258895649,-31.80081165818182,-13.239447922343622,-22.026126446156958,-12.765284292513458,-31.238374122032294,-21.504082463934413,-9.683843715911408
5,76,2,-9.052420945883515,26.68334025889635,-6.917914205117198,-17.990083495109538,-9.139141909732697,-13.805905920067222,1.8171356795682208,-22.988851287379482,-17.644033048029346,-15.705619735756843,-7.106517596317956,-9.416504418769875,-23.558299734467262,-28.56665247824136,-21.204403032344306,5.163244563401905,-18.506895279398233,-32.6351072302815,-22.577175492557092,-7.306994695080132,-2.5401359587998638,-18.6493561232417,-17.410602443144516,-19.874904936792845,-1.807876445512037,2.9303656278586963,-5.234606420848423,-5.75682266076413,-9.050169541807163,0.3148315548442479,-7.7320316455486005,-13.007545301985997,-12.051734168695772,-3.190772296003313,-7.805125217112463,-11.607020261061448,-10.261386621607143,-5.361492219653622,-2.5343900294293014,-9.226592105540746,-23.57482678347788,-18.641887764832603,3.3220950841403947,0.5670906984042828,-19.710011767178038,-27.42771790830829,-20.18764800328487,-1.6954478598313343,-7.355103759844669,-28.09347520128074,-35.14243025759735,-18.917618996304707,5.03022772459904,-18.96717163138999,-22.167102877913827,-25.634602142952193,-4.0902735213294825,-6.19616650456063,-8.92547879427127,-22.05977818960459,-13.05866023938728,-2.845767781115706
5,77,5,-3.4928063160410483,-2.940827135834275,7.53816156296014,3.1334478918281263,9.411901438529258,-0.1962624484809434,1.99809551662652,-5.970573370299511,7.538759731747233,5.343869343387222,-3.5572010875202547,-7.130440571981412,2.0197107169958883,4.659909882855306,0.3181663115577011,0.4331469663714127,6.902248486774271,3.9730853560585073,2.2572653571643495,0.06291992388802048,14.94089835230261,2.9359078977893036,10.253276633780176,-5.24147335998714,5.62600715983114,14.97635069918795,17.56738860668933,20.60413960674096,10.103911477300091,2.6801010532838454,12.206178287878956,3.4660808383487165,4.416055148399275,1.9998020302254436,7.025755603249733,6.087125901041961,11.37736584821136,-3.133519910400869,6.1975098493077425,2.9398502331090772,9.12517006122848,0.9218930343248339,-2.0741825182893785,1.6096350546562808,-1.1985792803305495,9.908679228321441,6.54067322121161,5.719300534621604,9.346210220964942,4.573304868235095,-1.6574058865946601,3.0269248506349573,4.35853346119771,-11.49432226265895,8.876480415758747,0.9727825664619854,2.876783100729127,5.521788783269232,12.921319185415426,0.1227556181299237,-3.893519433646846,9.031419517517811
5,78,6,8.857110388058796,-10.73057460494158,-7.359381039331596,4.54934123951215,-3.01037289726934,-0.4771571982532683,1.1136745262107375,-1.9880064954504202,-1.111651758527063,-6.841404561702974,-11.047610632212066,-1.094705277417855,9.921558048712411,-5.965582062751508,3.450909704444136,-5.590147756494398,-9.430319526141918,-9.38505693455795,-13.010094091273476,-11.854585560720139,2.1664456961358463,-10.547510595083605,3.0906746314565936,-20.296034175402877,-0.18189922947345782,10.562402955358612,2.8206674062601502,6.701076230420394,-5.6865223085354435,20.821087287239187,-0.7733951026414755,-1.8339411955519864,4.115474057338406,2.4239685288403274,-8.117326471545711,-2.574699015844976,-4.233961722790837,-3.5047301876744834,-0.28027784066819944,-2.0138301828878995,2.307675832882524,-3.3912682147049225,-5.259747469332069,5.338827990063627,-8.291513313607476,1.1345601118135653,-6.574907565807422,-8.791575782296318,-0.4262988335657403,-8.854577140928033,-11.241424467709917,-10.034111903934953,-5.189707017753545,-4.30877747163517,-3.931123047976229,-8.892049195633911,-4.118570928348276,15.437729297887254,4.068670750022072,-9.793588820214548,2.613270131621236,0.7982981941753593
5,79,3,8.517250530268406,-16.71978860902714,9.599891027844533,19.623012315572748,15.469508758677936,17.180290359958285,5.587789928651321,15.926657067384665,25.410912934690714,20.857810956993834,7.752309919902821,-2.3754023473437234,31.691432927008243,22.435547667578238,29.7163805743543,3.1830036373774915,14.953082129972554,26.57559598546201,20.822984837540762,7.701651932240081,5.86812408286624,17.433861447907077,18.351871815396517,13.574329073972464,4.113814477422618,0.4074015956962621,6.092546088303009,7.331437496968161,-1.8800868972363627,2.8008996343123727,15.304264737065976,10.603760880486272,14.696805533475985,4.7716809998538965,9.19751815198035,13.80188853320915,14.660401353021943,4.794007015391824,8.995347077305219,4.278090922161937,22.921027775445012,16.968950978139556,6.3684370783952655,2.783599294767512,14.114500039052682,33.5169135352097,23.979904903871248,8.144578000712325,6.588754028627054,22.166570810101383,24.41463933303589,18.886675833201984,3.9163716103790733,29.856023223298365,20.24737405486223,15.502058302665624,10.047044169780989,-2.586613450108505,10.184782961792335,16.991107830868614,10.872625116349713,3.344511981542426
5,80,4,7.025354844131842,34.1929508320442,2.0861408980108966,13.828801942111854,12.394499937458548,10.579775298353583,3.8915592640519074,8.971615049850321,11.369199553902094,9.623635439826847,3.008237435096282,-0.5727895596774462,10.50576742611281,6.32670347097261,7.850629041380272,-1.2685164022827289,2.7471887694115225,9.060781383977796,0.41383641612398137,0.7705770044519396,0.1703479688092165,-6.242810056703844,-7.161196010846009,-1.5591776144986098,-2.33938324265182,1.2032981133997085,-1.320041611790657,-1.431339862756431,-10.74031913332732,5.43018941426218,2.1598856560729733,6.415281020911268,11.357159748957374,2.3909460275615686,2.4035150492563844,11.385795181707994,14.465532307893524,-3.3822281776086953,0.4974666679669859,-2.228344859737087,10.672361008666751,7.729100885505717,14.383743218918593,2.181134554216775,2.5012266356725155,12.83390624589492,6.157210388925021,-1.4518685801999593,1.5011173904896158,4.482958113229495,7.9415080619794205,0.29985463382994026,-1.319293303585542,-0.8990878286067296,-2.3376139427149094,-0.9623992873310327,-4.716210322363709,0.87781082270894,-3.786257337142782,-6.763347978612815,-8.221826837193674,0.19111150487258016
5,81,2,-7.728252378110656,-35.15274168460109,-5.331807651764307,-10.650708204362447,-14.37092689717495,-11.972481468106084,-9.122755768277298,-7.3770477277476605,-14.233585650737327,-11.595234105340772,-11.071007446931084,-5.566005594003373,-11.56104057241322,-14.300244551651721,-19.450901238406768,-4.057429546217729,-11.007536497421375,-16.756255381490757,-9.291124732710607,-6.9541180963605305,-0.36834196182728773,-4.013760580658552,-8.650561673947175,-7.870650353637046,-3.4133969561719333,-3.3200597936605525,-3.0012202142828652,-0.5699213516341928,7.343436605410603,1.1212459749800558,-8.678715035728203,-10.238738070650982,-8.781339684319564,-10.554239710565751,-5.494421339798264,-13.860534330829978,-13.025208594050353,-16.39516862375071,0.43777815562036815,-8.518083433325332,-5.111374917792204,-10.07318728525055,-12.374841675480333,-7.757629948358687,-2.085558475290492,-19.967575284788712,-15.700553372366036,-9.769725322655242,-2.730749554523243,-10.23870059947779,-11.077235693049547,-10.073528626661114,-6.092236121344128,-12.972553058039026,-10.03239920726274,-5.629213605189649,-7.866348176717573,-2.396898563508304,-4.101987620179611,-2.452588435853033,-5.693636599939501,-4.965563629878824
5,82,6,12.311423888339146,0.3938055704007052,11.378799921946554,0.5724138948248637,-1.1991460095386817,15.929916592811734,13.79775215412786,5.698299055311422,-4.42244605170336,-6.040451027770956,11.438810978876992,8.376822002640948,-10.216358822247969,-9.491645636127853,-14.277824557954208,1.0948493052387565,6.67006400017431,-7.294331849353937,2.0838331224669413,1.2260562592163322,4.615834008550224,15.067317571877158,5.668464209907119,-2.5347157009102115,-2.726747752167284,10.292564806164938,4.170390503126105,3.9362708226204037,23.274007850008587,6.160325868253979,0.5721571301905115,12.251863732543587,14.56178158034412,7.1549898328304975,10.739909004794848,1.4260198828287245,6.752069047532928,17.130158698504296,1.3463632002353614,-3.544081032145541,1.0150830668465374,4.416192809801278,-0.8531738901056527,0.9161501923212549,4.724107414029723,-19.471768225384196,-5.548338897776125,1.1257018401179606,5.967573580786403,-1.2545853853225708,-2.3281826197919315,1.537277398585545,-2.1638561688681546,6.623313929851552,8.191713127512031,8.29135992851324,-1.8660368453881655,17.076889231233164,1.8744976056239953,19.055495669747284,5.1992042203967594,2.5236121184851332
5,83,4,-22.63985744482135,-7.512854545013746,-12.759942355043279,-21.63021651964361,-15.485534707765748,-21.171997357795888,-12.037884498537494,-25.105039913207293,-16.588093084987346,-20.974038085264212,-11.993689713610632,-0.12639104361396136,-21.299309085827417,-21.98508149533101,-29.216186724909818,-10.800048357625373,-9.201829986822814,-24.53101982489773,-17.736290247951892,-12.075751148663997,-11.73596325316807,-0.5988041363278878,-9.766459267654621,-5.330332829094516,-2.7733506485479062,-4.693918702397041,-10.73786741980954,-7.864209336637543,14.843697135504216,-13.331423037708179,-10.30989961416983,-15.580121240601315,-16.165908691904903,-10.79213255721076,-12.998041813511678,-17.34410338912432,-20.60960368657619,-14.805219928630375,-8.933654604368938,-4.875670833172413,-17.535587502433362,-28.377072183824147,-9.824920513508157,-13.850385826966939,-12.820285118190666,-26.863952376584475,-23.051852616822206,-13.636870095142863,-2.6047999478490436,-16.65550641881349,-20.26680056455477,-20.12237965899362,-4.313712309830162,1.5098192900214813,-9.439084012561086,-19.496643140548603,-7.544615106878614,-6.33055791858493,-4.639847825974131,-13.3714628296836,-4.165502586288424,-5.945397837584408
5,84,3,20.529568228186346,41.34696681368187,14.788708647417765,17.256242692402406,21.91372284505563,-1.2698910726098005,9.022060057068835,1.118994602683659,15.064079921999273,8.514736183018924,0.19739281269721687,12.294380291759756,0.4225225731980333,-1.8247383760697227,-4.480860052357724,7.91508633083459,7.311519462660676,-6.301211595126404,-1.955043512078503,8.935376728407851,-3.456204727882654,-1.5005913417695496,0.8312330464264606,-4.156982368312595,-2.9278574013037657,-5.414836741376261,-3.594682536281011,-6.911576541958424,-2.44697094529231,-7.412296601207695,14.767049617077246,13.28038319426861,6.146845727883527,6.236450409472685,15.05788927420366,21.85781689141253,11.001775058057369,4.583719553509669,13.683447900718006,16.168501562674575,9.415621382207043,-4.788154600142709,2.8078165986325323,5.072374759821174,-0.40497802838501373,7.185992686361888,2.053293778856355,-3.629004499045905,11.32431563691849,-2.444659996755059,-5.6366942443603785,-3.9693778901894747,2.473530392071638,-9.22082121327247,-2.7265317170858028,-11.787854857197617,2.420934334397316,6.663369278105476,-4.005055642056438,-4.681941550628213,-4.651696597109549,-5.1411345696031345
5,85,2,-10.509017723623852,-18.488727563855843,-6.866295075362047,-12.073941242455206,-10.635784541222657,-20.06120996913877,-8.17027955475013,-14.079288895463382,-7.262649530158716,-3.6576557706632657,-7.789518889357766,-1.81954047441051,-3.9411838272949913,-8.80416666158112,-4.763671183050039,-2.396225410854307,-0.3697291246087235,-12.558763845789638,-0.04459262565175881,-3.2565574038592047,1.5490259755240963,-1.5232053757077315,6.729354868836059,-10.568224008762975,-1.2442176798017837,-0.5182520298843797,-1.081585160161302,0.3965516729257651,3.512376755180698,1.795723995300316,-12.054496001829857,-7.375096914017712,-12.566094017701177,-16.386711141219504,-7.808325349946694,-12.331038221296643,-7.811487958266783,-11.455995440778393,-4.773202788121662,-2.7829072735181484,-11.702070355781629,-13.80772222619413,-1.5610124762311983,-1.242125978324245,-10.482636689532134,-4.462667306339962,-1.172195105756656,-5.565398140424274,-1.903032942970352,-13.913831784821511,-8.074694047284478,-8.497874228363262,-5.512551484731725,-3.4043382586366153,1.1934437853079762,-4.27424885687793,-1.3646311913503388,5.949252478914648,2.7574688142574395,2.150297582308511,-0.4012485320520822,-0.45621200029102194
5,86,1,6.075411790209577,10.786624555385153,0.9534375436672173,-6.988909795675881,-2.3823287665798545,5.0154199002810405,6.673386295394202,-6.459031324651907,-6.356118626336043,-3.2761497705175375,7.157732805691471,0.284836957923977,-10.250884341825612,-12.36388224474632,-2.875655833007087,6.263936833465728,2.1673444276590397,-10.922785277432974,1.710546846234627,8.5679898187291,-0.887270399301154,3.7643948445130677,0.5142408527927927,18.28803428639544,8.838767319426463,-12.495771793784895,-12.50603609471922,-2.244073309958345,7.137175916063762,0.2452701266184898,-2.773003048899513,0.08719992542798399,0.04625218704615275,4.880781130728925,1.324369033066011,-6.31354887814193,5.0057755655313745,9.842117546603273,-7.394031831903789,-7.849677033427102,-7.430420430757607,0.9382038295677875,1.065264948054569,4.023592890243093,-3.222028645868529,-13.701296156465379,-6.681687324353286,7.759530633940674,-2.720710621077691,-3.755160707889532,-6.870174762188097,4.545837328894197,5.535989109174032,1.0294462429223263,2.3046542466050246,4.420711402676249,9.374573471589674,1.2498978291547331,-1.4737499885874359,12.133156843074575,8.5944303566201,2.382472736283956
5,87,3,-6.691103093825829,10.527579952746906,-8.95663194190257,-8.245279911911208,-1.8918448626915572,-9.684795735858197,-0.41386141608151183,-7.901405829073092,-2.6731684142269367,-3.0289946416529228,-3.0740913228222695,-13.429062668279531,-6.35071721309569,-5.437551079874451,-3.086823052067943,2.5403394305215388,-7.115394822208258,-8.346047826997212,-3.8342975134529707,1.0275110767063915,-7.410489831108416,-9.264214536288707,-4.37773139847488,-15.001579500507656,-1.8903669392031328,-11.161294914742298,-9.334853118705773,-7.340549599898908,-2.4388702980856007,-3.0622238295107387,-10.379244997001418,-8.428084246173967,-5.958755965685333,-2.1151647392614947,-8.892982325857368,-5.849342705204902,-1.5048999719125797,-5.984272698008616,-6.211008809208751,-7.091387254146221,-5.798957228001844,-5.949997699342485,1.5593185128499276,0.36018500412905113,-9.681808420593237,-1.993746137678078,-2.548671890050173,2.2631458437933394,-9.53021369856305,-14.151931402636926,-7.742007970188107,-4.8643825855106115,-2.23769803630847,-15.396286775153595,-6.395115430035243,-8.647342755027658,-8.704595237516052,-25.103828172949044,-5.289137660968688,-6.947824321437357,-11.566000440271523,-1.8696065532759123
5,88,1,12.235822208895815,21.500863306042636,13.809588399988298,17.950704492270805,19.109710761118773,10.52441100619461,8.629090511399076,11.690346792899637,17.226749223691016,14.411658760773513,7.892631961169038,9.827325337134845,11.550791810630127,8.384606456338638,13.791107622429537,5.052012070831726,14.766197983323158,3.6511050360958737,4.3244777016523415,3.2985665851113612,-0.18515892291055308,-2.941584859088787,1.7999419696265595,-3.891888094889908,-2.7452975350954567,-2.137807010633237,-5.560456863036611,-4.838082930709165,3.257202447142178,-3.2040802942157316,20.1866490205639,16.30316540318336,16.368108028636826,14.45073080626202,13.896597336898212,17.413170023198052,15.578477331471236,8.721745085879798,8.422181705876092,9.65719968981461,15.096801673584594,8.176852107997812,7.686073877326237,9.700267289958257,11.36990086922831,19.864493316465353,14.71760687674964,6.122484375146311,9.067917613085454,4.484410978274466,1.0898707256447984,0.39351097088898085,-0.6744340370869177,6.273828569231785,2.2085270859846267,-0.5811563129196056,-0.9071259496665403,-1.086084809154272,-2.723841827340066,-8.085487441409658,-1.492287189495273,-0.4297213510371648
5,89,2,-8.048789054518801,0.34062398415876577,-6.03438256562847,-11.701559861440495,-12.21660231436579,-1.4369919032948797,-1.093815956236341,-5.301756787295571,-6.267778910787362,-1.2493591523025063,1.9599252728427317,0.024533620285915048,-3.836927838234526,2.64814936296969,2.2935255205077008,0.08489534589348419,0.0713306047794654,7.848578044099781,11.757688091386385,2.1086234908959858,3.8392073974757217,12.011822770338316,20.15845511871867,2.5241288982286356,2.1184776774721152,-1.0862289406586356,8.929486817657587,7.224438677928075,11.421460551050743,12.197918038360964,-8.871050804217417,-10.111197849008715,-3.951329093244741,-3.0542516103922974,-6.6308008889843695,-11.600378833574844,-6.825801485740556,-1.668099115966117,-5.587379700072657,-0.16802768560308132,-4.0710661690313,1.7771774625814543,-1.6072396975544465,2.185023629742606,-3.342999584370905,-1.7891106210853431,5.723925494475337,3.839908713946211,-1.551455812051711,4.927243002213358,5.005872487612976,10.819186919073504,7.049785068355184,-6.73919949645358,16.916173155283225,15.985359152370108,8.298042048677443,-7.223984460097955,11.282622644246166,7.1509161742358724,12.157984823897106,6.031201139728467
5,90,6,0.3920958625925012,10.062180771106268,-3.2431555537183243,-24.81027672725031,-18.333954533607496,-14.980339932783577,1.8979947371635493,-17.53180800106876,-21.120378282375448,-22.09588814186067,-3.5175183834280928,-10.454348694906495,-25.581884053785632,-23.43475826611607,-26.44997201444264,-0.7139978141512541,-8.345089541362007,-34.68583618449727,-19.57217892666529,-13.463422233488687,-5.647750772558512,-17.16900225860498,-16.348478090154334,-23.16490763521232,-1.6043744840014673,-5.034063555777257,-0.42584171934371473,-7.561943601680605,-4.0283868633119795,0.5877508646950533,1.1765318986982458,-11.972493917431402,-14.924969521078582,-1.4483929052948952,-3.9522591653796733,-18.614933773330076,-16.8518691744837,-2.0374400550556344,0.07239209745851537,-9.422046781210904,-20.94971723342739,-19.421163443793958,-1.363735529525977,-4.268095845674595,-8.921448833746375,-30.116984246980113,-21.44842691038078,-5.501231889365379,-10.309348496398325,-27.242089209578378,-37.10863050464084,-14.782418028247076,-0.5711832356684639,-3.206936017428408,-18.07356973719307,-21.581750608236725,-5.49805362354936,2.785712907942603,-7.828744454627356,-9.27163565028089,-4.8504420987262264,-3.3843731712549925
5,91,4,6.865145968909304,-7.572186038624949,5.683691635798868,-7.134580105066113,-5.50152619727092,-12.510880234242393,5.1848379200446555,-2.469888710189703,-1.996639469865617,-2.5555291635143345,-4.729327221543004,7.378362844005322,-3.1979084469196266,-5.746902759913809,-8.920158746709092,-1.1157756690617375,-3.3616306641388967,-2.6509363981100127,-1.5422873388885,-14.312130812510128,6.2997492919051306,-5.882289931927692,3.218089587895607,-8.374817952967994,0.46616949229614657,4.617243040625642,2.959179664076103,6.069011479623269,-5.097550320348178,11.283965978771448,-2.2810536721570815,-0.8091606411446866,-8.313441593404399,2.2101271445067923,5.217090041830955,-3.5307794022487444,-5.157069684187999,3.5714640071524713,5.0361019926282005,10.34889659683487,0.10280623032552605,-7.108590456089237,-1.1346666599601156,-0.4045145394246486,0.12613422608729885,-5.2814503358904155,-3.2585894661478494,-4.828648361536429,0.5652401214465503,-10.110599858913478,-8.383366299191167,-9.02136792287957,-2.0198579192070696,3.710226834456365,2.2955358436830893,-6.867081054372759,-3.8447716554581417,-4.052629213802878,0.9907185642457581,-1.0122210631465027,-2.134199777777057,4.99312834247447
5,92,1,16.833604525933715,14.807809592474529,9.445903965658168,9.656094312531556,18.5510588633578,9.029487408703286,6.87804368416858,0.5288169697472238,11.432445119532593,11.386715848544023,8.169982047026078,9.568668969497994,0.6737327649280779,8.983943016881621,-0.02064460770385912,7.8764745734472985,2.971911461864848,1.2677146860685142,13.236708107285155,7.087300940411072,0.38051012479245827,5.734837974552294,18.06052800517802,9.437380690559204,8.706282809444865,2.979125885221904,5.448103497281854,11.958854114500484,26.567852368882118,5.381626358477215,12.951028667234185,14.1961607523944,10.135221093231472,11.605554817749821,10.405779411039527,16.853206216153225,11.842376812838205,17.017044104749292,0.4510485085193068,7.396962714313367,3.764858222816413,3.683266445392424,4.250394663507992,0.22537394814624867,1.9241534705932541,7.444075896989601,13.93348388428369,7.4037951659439605,0.6063663284862186,3.7477802487953387,9.284401748442976,7.628355048667849,7.4745934602475135,1.954401636291749,8.428077941567345,10.004740589674535,13.982770233415067,1.482248269223108,8.771473019361135,9.14169684581731,15.25217903799536,9.353487293957166
5,93,1,-4.747607782369527,9.21680997055387,1.7157572733420068,-7.505555557725927,-3.842081763849755,-9.357010039296462,0.6852651975776366,-11.701813449555006,-5.229414732150011,-9.21532585087982,-0.7023682245110128,-2.391844773966045,-7.88031659255986,-11.415116451158212,-14.836113172606009,2.9771688264544767,-3.45924514986109,-12.62821857379067,-9.600307362699299,-6.932950677486451,1.8043161604053721,-1.2001762812582348,-8.632635178691826,-3.702764963299584,3.7599796409287074,3.111031094759068,4.750469703181854,4.346077332250412,-0.694133011033623,2.0783095614893767,1.2176988704084635,-8.153160902035493,-7.6929470152571415,-2.2339185648938535,1.8449852500201729,-4.199592719581433,-6.117114247890502,2.377669424977062,2.5583318223801967,5.324677752274112,-8.464043730722244,-12.049899141554071,2.2615020337241996,4.47337944201398,-7.269895334160189,-13.193894055626567,-9.761759466508677,-0.6375632525802148,-0.15574993729227796,-10.739758595597094,-16.949289781404893,-13.511045884556784,1.6098323518569313,-1.2734074923323404,-3.3249946742250422,-13.971519553125281,-2.236661532734771,4.341123638311172,1.7243087822259051,-8.817628300180894,-4.088244519480386,2.5129971322489957
5,94,3,-12.193145986555566,3.0272317718510053,-4.163019399999116,-12.026226769678484,-19.481374963663708,-4.817688914947212,-11.333872360858791,-8.506604142509763,-17.93311311913336,-22.495041869217296,-18.877977084095885,2.8416156958555803,-18.852510227481044,-30.528384372955426,-26.9700309536079,-6.949330398585741,-11.465683585532545,-26.837252205078727,-37.94638616846101,-26.106267069534546,-2.681860878518441,-21.310929252856923,-31.23874999628197,-29.013630085056885,-7.7443752461453785,-1.6926953982016661,-7.550927797059821,-8.944585877720538,-9.66575120423534,-9.132184083807772,3.4116560036952546,-14.276499980015727,-16.20427003589163,-13.126812587347345,-5.166244306578873,-16.22551581829151,-18.330018554780093,-10.28486187054163,0.14508792108617602,7.72698406543492,-13.634289888923478,-23.84847555618459,-11.476746441092248,-2.703548103355146,-9.433303722157705,-30.97160157575785,-29.588589914779135,-23.139894878991495,0.9766966578119042,-19.678893019433875,-39.64657772277913,-27.897773164074586,-10.518264404622977,-18.705747130710243,-28.944162725743556,-33.218762344521714,-17.634110114559903,-8.031519981419168,-15.578446069323434,-29.98927178660906,-18.852607508167253,-11.918639092637994
5,95,6,-6.4658167721382815,-24.160542206157277,-4.367808287372676,2.9183070272570717,3.683648445348184,-3.2110442396242003,-5.1528142402147346,-3.753400918709614,0.4337952496574786,2.0346720431840453,4.089255867207924,5.388731296106077,7.198533483939934,3.6422183943185478,10.841540974451275,-3.404670122386207,13.605012378592905,7.971367986759218,9.447939338162541,9.752230889788578,4.616353813115866,21.160129732770343,8.223245227345966,8.90035650873466,7.726094782163621,7.567661386979863,0.6366300694459881,10.34892159309408,17.844012360138212,9.974955829629884,-5.187778117150787,1.3831870838908884,-1.9376806604162033,-9.972225345100465,-4.569478495534871,0.9420052443789972,4.182157794149911,4.115755964854231,-7.7968178988411685,-5.380931155892406,2.221333891675784,-3.362510520101682,-2.4098433754861186,-1.0231617892192237,2.1760430934160366,12.645985608738728,10.50841967913709,-5.427956727099115,1.7494592465823753,-0.034368869416962385,20.793153149620974,6.955063817568307,5.412369251716882,50.12402590592502,9.656964924549921,17.44210627720486,8.537569490091014,13.954269222688024,11.276798451381806,29.82232418274736,18.98331335809355,4.954353699789999
5,96,6,7.737047965365758,-15.336250777379055,10.25375885045065,-1.2336495828746639,5.907199337896775,10.132881903475736,10.86555797422714,-3.6020598781306474,1.9645124938702438,0.38673207518167574,4.01342245807769,-7.5028469888039195,-3.797724063826223,-9.61285760344528,-4.703218560325121,9.777572357663649,0.9844810374808027,-12.00696298450504,-0.7563296026981841,-7.317500142244307,-2.5174967843511094,-13.714867141279509,-0.7767173271376385,-12.1069889555617,4.645812820279733,2.045490620498796,2.917195353807498,0.4520003526278449,-1.1297003483490577,5.64810155177625,3.5499553217711606,3.7615140044107687,3.9149185711654244,12.859576411942788,10.074352043953427,6.3181050306231485,2.780367890781746,14.571567011372439,2.9637513364915082,4.059273780573433,-0.8385945521323481,0.1904569978303305,5.484398171686137,6.520175838144496,2.9443436232991753,-7.530424195296339,-5.082883284188714,6.563860312193667,-2.2390194133650976,-9.463689669058096,-10.92478927342994,-4.663523452220166,3.513435243600526,-14.630992324613942,-2.7873817647511943,-15.444815450597833,1.314843755987725,-0.1406415739074004,-3.3578920109657444,-6.512037607909344,-5.450580192230093,7.298208365977812
5,97,5,7.000389180441457,-6.284155501098162,9.123407015758682,-7.728925514443802,-5.735467397548234,-12.065023355413134,3.517909762176981,-6.071553997831731,-10.577245148625693,-9.978190393232527,-1.2868125343911085,1.8116464442857423,-16.9670594474528,-18.04059118327752,-17.363316832717928,-1.7328635134120913,0.9966053192662774,-21.03725513143512,-7.831553153012215,-7.022799633170769,6.740104453217965,5.851077319963311,1.861963065341115,-6.014301652588499,3.699201537591477,-1.4862907142378394,4.6928728476348445,1.3009064003382245,-0.06684970029731854,10.624377236042806,5.769695402168462,-7.411773604908722,-9.468636929829856,0.8543324422236055,8.382138963697889,-5.593216426397962,-11.610661946327937,9.675808883703704,-1.6491831296418846,10.941525967064788,-8.824435446218288,-18.677709752920922,0.08768527891214362,-3.1416769831827485,-6.373152796360782,-16.78908705438783,-17.4282659560601,-1.853665187795897,8.171901495968239,-11.026311587269722,-17.663068164185418,-9.993380269512722,-2.2463372559059493,-11.083739306618718,0.2637634639878082,-11.16284176907162,0.49543441300530144,14.775272347226105,6.592799639238452,-6.951065281917131,-1.8175302597171643,1.9402671122693471
5,98,4,-0.2702609118437622,6.214597214126912,-10.89978911207773,-15.879715972666627,-12.656901340477356,-18.06923601558295,-1.3164469036841528,-23.729796951452123,-6.779026241564169,-7.906522382323337,-7.349514354838106,-21.32642912886263,-8.071052359735093,-9.750965892359979,-6.793946687404704,4.188580007542199,-4.835089469680609,-6.599851195223445,5.973485467115011,-2.0685932430546585,3.9799772656619203,7.231937952376567,9.464895194441798,2.8250199626228314,11.833283489706318,0.7303211570081374,7.157867475066381,-0.11269169067963955,7.157657645411347,3.2578411958941307,-15.039618319462662,-14.169081462064481,-13.55850980703423,-0.6476773047229138,-9.027824716449421,-9.158731003269192,-17.249134573812896,-4.16523325097997,-7.115498138273636,-8.293028882863688,-15.416724639513134,-9.451402463382344,0.49429783152370943,1.9338823239341725,-13.7549976929568,-9.63436011613415,-3.386875047371153,4.144707745986012,-1.1074933840768282,-9.14866712768903,-4.871352595890442,1.8156607952423225,13.76544371120087,-10.664135138589396,8.685090351191059,-0.016702131254644037,12.533644613224967,2.737544375903357,9.887499073352783,-5.241611160292498,6.516822197133815,8.697606015200845
5,99,2,-3.7689945621120637,-11.809025482706193,-3.167597710098163,-16.653965935704488,-12.505328443616909,-15.02783214267935,1.004032754146197,-14.582388674749485,-14.123515020113249,-15.924718757796029,-6.935036066412738,-2.130191763437057,-15.324589862022549,-20.89470055107619,-17.58485818706545,-1.8297954820005629,-4.188082237693864,-12.00149907480653,-7.079782693215264,-3.040956176885563,2.2579668271923197,2.194996775105229,1.1307526729523971,0.08148536758451996,-5.167841241797202,4.532235003962393,4.638924067567393,0.4087071789928326,1.4714829275248238,-1.6491580663203464,-3.0351632893903218,-11.918529418075646,-10.715228377188343,0.28009931184351444,-3.430327817729514,-12.087512318215262,-17.369861116110357,-0.08131319702966194,-5.767155979274457,-7.413868431558426,-16.129128716068294,-16.942651270139134,-3.84742697845667,0.5874000671206101,-11.263603191022066,-16.828519143459452,-12.979861563707631,-3.560028647367913,-3.1578437564213115,-8.627834787478717,-10.124007914442474,-6.091957528325849,-2.440943146848528,1.9129716178356893,3.1173469124180158,-5.03936807195679,0.4717149222951129,8.281214607800015,4.02947339807387,-7.1251456044477965,1.5168237732950474,1.8230850576173205
5,100,2,-3.6021850204319574,-12.901986562079054,-4.827254951817962,-10.298241835450987,-14.204458631756834,-21.75965754687786,-5.046331906327747,-15.700760074913873,-9.672167193235417,-14.634953417065672,-6.9872346105644585,-8.441351445164624,-6.137301512607711,-18.09610231618239,-11.594398006569689,-2.4748706234755296,-3.0529364543830635,-19.606892355422428,-10.92474851421104,-3.4522718975076283,2.994685217102128,-3.374719394189192,-4.6874431760572834,-8.741744630220463,7.107525885266974,5.606984644390002,7.018002533603726,3.58660065485789,4.097932576951453,4.355467956535879,-6.612852337210798,-14.284159132642909,-16.93668605130529,-9.207572775072324,-5.24895395665634,-13.757377513661611,-15.68890506119989,-4.346446747278294,0.32826788312323885,-0.8114808933673103,-12.717478979560665,-16.519333358467904,-3.3796198599994516,-1.0302791933176967,-5.937200115395928,-14.11754053701623,-12.857281281771812,-1.6976647328630818,-0.6241269088804546,-14.39561079158562,-16.64956014828256,-9.993947062754957,3.040777688573412,-10.302951251679078,-6.816294813755806,-7.894025346752616,5.23403649804432,10.885751594471307,0.25317976591972335,-1.5219904208873838,-0.9257695445472869,6.77335562383211
5,101,2,1.7227776359494136,-0.8673273024898833,-1.1269512499523606,-7.781004908063067,-15.063416020149692,-23.011678231766496,-8.130687584964242,-19.08656734755126,-15.049544430349211,-18.618813519547803,-12.250313777567403,-4.779631256581591,-14.964401781831567,-24.650991654477824,-20.99751309641613,-9.837160707635967,-12.232155500025277,-26.64996700606127,-24.43708750205795,-10.191731356425073,-0.820386262496979,-7.7629280316348055,-12.178360001922282,-11.067525488120037,-5.361833499738855,7.086374074141157,2.082135954349325,6.624519487354544,-8.221316280729349,0.2845676918514073,-4.149310693667247,-7.333081404951113,-15.845440900680149,-8.925441282710471,-0.8798241828818146,-13.215067742320006,-13.85835504495515,-6.648971681914675,-4.809556994553106,0.032602837820333366,-9.988655102689092,-24.508486968715026,-7.4295155213870325,-17.30090417703842,-13.854826052014415,-24.952627933709092,-21.9733392378179,-10.872694105182477,-4.120900570437672,-17.92945884117039,-27.657306441605645,-20.66777667403221,-7.0736736244090475,-7.012363097244278,-12.53634378109581,-20.89213297470678,-7.966282882591394,5.009000759889803,-4.834337840583629,-5.145258480682969,-10.742460993936332,-4.227395403059769
5,102,6,-25.716544632413754,23.0052216280161,-14.21976746948117,-32.53175603216743,-24.82794046538268,-29.854257075601588,-8.584034488239697,-32.869107692706855,-21.2834522730512,-19.854285397862146,-16.7729357129826,-15.528580343305347,-23.656280734780708,-23.049234951596425,-23.444634443671433,-4.431974580375156,-13.64686197056095,-18.709824107723634,-7.188065576014993,-7.136772054270268,-1.3831557729395056,-5.869085430301063,-3.762008839105139,-10.216008111039494,3.2836743282756133,2.463457111632678,8.94495853993519,-0.2236486094117891,2.021041560247994,1.0067006007983998,-11.346569702460823,-29.424739191808364,-30.949178485040786,-12.690571840645232,-15.463978839901882,-25.086004752029712,-24.211989101817498,-13.157593011620406,-4.481649230234324,-10.654832091750343,-25.831619284365605,-34.99294617040674,-8.375112233751617,-6.144941864376203,-18.74470976503884,-23.253676360700187,-18.854420418882324,-10.73418820551711,-4.347708703830792,-26.97238879933636,-11.234021981739398,-17.637066100746765,-4.730244717378988,-11.033858054533319,-4.722513623748591,-9.10976093026196,2.2424701623073435,-6.271837046418177,3.331614184125167,-2.6387681463483443,3.3337340876857584,1.5154147745655262
5,103,2,-2.1254509332612495,-1.7710965182859353,-5.496441048774415,-7.216954776875268,-5.278250343927254,-7.712473752665633,-8.670238712564016,-11.013216527610476,-9.037425293678007,-7.122671861065242,-7.971083037555218,-7.837847092194578,-7.424590040628631,-0.5906191700899097,-0.4977139487703574,-7.32169922609336,-4.750144065147624,-1.816161906619258,0.9816754410148434,-1.8790191211169815,-0.679475473194586,-2.031550040173275,-1.235149433461543,-2.134109007711408,0.9497707962433286,6.812474673960311,2.4324136535841494,3.4725405596474896,1.6429894634567928,5.546037388602041,-2.595268463738622,-8.189555703344324,-8.180847612891082,-6.792556569150578,-5.47935051130267,-6.14941026399583,-8.552477491309677,-10.403919363945226,-8.315724419901242,-9.153786775054094,-5.5847963374789575,-8.754848933551555,-9.256946851374442,-9.478970293906837,-14.702034905149672,-2.2499131257305014,-2.4981611426649972,-6.438662342863475,-5.3978714596071296,-5.886451388402586,-3.168634073922363,-1.82743135168467,-5.504566773278184,-8.793426362729468,0.9153422747366697,3.32224530561986,-1.2697220395557667,0.11589808158417558,1.5612065868179599,0.8616723381096436,1.7624603791173776,0.6889726398058404
5,104,2,-0.3530393937466314,12.605914605690591,1.777440393519611,4.647945324002998,-6.2726386814809745,1.8828300273971517,-2.998727731525945,2.5723223959595516,4.726152158819324,1.3162716065374436,-8.118234524957652,-0.3203582539771131,4.543598440384899,16.486201285952465,9.163474922897528,-2.551286420625885,-0.30696261875195086,6.707125770995706,7.430611483599395,-5.3759524813149,-4.306391347290542,-9.393370479617912,3.316812715424996,0.6753672215769575,-2.800930917549807,-0.572473403770569,-3.4824322985666925,-0.8565995372468369,2.456070455279562,2.222138647910027,-1.6033786839646522,3.529639574789967,-1.0726516154572017,-9.023854274257294,3.011879061121588,0.4034248426920044,-0.9435614375851884,-5.804267875986491,-2.1326247177132194,-0.3871891348645441,8.465935064797725,4.315412608838479,-2.750824147449216,-6.436097810203894,-2.5308548240246607,7.8772386034905235,6.507400296128737,-0.2583244196479995,-0.5311216011120957,0.41520164268681886,8.59620584779214,5.770111897097131,-0.9730268163243072,-19.24368560577675,-2.825527159724292,-1.0614572461671774,-5.0829333828835965,-4.01995743411343,-7.344792467064968,-6.4127759730852185,-8.097724720812975,0.42176475221427356
5,105,3,-7.2893593135380605,59.25276874950743,3.4350027740910294,-6.080064871325731,-18.57183154013644,4.00597943148644,3.5643560905009504,4.010698240182203,-10.322120906728342,-10.357519999646193,-1.590562388212874,-11.2672199491048,-2.382300537761028,-4.938919470997572,0.4276423086610992,-1.8505276279657437,-3.5038065274370944,14.394267401226397,7.7188051702318345,8.466445534149322,1.1868871258708071,9.587412973456992,18.931318207950586,14.496059172082598,8.292083399415741,-2.743647304318118,4.054501838028073,10.599565148126429,16.115088078783966,2.366713062473912,-7.075508532909364,-3.2629075661506026,-0.20873115445691456,1.172436241696521,4.020981289787082,-15.247670017228248,-10.911647373776344,7.40533889530272,-2.1712929355434905,0.6045094936313791,-3.0979205711131392,0.5007730810562266,-2.8923048697037217,-2.154387167081371,-9.77389000961557,-12.431220347266182,-7.176238729909528,2.8714161496155146,4.718082879760828,12.402428251123293,0.7115835114495774,14.183594795457855,6.6460751630195505,-5.291783643023269,16.129410360985222,12.697711102028448,11.50904248043804,21.38016810277248,15.27063457876807,14.742259430812624,11.197013266657185,11.707640902093825
5,106,1,-22.058982784859836,-2.5680953105911613,-12.070831808034423,-27.101954918650037,-27.96596936795225,-15.950041375804417,-8.806812538492789,-13.339079010822786,-19.86426789563422,-15.495119547709917,-1.7388660675141867,-1.0851736468967135,-15.241435513036643,-9.932226304237433,-8.514232032500754,1.0757985764819145,-3.2088961259393796,-5.504867224908638,-0.866131128970443,-0.5606214339311082,1.8805534374536714,-3.6554920046771997,5.462213118019711,8.006926905176392,2.8261377954196827,-3.209923220934667,2.835719465959543,2.503650213251026,8.452824441488927,5.922057267687307,-22.0654457505429,-23.05241310739572,-20.771725756987912,-13.798109270654985,-12.728040786993851,-25.19436933177455,-24.339006331681116,-6.159110993919212,-3.672861209423166,1.455973719133112,-16.936498492501862,-9.268460580511247,-2.9906959745396926,0.5535290617930211,-7.187376651009998,-18.439707303465134,-7.113522276384528,1.2365147508453698,4.5903109109892375,-4.551357615421095,-5.865305946219894,2.687321822317998,2.722601949399134,-6.02952908333845,-1.7834680608314688,2.584271306081151,7.106126232620712,8.404997296813063,2.5001368915616773,0.9875057318997458,3.9246881933110536,7.0360418849442965
5,107,4,7.186293247851496,7.215097870132552,6.873468869706475,-4.360612642451573,4.889088379469036,-7.85939034819603,9.347418928382595,-11.458040176577034,-6.498109689118658,-7.8503502491498125,-0.4517436345539453,-10.390157423868054,-15.032031229734077,-20.69502191613542,-20.583310344869776,5.19117244750988,-7.692455533028742,-18.211483914927562,-16.031958758632268,-16.91241558400698,2.3480600530747324,-10.66239101757727,-11.768967002669982,-11.848294822044858,-3.8105311261535393,0.5732061025890982,5.706747240659491,-1.1850646649737184,-16.763817532192448,1.9588198131433023,12.90380591930959,-4.403270131414303,-5.0797739977971075,6.336610725403634,5.39421725377622,-2.3930127833879027,-4.973310436917153,7.344598231564566,4.942041440866888,2.8336935197343944,-10.261872044117073,-12.370132328607378,4.738185694350337,3.922483799600031,-9.92687501853173,-6.313166854957049,-15.900429343782,0.26420188059167105,4.908380236101862,-10.633689749679274,-23.63116474746635,-15.899561926222797,-0.6775027667328426,-12.92284400025155,-11.415789772847255,-22.554874414055625,-9.103755178069127,-0.45709507062849486,-1.6695364109899207,-17.45567086952307,-14.285042091693011,-3.5351818999639013
5,108,4,-3.595120885051652,-11.686886679653716,-2.048991342202941,-10.656895648597217,2.8004738187939857,-14.475408298190588,-0.8353537811170798,-12.20519829024391,-2.5661224724154152,-5.349195673368963,-4.748650427930418,3.197607901092141,-9.229219298423605,-9.282012716231007,-14.380323963432867,-1.4968181207276323,-3.2497687413436713,-12.274070929300049,-6.69568431918032,-7.460653072552437,6.172854138047028,-2.992762593007306,-2.34388278551945,-5.478974761623074,0.4985343945871399,11.516022056704625,11.054925258282761,5.40790097384498,2.664194183128817,9.661279713825843,2.7357720289288525,-6.778240335560065,-10.674502725369392,-2.4443531370233402,-0.9501497109204788,-2.365097239522671,-6.1316621215423455,-3.879838895166245,-1.9392649875613064,-1.4434517318916669,-7.490318735698009,-12.476868213029437,-0.5688096927819639,-4.244298106547804,-8.363163343386542,-7.081219964819708,-4.903886704952683,-2.2925017387776574,7.3248462034730135,-10.382711256445361,-12.892984056981595,-8.475845636186621,3.2485820048704457,0.36755607540651164,1.1523772866533255,-3.139384829779952,4.033196512791445,-6.810051079662004,7.6773376198621746,-3.911712143206742,-0.8089727352532297,4.35642306090946
5,109,5,7.4824467252800835,-8.930081682504012,-1.999163287010317,-2.1408851434272242,-0.975296995528723,1.6329067456195268,-0.07297138702947692,7.7596996779803415,-4.854540915773591,-12.223506915729446,5.970629721425659,-1.2963660623900952,-7.834362005320855,-3.2849549639788336,-3.744213720758039,-3.435109291816262,8.926988114105978,2.691783955434291,10.583307350361046,17.042225914746055,-3.3789246965699413,13.35688969742779,7.046146575088908,14.729881294412396,1.0553106386668794,-0.24965076112165624,-0.5197112009201835,-0.17095227641757665,18.52009359869266,1.631203308684479,0.4116883061530937,7.365718745257393,3.6856994775419194,1.2135624431127603,-2.6784101733369985,3.1916270826193625,-8.016007558828816,5.078095697275385,-4.799593222869857,-3.6893004276165047,1.8426179987287576,1.8529731560421818,1.4880035611454447,-1.3500643582991922,11.340332154661604,-2.020878707535745,-3.0557326768956545,8.743304051731421,0.25007977172527973,13.093542664715018,7.901302574947755,7.198758930575509,6.047195814720285,20.110850133410665,10.294183792841691,3.0126181364786344,8.83302145987386,0.5285821789194167,4.25896816351451,23.77332796756086,20.11368395951463,5.990770115812379
5,110,5,14.099958387180788,-3.218662694664445,7.225330952032493,-12.714992654972662,-7.03385927005694,-0.6618369276658048,2.6758988742012413,-3.8615208910778165,-11.179440723232386,-10.460226201724897,5.268800054040809,8.743826865332155,-10.66406933409048,-10.81131789565268,-9.260146940029056,4.901131328536057,3.5902799168976443,-24.70473686387627,-7.36044564974926,5.004469873440428,0.5441132800017546,-2.878812128155516,-7.911388412117958,3.288461927699334,12.181491291650174,6.8201118026201275,1.2929185003314805,5.671222903061565,4.951228710073163,5.118316933807987,7.223477162170889,-0.40517523909760106,-2.073311970455619,1.0405779584174655,5.9886595824415325,-5.6048366335652196,-8.955388757241211,12.937470341578315,7.443192953709513,7.657691971603327,-9.887048183327044,-9.939628814324372,2.368585548306839,5.4038114578508525,4.042011023283279,-13.687506061388042,-8.433635973780438,5.649626510535797,-1.4192656897144713,-10.637488009067392,-16.917892109659476,-5.265117702051635,4.501379450436729,25.784856828065916,-9.826167013587025,-12.140806497012194,2.9857987735715805,13.49237074359979,-7.141998038059331,0.9876780934268387,2.3717200003320147,2.5534626599883907
5,111,6,-18.241967054447397,-59.66148263216019,-17.44588866430085,-26.326615146974603,-22.92094630950199,-29.86924661682327,8.378121524049737,-28.165150275681075,-14.031646324071763,-18.066753057853834,-13.89642498810298,-13.746674776940443,-20.035921563121786,-15.365368598152141,-24.604226021595842,1.2754490920228938,-13.82382644883289,-20.976439450208726,-12.416437594455715,-16.264237184259226,-6.410662391806511,-9.853784827538195,-3.41645320532162,-26.9169683583626,4.449569213431236,-1.1225986948418551,-2.922183540945012,-1.6417619729437285,2.103904582066008,6.129063164201996,-16.1826391848054,-23.817460321366976,-25.096062596433054,-6.122731545894612,-20.268278535364615,-24.995401238068563,-23.259475273511757,-11.18377758889664,-14.848359610249359,-9.651049823568364,-24.741203873804434,-23.513447312978887,-3.954184886204399,-5.5390608496055345,-21.716511613893783,-25.128446310804023,-16.61872650055987,-6.242042923300732,-8.1700384299975,-22.29493749400648,-18.287054218079266,-17.259652751270774,5.062182509698111,-36.421962566219456,-8.888495276000622,-10.430178427659882,-0.5394509148034379,0.8029105715998792,-6.380307737101872,-6.136766001127845,-12.734225037621286,2.9933701853790327
5,112,2,-18.114605201453692,-7.766895371693664,-2.9580523305368156,-14.681305799905843,-13.928288962010567,-16.72938916105323,-3.2451564565346365,-16.724335187319202,-15.964849159530386,-16.042937184434113,-7.720596333931582,-2.0641906122313576,-17.74442210608367,-20.894791345043878,-15.201239350615309,1.4168764900234412,-11.275095044135504,-29.56668962270203,-18.6167125529269,-10.624953565937348,1.514660146351473,-16.39138296114782,-14.043601760186446,-17.913160426542163,-2.2901876490199706,-0.7096172503718146,3.110476839015395,-0.2927810346662276,-12.221493508110235,-0.8997986497834503,4.930793861534853,-11.545274585894331,-10.369591215455044,1.4462760927314622,-4.318719278839303,-15.067502267158984,-14.137934494354738,-2.9107919925051493,4.905436779714537,0.08687428498169346,-17.2442781794362,-22.202273422431926,-1.910789173959596,-5.4242712626597145,-13.683617005488141,-15.091967000830458,-19.72292205048496,-5.969411644459953,-3.023361506470105,-26.48063995243934,-25.346912721487154,-16.806020960348047,3.525440467816848,-12.251394080407009,-17.246579724772854,-15.615489081547762,-2.583839139923816,-2.403608965801028,-3.7401273828226955,-18.045078213633296,-2.1235941512646495,2.960707695484615
5,113,4,18.0888097230345,5.1408965855882265,2.8846708304566744,2.431505509887869,7.589699332684662,-5.106051748186896,2.450659577984637,-5.683810673560377,6.397871096726367,8.279583148229525,-3.0512017020387807,-10.267570880832292,-0.7092289391269044,3.6916458490531756,4.8677895163163205,-2.4611368433731364,-3.4100026721816232,-1.3855668873321725,3.7597762112926008,-2.2098578408178757,-4.450170412213861,-5.1389709029959985,-5.303078217704485,-13.134609527068164,-7.59527300075889,-11.204935588033456,-4.9570246240373965,-7.863414075225592,-15.917050158979787,-3.1950652824811328,-3.740349700015673,1.0264903565459855,1.7385436040377713,3.3576257251793633,3.0860779066683657,5.612884028246858,2.559089612721168,-6.920832751838422,-0.13275691441816795,6.530737642951238,3.2593849815411207,-2.126953964416939,-0.03134410839141655,-2.295473314367416,-2.313005336605739,7.28911497686966,3.4409710135220073,-1.4406711832682666,-1.6013246173516082,-3.474081341608815,-0.5083008774857211,-1.664297846304934,-6.034485896186132,-2.6647827860490394,-4.774925064840695,-8.176582835376172,-5.546071882813986,-15.309803985422713,-7.451700628530688,-13.205066525581763,-12.92845518862056,-3.3614490498311644
5,114,1,-1.3805724140710938,-16.290108024665134,2.235800423591241,1.6188723353396492,-1.0348227961761167,-6.552158721518225,-0.5466403591605598,-1.3494350307439333,3.283884034287638,-0.4757639055208449,-0.8713947157489074,-3.483064872144565,2.5075204285633994,-2.92468237672455,-1.7417813263288346,2.6074960699940983,-1.045400134673933,-4.563331810802942,-3.2066448974173234,-1.1795598532459362,-6.246623991835266,-11.909696225349482,-6.567668047211157,-7.832793200252266,-6.415396866911068,-6.140617586036284,-8.49967158531271,-8.545986381810852,-14.425091791625439,-7.473964071895067,6.3605055008992215,-0.6418499684915295,0.15982992508698735,2.653936136059647,2.247827753447356,0.8399067162649693,0.2923707579512367,-5.441249030210626,3.0065371308081064,-3.664438063784205,2.3032826377624076,-6.108966617822287,-1.0661292365047983,0.9657152924096084,-5.262988350811278,7.81078652256145,2.476721324037944,-0.6599017636759612,-4.224051245408725,-6.255664094419384,-5.133008733391762,-2.328934159481945,-0.8553814511496296,-5.134552699536445,-7.824673722498119,-8.648892759686195,-9.035991087510462,-12.68057679480352,-10.301576514251341,-6.593992658163899,-12.967906294822159,-8.976434154969805
5,115,5,4.438569021343096,3.2369305645797106,0.5595286181423728,9.119781053159386,6.191159645504342,0.8544045229919424,7.007468971889466,5.201192576926561,9.387101558525476,10.217680183557297,2.2285265084469623,-12.559609156462551,14.639302850428336,-10.862608246119105,10.958932758044877,2.7669690491904215,-8.215805210953963,-11.529809134898754,-8.607296797980718,-8.758174436774517,5.638303793694184,-6.833591988741804,-0.06408167561152617,-19.921207145322114,1.991695148603447,5.273130566063455,2.270986723668145,2.459048279785416,-13.308498878922123,5.312190181212271,-4.390171957031894,6.403563651778712,3.185220543863024,2.7224453443706738,-1.218469160370439,7.272688500162939,13.377211858245843,4.376290964269326,-2.7680556240573906,-7.683772364671051,6.560657046485423,5.107263479200072,0.3745544482059431,-0.7760222555456189,-0.9149760289299421,-0.9447075150816175,-0.6392855511569386,0.3384571161530007,0.8043885516775104,-7.633725166434375,-13.691269862488285,-1.5504852113563834,-4.011750400384387,-14.979306666725659,-4.101067039313466,-13.702326390619689,-1.2242526735020107,0.9068252213140268,-2.046486411220961,-14.058525270167689,-11.34086760031287,1.3294511493068273
5,116,5,29.464991773137964,20.738590524645474,14.361861880050924,13.575202541380403,4.812322003721471,32.42441898584366,5.36801461711889,17.283760288275968,3.4974876343295405,4.8124254246401375,13.304584785478141,13.093981109968409,2.5948989886745135,-6.6021997944974355,2.5504064903390127,5.65110129919811,16.641600427672078,-4.169103520331764,5.833695516489991,-1.3500236510185584,4.959016122151071,8.013662326013353,9.127537137249533,-4.5996452197205375,5.166920692841639,0.7472990154311413,-3.091495022484352,2.1642193853139595,9.539723293992083,3.0097434760139468,18.513956189700753,19.53410261908047,23.81097531173284,8.821103738257424,14.405774995593777,6.298750575472857,18.185970149479996,19.370377354073984,5.907427923753858,16.372905193660525,12.831360733181956,14.444715550487356,5.557410185293459,9.807842463013573,12.975784712295024,-7.640263184814191,1.025068907521478,11.616132153743298,9.215504308549185,5.7865104257787845,1.173867038473853,13.635207453742623,6.774673868050204,3.07790217352974,2.338644246684341,-1.3318591514920333,3.833411333809899,18.500125232175364,-2.973783935352071,11.134888899853312,2.0136077833537938,-1.0748902793701096
5,117,3,-2.592127735841531,38.91326940604827,6.565306964659749,1.9773945637365264,6.128696791941253,-11.739915008861114,-3.1255696401193096,-5.077212654508469,1.843983222196653,-4.605760635796753,-10.467935301474201,6.191288027247963,-4.367166429303768,-3.7872530414677437,-20.078469493057256,-8.219600344088114,-2.4215293170134657,-12.782791235485604,-16.070451639865226,-21.386665478428235,-2.22195082423618,-12.780743338826408,-17.24156333865291,-31.659832036372556,-10.401871595304554,-2.6326558418662813,-6.478204141007506,-8.608674539616565,-11.355437493820604,-14.931573446249446,0.9820668186606266,0.31611853835695314,-8.626895467637153,-5.914276087713405,4.561703527161691,6.511611822833549,-4.1707317430367,-12.709503666713559,5.409569931773063,2.687597373523178,-2.703823621856139,-13.807568743313874,-6.287170925200345,-9.77858380172061,2.849663149417808,-8.79370203792833,-11.729857257487842,-8.896054101592533,6.726192174255054,-11.285415738091308,-16.94789610009231,-22.78287256556484,-11.36186914579806,-18.130101887986253,-14.731756973489212,-28.555307759829557,-15.681671831983978,-7.456140773870599,-8.088997740886269,-22.78945435292837,-27.61615829326487,-12.15972267724176
5,118,5,-28.604008670987135,-10.528312663911148,-10.272690591691969,-17.000739570843383,-21.481574838367713,-21.371265867815858,-7.580415163825195,-7.40228275027943,-17.873224161951452,-17.47770886929852,-14.71661090187547,-6.044446555241697,-7.105431024802896,-23.18661690878161,-16.24798908637746,-3.3378830502468446,-5.793418039033956,-23.100080607640656,-21.182149063307413,-14.76981140234757,5.966721848153125,-11.688953316617171,-21.399294064184314,-19.515931717354356,-0.42948648676548773,4.1750654249293015,10.340226068876955,-1.2929654724487079,-11.707559437525067,14.358166917931383,-1.6229336545348336,-20.136470225367063,-25.192678368264207,-11.062609470926414,-10.43125234691217,-19.432295205365445,-18.955222735272294,-19.096531080559085,6.59206064667825,-5.916348943384595,-14.261444781975054,-21.51693001907411,-5.21803884270953,2.5686305779963727,-8.666371498245557,-12.269737169328264,-21.988250359733833,-10.502733202605722,1.9449889928147925,-17.612222406740603,-25.503720677503193,-19.68740064176028,3.5809236568364717,-12.275595747343289,-14.807618558672297,-25.107028326331967,-8.710801305936462,-10.206363784898885,-1.924450962917832,-13.611537997724442,-16.258281601496368,-0.8842675110279787
5,119,2,-4.853366554919177,3.8437571627763676,-3.13197936694615,-9.257864277900719,-10.382670500929027,-22.0603387218832,-1.5870898085214722,-13.941258776421874,-8.834443120467595,-3.714942624474446,-10.732058893525735,7.160187727172591,-2.146408617042185,-19.932896245543553,-7.798339753934158,2.317260739211809,-6.222710403636457,-23.462682921802863,-12.851842230185866,-3.092900995806814,2.6111252116885573,-11.311533788855117,-11.094520374859988,-7.032425276071928,7.689765791261068,5.003680768468212,-2.371892197324508,3.107533505757159,0.8063768758026815,4.796884640869567,-15.476413149613792,-5.114550037428784,-16.919839831205415,-7.654848735870387,-4.685226266454094,-13.29017777209419,-6.083565599194203,-6.801073600469922,1.5093964998633027,1.0233089451581563,-11.737272180003554,-19.7694998399877,-0.6783263179482109,-0.8622734368006436,-5.61960063314792,-12.977024739744468,-11.406677813246473,-6.749767609031465,1.9912505761334098,-20.18545289894156,-21.899678958443594,-11.06395907311633,3.5690717624227806,-17.158095838479326,-9.964678888413594,-17.1658771680668,0.5177260177343439,3.605526195157594,-3.2105901204958216,-1.9085314899694343,-4.536042616214243,6.620962370845785
6,0,5,-7.865794255966083,-11.644253795659848,-13.17236046449894,-21.192364043351738,-10.00438632620726,-16.069991802365116,-2.3526287386421014,-15.633339749058566,-15.409201183379073,9.314215215559047,-12.073375859979269,-19.174888572496613,-12.219981083711728,-13.493471228722022,-6.145186448782093,-13.246397018659765,-2.2313025655656507,-17.65194373264364,-21.87577591382149,-21.536774201988703,-26.12908683353806,-20.59478028159498,-15.034639853575245,-26.345294409090794,-28.60061200108472,-8.628231794914093,-16.12998585939044,-18.03391803991867,-25.446334903287458,-17.757155303548025,-12.525365669371142,-16.088043142516145,-20.40468451919081,-6.544212801745399,-21.216736578308726,-13.439064627967584,-22.495474797855234,-14.817704359841796,-11.541792890193262,-11.259436445151705,-16.297491471578436,-18.952587840397193,-8.638938006967665,-5.022587838605406,-13.574784949194735,-9.833710555486926,-15.424508092175357,-11.908521887641857,-8.39783366478798,-7.780336206690862,-13.729641820463096,-27.67159989816932,-17.195155869510653,-23.169056331239094,-17.721453607672967,-20.05200399930884,-28.362048390889303,-19.74449190960787,-17.766276449328526,-29.55611809552079,-27.962763134617266,-28.405946270812585
6,1,2,14.204918820092942,-12.569090583815985,2.319320079552511,5.701127503612415,23.0173015599934,5.877113115246885,-5.038326334662554,10.50359783700963,11.94174438783126,15.731847566984062,-3.6901214241572635,3.524632419891108,7.422537011173889,11.83594088891817,-7.501673878465848,-6.354937061940026,2.2883918082750396,2.494028899341639,-1.8902534553099692,-7.250911790241556,0.6317805220293455,4.530517736881423,-5.316106863092723,-8.735028236150377,-24.80471778615583,0.7941736669007045,-0.85410598834136,-3.8248117429817587,-8.10322308240504,-2.162884295554605,23.182722746190155,-3.1721741012411133,10.90291399177073,-4.939097111363236,6.152075089059957,-14.733454974549941,-0.2300220752907215,2.224025380911258,7.618072507039807,7.684387819069195,7.576616807500041,-17.094570001996143,-6.713278924910035,-4.928458767088425,9.008633392885693,3.2853473607087267,-1.1835299982439464,-4.124386836751932,12.764743252657354,6.082978483652932,0.913446229473664,-13.649345755031922,-8.528940781879962,3.1076102525268396,2.3815465809822793,-5.989188553467278,-9.325297662125129,5.963767606117645,2.609545733870532,-3.514814219755551,-10.682592950534168,-11.850655624234093
6,2,2,2.031388560037426,6.567740530871621,-4.043011493481149,1.0823394733980845,11.89441774222183,-4.379922403346339,6.007054751875194,-8.072831341727042,0.625934126264439,4.987829837493783,1.1123919431574474,-8.216377773935475,5.013781141932695,19.933779901665886,-1.841409691427721,0.5111265130704501,-8.474848741972133,5.9983344051714385,7.620835371906078,-3.263373769342719,7.267020228069008,6.368899485187199,11.28966776590522,-4.320748620393982,-7.243375575169921,-6.261252038038861,-2.986993212261373,-2.995300548923452,-3.548511482264119,-10.095980629143186,-18.50026503751599,10.479441141573398,6.449621184041914,-1.2269465833272015,0.9076367039403825,-10.212527272541351,4.8043511493086095,-1.212910156560745,-5.889163724305792,-6.266882684036367,3.117693530083292,8.49122872501158,-2.0057455134101034,-2.3773651680931804,-3.0372431413384082,-1.6817857066010364,2.583816465660476,0.4841576511176624,14.063407546457297,1.5987265350257336,7.0034181335486725,5.466967456485716,-4.408118535781553,8.680590879859217,3.7722739466670427,3.491607297802478,-7.754335533918407,0.7111516089303562,3.4403645700843244,6.351002451986434,-4.957333291131187,-11.028766682791732
6,3,5,10.034864296000912,10.676413425267114,19.327679411848866,8.080182556432055,10.947816871742647,2.5506433340402785,0.31210054607107907,11.206294227209755,15.727259059819922,14.830914484677693,2.6989446738223792,13.895352954612807,7.984511534615255,3.346605246114289,10.72176654977586,-5.336532384282116,21.387393779280345,7.392077833800235,-11.320324656065186,-5.384531256731416,-1.5060098261186272,0.8741182631574469,-15.486333724474765,-8.596544826539555,-10.31865757515245,4.322123896921189,2.7900332751252295,-5.68620303418578,-14.015902008253665,-6.5443299545384,17.798993160630147,11.820516985046075,19.007962431258917,7.901224445415349,8.433380935545554,18.452611530449527,-0.9384724062572145,-1.5772957468814228,2.6930858151442023,15.619587094230553,23.224400085465188,19.370898842629877,0.5237814818577083,2.0779998035442726,12.036724511343724,9.384212313537912,0.707130404620816,-0.24502041720126225,-20.894743975706213,5.060281479912929,0.49284726135977674,0.7016725958120545,-2.1592827185238828,1.8926463919896164,-0.5769114874121613,-6.8334332681601735,-8.241582801449113,2.8581371671270306,-0.28795018292418595,-6.67308149016576,-9.81684950889065,-8.832160663018685
6,4,6,-28.10877002085126,-21.87131694980566,-22.977023742638718,-14.625049048716686,-33.564439205407346,-15.54919522083025,-15.776386614525453,-22.162948809177948,-20.782101244461263,-21.526857373690827,-17.759215000301314,-16.68510870151676,-14.932746303063357,-11.781725559201904,-11.050037458309019,-14.455600857189507,-19.920866011170578,-15.794980448994362,-16.956814590026625,-9.887167416694693,-7.325959597509808,-10.22520685898957,-0.9737422771570152,-3.277317674308107,-0.6720518696905555,-13.461420512962622,-6.45398748979517,2.066368598990687,7.147248178095809,-4.891400397590521,-29.492448441320793,-32.33334231849121,-21.70332404301594,-11.405560782173554,-15.166172611572566,-10.825368324942074,-21.684341562945942,-14.269094064547799,-13.353507871410203,-14.203950461931527,-13.63303978966616,-30.21217225255761,-19.787106944134504,-20.23494614406331,-16.269400168664564,-18.53229714391706,-18.33038495185717,-14.893430801699079,-20.14739753701156,-9.359371072726278,-9.810108835922508,-16.457541177503575,-10.21634471434646,-10.289160079618055,-10.000531784872079,-6.153191397145461,-0.1358127941848793,-12.829294716666759,-10.099711696276584,9.003588654100895,7.232564372402363,2.858618071075621
6,5,6,5.486023764012429,1.801853707900679,8.263920168483224,11.091986276209354,-6.251045436075911,-4.268963166989571,-7.013840671793396,5.351358202149772,5.864230051863844,-3.046043754782433,-3.065710701275526,-1.9586101441485102,6.9877104157718275,-5.082748393573592,-8.179640046616155,-13.057238418063736,26.79464469488892,6.378668152704476,-0.9171833780753151,3.266334030027619,14.39236289876082,18.176767533872184,22.50337497767335,5.907745278190555,-8.907788215909248,1.367051786186582,9.998459707491287,3.6227515295783936,6.568135229461802,-4.75103628491733,8.332165810574848,14.552646804555533,-2.342132316022065,2.346110115645498,10.872614889621467,3.408720878293602,7.011978278754326,-1.9978701645144956,-0.7284997507202903,7.30728562258854,1.1222162906778983,10.14388694923383,0.3579100211400822,-5.688256789475861,8.064265156119339,6.129256784143605,5.403840398733934,-3.619933186377194,26.30394997883862,13.359928067728159,11.941226344419324,4.010596819221973,-11.853535737024574,17.768761823862416,15.257366123552456,11.901842976590942,-0.5244290575884817,15.495855721940357,13.946922570563528,22.225508154892353,6.114844172238945,-0.5623816122164647
6,6,2,-3.925083274470367,-1.4003235254800177,-12.618896518720362,-0.4780214012901465,0.6165229615914399,-8.556199479507422,-5.91873518102121,-1.1052504161531802,-0.15765067322815857,-1.5249306540481922,-3.5366706663470073,-10.51796730205689,2.464618032798171,1.3153587737824899,-6.5165532132292645,-4.2519172632998625,20.953029624748645,5.645358235393533,-12.077779138142748,-8.477956966883164,-3.594228481237846,-2.7861110300688825,-6.4176754210962015,-15.98595213026898,-12.587622781920176,-1.639053553115666,-5.260688703234603,-8.263907924657921,-9.683071918830997,-8.545629040633399,-17.88029451186701,3.5523782919910616,-15.351501329370379,-12.094263945126952,-0.798219230207728,2.214750089341909,4.4549826373482455,-7.358608512344155,-18.51267936695139,-7.065009446042335,5.386079140211933,3.7353204508743634,-5.9106500671449576,-12.709843337155386,2.94849179660129,2.8570886456475777,-0.9805385058791183,-3.7860389777527366,5.276001889417631,10.610554615932907,0.1369475603285366,-4.953250589621502,-6.209916722665471,-1.3588370514022776,-4.454008243114846,-8.5503224729583,-15.532766068217956,-1.6311966057685088,-4.045823674739863,-14.364252954312576,-14.722236999585967,-12.656676319768513
6,7,6,-22.364059281739866,-25.232119223193774,1.2565859007768392,-21.41820485538961,-10.307624519098455,4.995964334664365,-13.652176387176452,-10.124596136633494,-22.11660276790626,-19.498022041783273,-13.077626966996261,-22.69187980490486,-6.069133195373025,-11.098585140959525,-1.2932618969324516,-13.029924208985452,-2.1313209086883727,-11.697198717326787,-24.88171469084011,-19.56869134152444,-14.219269700427887,-12.09265439227087,-14.880966950435097,-18.577230802600877,-26.16244490699069,-7.469228564557142,-6.385119014169751,-10.850851081016403,-28.30312138177999,-16.432730787865278,-11.470673431449276,-28.069701105492516,-4.820496874884131,-11.38731221082371,-21.47052683406396,-17.95832128491162,-17.111523427194125,-4.298873771413613,-5.306979384389706,-8.023130390094593,-21.353603904385402,-11.275298366930746,-9.989424675737123,-13.392293069628067,-7.155746517657512,-11.566948718391359,-18.761831945398963,-19.67847267966489,-12.347227817088953,-3.9589717938542015,-16.111021870281547,-16.6805635240474,-18.19255540083821,-13.27706621293682,-9.426654550803418,-20.98557369582491,-22.08000675706966,3.88066145995768,-8.591469392407591,-20.91764863194874,-18.671242811694366,-23.089931813136825
6,8,2,0.753797327872455,1.6592447097702852,-6.326710133472599,0.5224432104676042,-4.209277591100193,-0.34621100005035094,-11.812881937341352,-2.8647666788523676,-4.538479546845962,-2.8685347620488697,-10.896050031296909,4.30742158247272,-5.39973947300189,1.946874105394248,-10.101210343566278,-11.61256079466604,1.3799595660643584,-1.8411383880075192,-3.205482833013624,-9.061325556064793,-5.145782746283744,-7.342814530314112,-3.9011425968577624,-12.035996796574633,-12.899507645313165,-7.995143878926733,-8.360657939641946,-10.37958897800161,-2.6655989028570244,-6.644570719496137,-36.4335043888948,8.095298263658886,23.087958267231187,-21.820154418149503,0.4152768058361612,9.703041234292183,-3.6052862551835583,-0.5854590993556307,-12.5285356250796,-1.0721699260629538,-2.39926467416808,-3.437558509727439,-9.005648502160051,-12.889448948613392,-2.3839084975614497,-3.1088313283625846,-7.126575973975232,-11.390969356340237,23.12676821775143,-6.171143910080962,-4.733626442248711,-6.632267277869515,-8.969095847205956,-2.415502748361263,-9.262257051177134,-9.049663338015174,-13.069011522332065,-11.861793520678647,-9.934290542267263,-6.651706155923362,-9.507376342387198,-7.861100997605432
6,9,2,2.9069252549329883,5.544284871029785,-5.154237825378051,-0.6521814575009965,-11.921738053762875,-7.223134894014861,0.5909972430729282,3.5957395022326173,4.693836001588437,-0.04291714300832972,1.5644434755668044,-2.97471458472811,3.070255859073526,-2.639888133458997,3.309910989093889,1.6283658970936727,7.673280754262894,10.638960509220281,1.8886377127704865,7.251442215768854,-9.768992582063488,9.591829251702418,6.822690076353712,12.020276788803868,-0.11106402854003417,1.7512214614345303,4.9514066385241575,8.076821573487507,-6.449090811548893,-2.156982409994959,-9.207912218075517,1.0864221713755549,-20.623149241070916,4.364837452360406,-0.7082036773151736,2.2898966169847914,4.130097620325477,-5.688632955456654,4.622531530717045,0.2111012081093177,8.380923240479627,4.4613532731991015,0.3507747110887999,0.3858533717305749,3.5338953950147096,4.6423528044052995,7.567797998193557,4.056776458988105,35.39369356123414,8.322945963091602,10.935649261514586,9.807074606509463,0.19980915449559683,8.817205338185175,13.126174802006009,14.292498434178247,6.144514257338169,3.166623583654078,13.431559301907102,16.310084798214287,8.932012886263243,-1.349234764986648
6,10,2,-7.293107277918153,1.0929161558501286,-1.4523000815292677,0.17932200050208635,11.031862835558815,10.958732912725793,-3.167018309008425,-3.1798644425779052,3.9388236834372345,26.34248828144018,1.7702039617863368,-1.0242635818062027,8.189704848277358,14.054310933891223,19.35114539416917,2.296489295620675,11.071807389488301,12.801702954647384,8.503982336691966,2.122933547180031,5.1366799191185635,6.061381064880663,12.888184741502865,2.6829962195237984,5.653751646645549,4.968014830700694,4.226249691451016,3.1138759016786244,1.5026118029363276,2.723668653887083,5.969102228923539,4.337763780705268,22.54809908157714,-9.969677489432625,1.1550007731392526,16.409807529027873,2.7704341371838987,10.724615829292592,-6.807562092160126,-6.515763832608284,5.455360898021154,4.2016919712740455,-4.139934257013591,4.839923264152122,2.7525864328036254,17.033521297512717,10.25197225972647,3.485212030661543,-23.27955911382636,11.581509267718236,14.7709267643712,1.4950137283743885,1.4468175800653496,2.8003632248629184,11.715126548007849,7.244436178668737,2.4231623367111124,5.61028559399178,11.427811784079156,5.8334744803425735,3.9149506545466597,-0.34185691824092146
6,11,4,-6.919125683242221,-11.376205240807893,-2.09259751016592,-3.4946785513765892,-6.836362770099832,-18.358112365279982,-7.0814264086926935,0.5752092779318739,-2.867375395556052,11.090678832516437,-4.323283341548563,16.744294743121767,2.3067514337599277,11.80379161988271,7.153347617716576,1.4385659547477232,-15.763324636523054,-1.1497709616655243,-3.0221891634325275,1.5590841682718661,7.285509500777485,4.891825945729891,5.9185933812674705,9.021411744656227,24.26299000699245,-0.49663375010259614,2.4695209254760595,-1.205558961745715,7.711806839104835,5.124339546111028,-16.003016725801512,-13.99864020607458,-19.927359965652602,-4.343511519391403,-3.0375946379016825,15.73511616024757,-17.68092321213789,-11.178720967446619,-2.771840247234737,-1.4369007902384567,-2.820128907926564,-17.67589075618037,-6.801592345871939,-4.383844644296914,-3.3143081282856066,1.9493716971994186,-0.7513798786463546,-4.722796909968234,-3.867624133325564,1.2838322605665136,2.0345153384614827,-0.4535870079218025,4.094926423733919,4.82171173725368,5.649853878427389,7.176677992976295,9.164335179426589,3.7248053203859346,5.6804614944054155,7.62396834528346,6.399772076526798,10.609284068650867
6,12,2,-15.158352737201424,-17.482760630252706,-5.489502108769444,-12.697428926507499,-23.93458941774214,-11.282908650433152,-20.249605442102006,-7.6601324226797995,-17.5040001087345,-12.327141378710907,-19.18780250347606,3.759452457210367,-7.751776203649431,-9.485526136236219,-16.03578279948817,-12.237532840837254,-9.123995901335299,-5.801362254225266,-4.643493603642395,-4.91548926410515,4.775334844411141,7.770838721814321,2.8956394669565784,5.743138216708495,-0.07700900787703602,9.07702700737807,8.360343456041162,10.61423012529069,0.23920491587643114,6.255794121162607,-10.499743364569612,-20.402637040469703,-9.664946665782939,-10.321889178827405,-12.298680027901408,-15.926895587546076,-20.881281055691755,-15.863232261614828,3.3864760298406833,-0.6146234751838009,-19.627106559394704,-19.092680537391736,-15.550687700899019,-3.768462607614335,-4.618461233995307,-13.937893877441924,-10.051484601890175,-10.74536205287569,17.913362717414955,-2.268909867148754,-7.950302528081149,0.16772778722934553,-5.019572137377974,9.833038404106908,4.568174442662521,2.51112431101501,8.102594028164562,10.592195158052,4.8617796772613895,14.004801132875235,10.280365834444225,13.597344351801784
6,13,6,9.513993638158754,-1.6892725491680465,-1.7096796414826239,5.17603250753089,-6.374443730452982,2.0580182962187714,2.9622198638858337,-2.9547391395061866,4.702180154871465,24.8579649685814,7.199810743808932,-1.1836286450384137,2.4981116826032705,-0.713859012231185,11.220355294372252,3.235843644363853,2.346584974697268,12.423145341255308,11.998790454369315,7.081500286048999,2.4495700474873905,9.026117255718152,11.284419589744113,15.789504193064827,17.166065618940976,13.070473101927062,12.965323258793305,7.422222607803147,9.055984795312163,10.070806331387383,-16.521926277442045,3.6080429004618852,-1.1805635521006657,7.577054794775554,4.828403003502456,20.31389788738112,8.232584987562605,8.689933974352641,-11.105251799820266,-2.7197710409754774,5.676052019871748,20.15648172732169,0.9909485888372105,-12.009114278207832,2.1379197592529033,2.7789632726415294,8.788898215742735,9.03394338718002,-14.396365384775681,9.166783629575884,7.016862499223813,17.546306747852313,12.63390121264837,3.1893495497543656,11.154866593730894,8.398943651921861,19.475006396723234,15.493993140529936,11.543273003544751,5.649946442282782,15.84541539050548,18.360881506488102
6,14,5,8.840591082076836,6.492760383966949,-1.2111649337656258,2.5802333110506184,-11.762798618386133,5.054009447697686,9.03038490029824,2.9975329646613567,1.2313746205394742,-6.09108205001926,7.614433879623328,-2.253596843561022,0.5041205824761688,-3.8741426799991516,-9.266574086734979,0.8505475389055639,-1.8615577640125462,1.398639925233112,-5.925654644600863,-6.2150046333852345,6.510731438274232,-4.875322673469782,-15.482041286054718,-8.1978576880221,-4.901742654878122,15.976941998979841,1.2941561607053387,-5.155637733229413,-0.1813879873058411,12.281190047131435,-6.072759572132608,10.552188703540432,10.824239839822422,5.209458378711489,1.8425630136909779,-11.483975934500736,-1.7746258153489265,8.261607525961066,14.686862427014393,6.847050286440471,-8.530346866822008,-4.520366668388841,6.596053768040206,13.409813858534601,5.217037879742635,-3.6703865474726025,-4.659620771956877,-0.35617704771277475,29.296314902421926,1.4442582190797713,-6.601437725069955,-6.207123099144821,1.1901966398638644,-1.6551806281161712,-7.499700222709555,-10.916623678285536,-5.651716495886805,2.401657542849821,-6.1121798994632925,-16.860483673060454,-6.802424811281076,-3.1158927260080302
6,15,4,14.582569830142335,3.5846818291650346,9.293999358770296,6.791453495462669,-3.837442227502966,17.40610917398659,10.727397267854334,11.936730407422598,7.423326503383233,-3.158964112628157,12.80183861232591,-9.728406675614231,6.773155686104812,-4.604603561402369,1.6432657852746213,14.113645093427504,3.5801674935217136,2.724655452865833,10.097953976745291,10.95345369569685,-2.5939366366010055,-3.2714280436587755,7.675482431971803,9.003730475902557,8.878130469175916,4.378886283821107,3.2416716211407266,8.545684547708706,10.142894080158593,6.758965001055381,8.79750123070326,10.21009112874092,11.507028716559544,15.19148250381893,5.956391704314175,1.9308580203754118,16.953699972557207,14.082020024848518,2.5096318724127955,11.013028395998221,0.45404958677273866,21.839062751588834,19.771275747635556,18.111284847462127,6.863134244059376,3.9431655363793023,8.714510193208186,13.160032365334828,0.8908497681727675,4.246644215953608,4.654366199018027,7.857900288910032,13.495105472643203,-6.831108256725863,0.8171461979154397,4.779096824912037,5.417420590886983,-0.5290482993487522,0.1794082735006402,-6.2845392175382235,6.091291784422425,9.010933766868419
6,16,4,-2.0380860674308563,-17.901996705317632,-25.58179620630676,0.8476242264391961,-11.286830996855999,-23.164597584746733,-13.637837901484316,-11.054588783776573,-8.351493603464718,-2.7544919995182204,-8.724254169365079,-9.22329302597791,-3.946952066679556,-5.925895247287571,-12.623133350175063,-5.144950136843299,12.158124651532715,5.694978919516247,-0.01642929913373603,2.8317293460798894,13.591066137592238,10.397202304308863,11.451863681874796,4.895384462635465,5.893227857742004,2.2238465594809234,9.793192511333569,7.900928456938205,7.675186380227214,-0.9926569371756808,-11.700886661482114,-0.11267984242791904,1.5540950148616275,-18.170113245195648,0.1923778191799439,-0.694648258603835,1.195469601136609,-19.62187683936663,0.9845779358023201,-12.686605521977489,-2.525943950588087,10.220340977593256,-14.13802992697896,-17.23973215166934,-5.294009943469996,3.1672773259328446,1.9137751050974874,-6.908086479391636,-0.5522490032017231,2.6661724230138253,6.770232460893143,2.321867079042442,-6.232062987097328,8.226942093395511,9.483059172013142,9.292488423607693,4.311522681743087,1.7153779416935635,10.571424127056657,19.124681889193088,10.835383873983723,2.0162482561498156
6,17,3,-5.290673560281168,-13.56769267474187,-8.745154587597378,-3.5913484839995102,-17.99481842231869,-13.708389863780722,-7.050430227502633,-10.481747658588224,-9.978108036808855,-14.049500591235187,-2.692592439355282,7.486835713804942,-4.912701721144157,-8.46347651980454,-12.880050246876364,3.5099422236018603,-1.3067000617795594,2.9485843036289743,2.3399429751315917,10.213661973444156,22.845312024466693,10.98459168859734,3.800476261437298,11.409957921109724,13.766866806883174,6.494345350196679,7.308019568780201,7.306422156912111,13.33683198047008,10.069609885104,-1.6171540051056967,-4.858794717368009,-25.039735178940184,-13.961877917643731,-3.815203402600275,-26.41547652786006,2.6905140881682166,-10.71117131579269,-3.283786966414305,-6.329318821739701,-10.44503465637837,4.122351670396374,-5.35045157763653,1.5920106073239497,-3.5748143932986545,-7.877838668345311,2.483020574592689,3.049077883885218,-2.766616663353221,0.31337097212218046,3.1370336471988627,7.399391905080933,5.540590725930001,10.830437852115157,7.382129978030779,8.010370583125821,11.338727428486989,10.758467338070647,7.649604986626201,18.208189071618904,12.17288257513286,12.837453933387279
6,18,5,16.1808771036179,14.174021436026463,11.015230044149005,9.93190389793798,-7.567212103843329,14.944864822029158,6.106049763992787,18.010717368803963,4.609401747879643,-6.596615120950272,0.14043818550502468,25.798164216574374,11.055285579524934,1.6821803036259428,-3.845872588637401,1.6397751154060045,16.535561738444912,17.855786424936586,12.82159802553857,9.830639394477199,14.553596636325839,13.859490968264272,15.82310886778754,13.719922493234643,17.091245752055105,6.284866013143933,8.772185177582024,3.256139844792283,9.919255087879012,7.579490893651034,26.65092562243524,22.079051032526085,-1.1190894777409561,1.7365066849558448,10.20663763098304,-4.149141687354668,10.520378573968005,12.47929093848188,16.810054971586634,17.47259705032154,5.764747835991044,4.593027966210571,1.8680580041439425,5.412918571337332,14.904796909722618,9.580703662821977,9.48413848299987,7.882334465436395,38.09934179194089,10.644615740640232,9.747382843276343,16.500501533425066,4.0349756463476245,18.650003319560756,13.471417516151936,14.19713584691423,14.462785397360962,3.072611760589429,13.598892315373215,10.367489220540424,16.63793622552441,12.561443398502185
6,19,1,10.737190650026433,13.71684504986354,9.211760497856432,18.53702112511029,18.56421825404437,22.483683297762692,0.317681795758445,13.44124163732659,19.458324264098955,20.149222942727917,3.253574188077459,9.034461381095579,20.056826847537263,20.185800174387502,18.19549717667808,-2.5217934946824854,19.170343410405444,18.91888442142617,21.392290533173874,9.15272248450031,19.160827476451765,20.244844472353787,25.906761292033135,20.63632223564314,10.577344590207424,8.763853423978862,13.495247262916182,13.265120441423406,13.425953351642663,4.148025526551576,24.305611052027928,14.295039300829538,15.786494587014264,7.761415313838456,18.73660216394176,27.094133374303958,18.26521066753138,21.525648651224355,2.3672202667902886,9.514758334983501,24.640930868003803,17.788872817355184,0.6075435779398165,-2.025455742560484,15.35567037631734,21.664816506161557,15.359752968294403,5.027348895648088,-28.279852691946978,20.87546557546933,22.41465437705289,13.546366644620035,4.2378376406594755,16.834933315426483,20.998389135660016,21.838957909335633,19.62239486615105,16.646169434460553,21.516761954961805,32.00027960679699,21.419469269992007,17.733115828732352
6,20,3,-9.58094414220215,-0.6109724803259833,-20.159571399582877,-11.205338328926285,4.625800174570117,-17.646257757916256,-5.241718739963974,-12.978767660537317,-3.612754688345507,8.63137704085718,-5.191653872723691,7.864406692182144,-1.4157351632375377,-1.674724281890452,8.571383118856604,-7.262240801892452,13.670418785930398,5.861528722887358,-6.7626159292895585,5.414842712034175,4.65635835697375,7.464923869591301,12.538914786594942,3.3222638559641258,-3.5491097395467337,-11.07244880752433,-0.37966155228432186,-9.286370605854998,-12.617570552355954,-7.860299348467729,-32.42018163205329,-4.493410117557931,-11.638234688224639,-20.72578896981346,-11.053996743793341,21.299018634415077,1.4652943289498017,-13.814421535049354,-29.334563494001234,-18.573549079686032,12.965434317726913,20.00922884305986,-6.842683906695328,-7.142357766134211,-16.40602710583282,3.1238668191462478,0.8511703539321698,0.7466311540068473,6.312260475634353,3.745903250920336,3.701573843159145,8.172005081901375,-2.20795386938787,7.637751822393936,5.498672641708699,8.204111246519906,-1.0837147078226956,-0.5709849063466058,6.103656911418957,15.35309864028937,-0.964633418406109,-3.77461132621847
6,21,5,-11.188206085111807,18.435288057548973,-9.82346698678122,-20.588644206024156,9.599303787119878,-14.472628403909317,-2.2888420858397733,-15.783016243540658,-1.618961009174226,29.216770895552365,-1.634884508372081,-24.694541792141084,-1.1758147796116265,28.198360023179596,24.99597325603046,-5.81719322099419,21.70636440577304,13.751288605672189,13.792756594890704,3.0183594165506182,3.8416171789896216,8.4334734801839,16.163676916099174,10.512404551593272,-1.975945938128706,-4.804616402016905,6.696047769677708,8.824137206348343,6.567469150282256,-2.2445496485182437,-23.477277771200658,-16.164053120832076,3.639174642223053,-3.111236563088691,-20.89703806710043,20.505177956846797,-14.797322141006589,-14.28877953585044,-16.37152203501815,-15.727629106241931,6.07563970842194,10.089406342949813,-2.5047968704105776,-1.9283541357542213,-12.819088072129873,13.864369312710151,12.000098041508618,1.247199450505944,-26.335050821940367,10.823678606712237,16.706471732681287,14.32891529441879,-2.012739177123166,8.046910825230905,12.781875538480723,17.32425270106916,3.3473454958520703,2.421090202860354,11.86363752985873,13.245922126387034,8.617759972719883,4.69159738041131
6,22,5,7.344726322763935,20.252084669605935,4.469993468453514,4.492071869726316,19.976475124747104,10.331244734002324,2.832981268046197,-1.36564563841718,14.225591000442094,23.38864346466414,1.1773135143434397,6.922899976100132,7.380933534620877,22.949407345206467,18.03505906993069,-1.0490184169228578,21.321991220252915,9.15114371905603,8.817883618164624,2.2834458290144974,-1.3340698607356811,10.078496781291394,21.514103797673265,8.231154192148184,-11.052522814855347,0.6021966882725823,5.399239801824453,0.008449012958784863,-5.8081213412579284,-6.883017115544796,-5.508262609290645,1.7134107880794054,-8.869416311479787,-2.292246332238771,5.066201839652821,22.037749684075035,-5.161299199070328,7.877968214656704,-12.60017930591342,-6.04143658405306,12.431470895208786,-0.28880727416324703,5.026454650456219,-10.142406837174255,1.6253932653897905,12.378260787372007,5.738216787451738,-6.010588586421276,2.102964351453435,12.984022145045968,10.506224993372149,3.8254346784272406,-0.9871496526956016,9.033345125828552,13.445903906260805,11.514793230459189,5.048286257033439,8.79753208030923,14.192985432267907,7.483992730449071,10.858985528031866,-2.282940076837293
6,23,2,-1.6245545433981836,-12.68204180651526,1.6718010469907654,-8.209211533332653,-14.658302309502638,-8.541090065249941,-0.9800698003481806,-10.484393332880451,-16.487414881132732,-9.382923309486817,-4.787613558969121,2.6803877080802048,-12.38708595849471,-15.993266394134706,-10.22491100764402,-3.9192122418927493,-15.181750887732324,-16.76402358006595,-13.640582116763671,-13.629234609455334,-10.96837207341067,-18.068793309480508,-18.444205725474706,-20.63826503888591,-17.716606292328454,-18.77877923767311,-16.379773501579347,-19.298989864565975,-11.840701916039265,-13.86642904007216,-3.291791932288239,-13.294038234505708,0.6949689906976391,-1.3072366172038918,-8.498123573991132,-13.09746049732401,-9.72499000049401,-8.030148640456726,-3.9217037547879445,-6.273290282081265,-5.654263509937178,-18.210514251324458,4.413934163158618,-7.252928418561631,-7.719503455749923,-15.117322693101874,-13.433766999483536,-7.861872023925545,2.478808500167985,-16.999275228917224,-15.433715499256087,-22.023984711980685,-8.325992502618535,-17.72948328577118,-20.645727202773283,-18.70658686820691,-20.691900545731187,-14.29511940802401,-20.77563173974659,-29.05610453760503,-24.9293865695505,-19.871516538465904
6,24,1,9.77629432918095,0.08036400418637862,0.24768478490082807,15.19328955132174,7.759503599392565,21.63276573939523,4.928286062042437,4.960367530084597,10.372071220653083,25.176053541610255,8.14822481586541,5.714948110503895,12.129194660580763,15.349836248450172,21.100122144511072,-0.8047811397828339,8.127922468012338,16.311213482125876,8.705271744328295,6.662517137870917,11.378924842855728,19.309683853107302,19.521494320525637,19.194204053216865,8.542187809262698,11.667170939853461,16.31795413408247,14.107909661808563,16.154660591923797,11.917384165657191,22.91100455942088,13.847156747993894,12.500012528423852,6.753821632432995,13.600039362282747,22.84724861865001,16.429998807427356,17.2674163184583,-0.8899986501783133,2.164845545094735,15.429176470628247,8.976058499592286,5.281817484488024,6.799254974077749,6.9297331798958,18.319925436522905,17.982533376936512,8.737809635602257,-8.522200151778216,14.77999847546141,19.037318182234642,12.70908477390185,5.667232949474102,19.286353541515393,20.38844013921688,22.320149253136716,14.04446826507223,23.90554251737335,21.141836718616364,20.222334344928136,18.800647790271157,15.262922889166857
6,25,6,-10.143529233908868,-12.469904537971432,-2.958464127295173,-4.1771159066148575,-9.123163381273422,-10.34827831282462,-1.1619326456381773,-4.846497533365898,-6.036102066906855,-6.5696707302363695,-1.246403988592736,8.540497978740348,-2.5949789422689116,-8.12586880211786,1.9272748747976844,7.302037329117696,-16.85521694263672,-5.143975698778112,-19.50999865767251,3.254967908312496,3.6417340956423896,1.083616075577304,5.444112010073012,3.4058409351174035,7.931856542825699,3.489701648052531,1.8366979937915289,2.226264108790132,2.0146756019534084,8.852493712405966,1.0908562912628401,9.133672115233972,-28.367272007983274,-3.244243256452425,-4.375290868832253,11.819400632700022,-14.850014170018468,-9.570620305177457,-5.757914613608677,-3.7232143745371493,-6.600444772967882,2.9429167884561007,-1.0649974885873668,11.199183560090093,-3.5178484674088826,-3.6791377119810837,-4.945221067292662,2.5938688622242414,-18.757317550116912,-10.27088691121558,-0.473420617602221,-1.7339781946502626,6.219531314765534,0.8119905724292384,-2.483181042914709,-0.28087011453831795,8.08982178931148,-2.5613988942761967,-1.7811937720582982,2.4613247578622883,6.02266999406786,14.48499311188737
6,26,4,-11.308983292248913,-13.653416017570137,4.957993191189882,-6.889862566502067,5.913745938641272,-8.807300913261203,-4.929291288300258,-4.450381918901171,-9.126092745672642,-17.53575482015021,-6.52808574223664,-17.627990556926257,-9.84138857609616,-22.468734160111087,-13.694063452049718,-1.9225384872861038,-21.579185687368973,-15.280344880572171,-22.868993878137413,-15.27792743566197,-5.326072878244041,-14.41680937060495,-16.915069099788255,-19.804313289955633,-11.391450369776013,-5.017358108846718,-13.18204912779534,-10.055104805531393,-22.86406023309724,-7.699077888164764,-7.5792134080150255,3.7767821303228044,11.508724742728036,5.189754369191644,-6.483404820296554,-15.804440974189735,-22.01176760182148,-4.236567149075067,-1.881582515260272,-4.552756485279376,-3.712865861450752,-15.11721160044756,-5.818901529967237,-3.6775897776299162,-9.37360494820083,-17.248014575869938,-17.97996170359959,-10.650480640779547,-12.705760566154257,-21.19739032854758,-18.761073331371325,-13.914526561502273,-10.181068555338355,-13.09990262480953,-16.98908717039881,-21.502750037919448,-20.73760520466943,-2.280713758703955,-17.19851710883582,-19.711602598224307,-21.76871436052932,-15.413148142525184
6,27,2,-4.687496223327952,3.185013953460062,-13.928655509382676,-1.5445605724504805,-7.724332338562471,1.2801629071373757,-7.8244929004278845,-2.782700558011304,-3.2386373522203074,-1.3172212345752758,-5.510316266360262,-2.757489291434294,0.3616535434181374,-4.6705674095215635,-5.806018299491308,-0.4381260593455834,-8.367978307975049,6.030064356822815,6.397379347921077,7.5100673363748465,-1.697363770339728,9.048892427417568,16.9685013470944,10.660613181432945,17.15423080797603,2.463143998666142,6.8712995270261406,9.259481842016303,15.110514254967985,1.6947428122980583,9.230724557294373,-9.870972468563144,-2.7580751489234596,-13.553650175607412,-1.8522392171094326,-11.553066487424076,-8.445653656134146,1.1164684687888742,-4.776599068330921,-3.1377984412758364,1.731967639109891,-4.536049727986496,-5.268619822622159,-2.7728454537417098,-1.9365811024270057,-1.6847088475734342,-1.093267740954348,2.434232416483233,17.106398484147178,3.36963356895906,4.866688727639708,11.05152359685758,2.194256647489965,9.390780356403146,11.130376712657606,10.821933420005868,11.593843577747661,8.307861062107467,11.651654401680501,15.44206584167734,13.697005331414053,9.374196802515804
6,28,1,18.849090865472473,1.114402575577361,7.570597791998858,10.790320633524448,15.445211137962971,17.591456598908888,7.283579106079179,11.804722920241884,7.253668543223923,6.628739692270756,4.9217057711467485,-1.057337908687571,8.065011373380342,11.582101398488364,2.9599319338435066,2.8656423612066155,7.364084877437216,3.1354115878845104,9.255701419920104,5.368453407796411,-0.08011734958102218,3.6830539667933433,-0.5697883914406534,1.1958025591845476,2.0364764618670304,-4.1821236505014125,-2.9597160287723865,-0.11533171745732507,2.31296181089881,-3.2607588571831347,27.887764395668913,7.096856584817891,2.6214051695949383,-18.64008019200992,11.089297367237133,3.744533882408238,8.980017839113202,16.311392340400232,4.423628882982017,-0.26606896996111945,-0.10770288812814083,6.120937185384693,5.804464215003861,-4.839991126459365,6.8241024000979005,5.994671165307123,3.830140229541713,6.122306348347081,14.782465447830706,3.3514035482572866,1.1413962387979588,0.7144509376276574,1.1797248478865328,3.149028779439079,2.4571063560774453,1.2352599123969887,-0.09723114455118775,0.6912872670445489,2.115896911150211,1.0305418558645911,2.1215275746724815,-3.0304654965904048
6,29,3,-27.85884671333451,-18.247042077820655,-34.942610322793065,-27.536157101937896,0.02586487838544088,-28.13435120951021,-13.810345045904185,-15.182743727235218,-7.990154721138138,-20.905271289029667,-9.324680942871678,-2.6823303714031113,-8.875595742382297,15.454338469610713,-9.679852683301558,-6.792754729965517,0.9564495481005527,-3.5664455461338505,-1.1668231743955744,-12.925921380565288,-8.383717000336821,-5.010345986547379,-0.09046583659038265,1.2703079355528522,-11.291123133607021,-4.899140169934894,5.347429723501566,0.7519596734924647,-4.874810761340508,-2.61232095350307,-42.968626946801436,-29.15992852217494,-21.10366813723203,-16.170380620342655,-28.517207515630396,-32.33630837411508,-24.727388189151505,-26.10808144505248,-27.41103811725611,-14.583100219893199,-27.56199730560752,-29.365954308855766,-9.666278826118234,-18.201312671960675,-10.301611687829038,-9.304070302909919,-7.59584618382519,-11.11232549467737,1.247020632755465,-12.133672014140057,0.6509788655108077,-7.314513416887021,-5.130821163061913,-4.378097050880059,0.45079959065812325,0.552748481856613,1.4033762132635401,-2.049618655139944,0.460895175114274,2.006627420099772,6.274795256645942,0.3938459683573103
6,30,1,-4.165694389597333,-1.2910663462357541,-12.78675986306242,-2.606159949913711,8.226078662021855,-7.8822666046822905,-3.642178121817911,-0.28747514579672295,4.359546155964096,-7.547267526342744,-9.768147784398822,12.888826126508155,3.9953023900942335,10.665380491841043,-7.948187276084978,-12.57679332301258,0.4065935053158458,-3.094369429078454,9.299913609343605,-13.928711015901458,-7.583295986147189,-0.5533775791253258,-19.202930453346994,-6.66521837035331,-8.406042078827948,-3.8539391981846665,9.347653459212403,10.254907902829892,15.7725629172765,0.03738524828378498,2.389742579447424,-8.082371883117021,-12.467690541178966,-22.54541023275475,-3.485187280196243,-5.583051460318087,-6.1592844950898415,-7.202573712370023,-7.504486059928999,0.8107447435670498,0.6166401725807584,-13.521698117097166,-9.99920573408103,-6.659199125973914,4.1523302137090745,-2.1548979222183906,-6.870405230262293,-11.320380243580649,-8.133886071058306,-1.2339586842714285,-4.87437296557104,-14.886776505083567,-10.368247583451705,-3.723084877813005,1.6522264150084869,-7.068728290498257,-7.004503362925675,4.228599143237236,2.544815253420939,0.8172078567625143,-0.9602178669557343,2.657914539299358
6,31,6,0.1496703382922197,-25.517953910478724,-7.610301839920308,-18.796176761025325,-20.539985370345224,-28.9550004223498,-13.786212984699661,-9.025161355211422,-11.47533570942697,1.4765246397213687,-12.475861966019353,-7.324257476845896,-8.568984096619964,-22.25269935607184,-5.2723324588250176,-11.97818608416198,-3.1851682131882866,-2.939555743689327,-10.727224523792184,-17.75115474263525,1.5897657434206156,-1.7658376498375,-3.793014039149191,-9.06204715430192,-5.644864696146151,0.0382424335551973,5.845919718511586,-2.6887750073177052,-11.083580580153843,0.023657152111210666,-33.4314203327749,-23.932560732815322,-32.63718491629129,-37.607506332237556,-17.93666219983886,9.20708580360543,-20.725307826588782,-30.84221988916397,4.877253016774973,-4.5914060068032825,-1.7868306308774655,-22.043472827571197,-13.416955455706058,-20.933615507716997,-3.3978050829155544,-1.7240058574541592,-5.168348197030223,-15.598415047134733,-10.724745372673727,-1.6284213418186435,-1.9118078299116656,-15.048121172843924,-7.591775828597661,-4.811437327976957,1.696204495661688,-8.758691495125422,-12.139055789857196,10.778078869530342,2.062841038832941,-14.505178391569997,-8.737957619130611,-7.966503604462871
6,32,2,-3.173697331323993,2.387670484257909,10.283369154919216,5.810908882969583,4.844536285154614,12.516713217559571,7.696080662602582,13.053044760701944,-0.5922182753636709,-3.9038191150374204,1.6382456276020618,5.354848770697308,-3.3991001541385537,0.6305654818055826,-1.3825496944439857,4.41331126268317,-4.913330711469777,-9.47245794866893,-14.939641048359423,-3.577441567691363,2.9347453310676848,-8.462051885247948,-7.438787527155227,-6.733346670139127,0.5359554591918041,-7.980361241847277,-6.87385890982682,-5.3353729472245774,0.7497517069597254,-4.198503606555209,15.255127558155312,-0.4850518778193659,-6.002626868015968,-2.9601785921230457,6.144748530645925,0.7748520333410767,-3.0906876526409524,10.959565379384271,-4.133619081876356,1.207421463374729,-6.584015521266289,-17.0240424759686,8.15068539668147,3.1336047647282377,-0.2730563584624265,-0.5325511878856066,-9.490681837517311,-3.105975891577033,-12.7909350817705,-8.23690812328331,-6.115627344515986,-11.531080575614448,0.7628877211941365,-9.829893022321354,-7.696203971145364,-12.4083749337985,-1.485972740386452,-3.144212110967532,-7.303850519130148,-14.094940171236315,-7.462376910965984,-4.291874093594166
6,33,4,6.7080799990117805,5.336174630037533,7.738578429422913,3.1778169655661306,-16.585780816947715,14.533738443673377,11.245745443682209,4.4682173421833555,2.7368417188706924,-2.463217979319754,8.738925800545188,2.6201408921241227,-2.3298350392000344,-9.593469597989836,-10.62805689736155,10.367600051640744,-21.12184893921381,-7.058885407883937,-8.820652752387815,7.355907265471701,10.139841277515748,1.4351924974017016,-1.3546434504366136,6.528869004329527,13.755562396674632,0.6098933326443892,7.580705790757772,10.548285006182036,23.033613431880752,10.118459802402018,20.291819496829888,-6.077693252378459,3.3123840251483196,30.400695734634617,2.706931070447331,-9.217273895481103,3.577312118950208,16.941143877009253,-3.7856812788309826,-2.0662020919645765,-18.25653340497122,1.6463492415254792,6.9657184723083185,16.053322115322434,-0.29241502479218495,-8.378086309516565,-1.03741184558447,9.606790581258108,-11.931149248982125,-8.074811001081114,-5.769231388177842,-1.4491857656181188,12.889115988844768,4.000612219114128,-2.2076331312518267,-3.271255396806251,9.287511473476167,6.875061441621767,-2.4246609149409886,-3.3427448757901455,7.849617813781998,14.784395741435091
6,34,1,0.4309105347535327,0.4009814196402519,10.743783268895813,4.407298288478446,19.042776107606365,-1.5521276189786612,-9.504119985509758,5.507676715536678,13.361642307806303,6.486957089680176,-7.248839572708053,5.862903956255713,6.6591252009043576,15.851052268521814,-2.7870731072091495,-13.795870773357946,3.3871051111235873,-5.286263997348526,-10.182092397587327,-9.184144070690003,-11.561083740668323,-8.004030706883384,-11.163346290747382,-9.436263001526752,-7.992788046916446,-7.697986291085441,-11.148273796879497,-10.47741216536122,-8.608342779096121,-9.51961191943506,0.3057176031047331,6.821493721885106,6.427512053332133,-4.07250888426163,4.464954986895732,4.227859218065377,1.0473781062017484,-1.5052142734185034,3.87386523487001,4.95586550628721,9.921240833372146,-13.670246113682307,-6.232821504664944,-4.050054301939357,3.5868341676754545,4.409228655251268,-2.9092503892990402,-9.895480713330022,-33.975799935983446,-0.8651697671881355,-2.8831139246183577,-11.533948391792364,-12.071161768149308,-9.175139954279565,-7.280211750639416,-7.9289334732925525,-8.489952136012842,-12.095953846480935,-7.392009784467517,-7.302160747667274,-8.619770512941702,-11.63224017767736
6,35,3,11.04997565174794,8.770298035236122,-13.773150989831214,5.186726244757091,10.58161212450529,12.519611819760827,2.0545770053910797,-5.826073866700984,6.943214504630305,14.398455976440408,6.306364711010595,-10.548136965212663,4.427353967140179,13.083029428451534,10.118108224123716,-3.043385590693528,-10.231935313016894,9.415664669535147,36.48845371501748,5.424660890312053,-9.819600193920294,7.915217737530977,9.44374995038095,12.409781097911488,-1.4089944020663272,0.2089180559283353,3.4827020252804926,3.7513364834296397,-0.25539372240125074,2.7609367069402135,5.700035926650232,4.201167729288544,-18.774887772197495,2.0940651928597136,5.173984969957592,4.218663927349379,13.366773448203043,11.99895697662311,-5.637063300350634,-2.134521678953272,-7.728643184212586,3.335103851774277,-3.2455629928991554,8.598314995496972,-5.344746997085877,10.461562534294485,18.05443606698294,6.968481454930105,-27.604569275022993,3.897374305238086,17.853942383836,6.9214260137935275,2.3491627910378843,2.9308106446320696,8.6303717847232,15.919279184942015,5.935189136099525,-1.6513138398891547,8.280559050941433,4.566052999074863,11.333448339344512,1.8867937806971034
6,36,3,17.950686384901033,24.277834478402273,35.20840186848327,17.11788163886111,15.445106182883432,14.28314268925204,16.43592539509167,27.80495814034124,16.766385434081826,11.889669062274438,16.14986251540505,10.681606258288394,16.728833687582565,6.269306337387045,6.544095639417671,2.6819972960369256,0.8422834748833823,5.813634759996358,-9.011982146241678,-0.8922804171083167,25.078323140149795,3.9480066605639177,-5.847554145471718,-9.056527308884029,-15.179136048582167,9.311452416873466,4.297979580465612,1.0238010873450207,-21.527424817149537,0.6902325260793665,24.60619753203923,22.09926065794909,12.989171727969335,34.03176048429251,17.328810250681883,4.334143749665375,16.129208729852273,12.050057924290117,25.300636198825945,21.380474073040055,11.40451852186788,11.747929636973934,13.152539260515082,4.400643970862755,21.665507109245144,6.355041970609594,5.745494016423457,11.028551021920192,4.442130336049582,8.097573890282609,1.544653000718938,-2.758025652569965,2.7340171399367277,5.030642171413067,0.1678017431461235,-10.4845722746104,-6.731416331013523,14.009093461149348,0.21715123233634992,-17.05418723758038,-19.001012002231505,-8.401083884990726
6,37,2,-10.692509668558362,1.6562597026094448,-13.206125569575253,-1.160668359081284,0.8410932659739392,7.640872436325725,13.41928032817456,2.6950901711541344,4.6508079440355665,-6.208979250919982,9.687376682345594,-10.271713274457237,2.311173280576107,-3.9955615435340794,-4.326385451287664,11.049513162613458,-14.74153415790601,-6.097255394953063,1.9187395029769458,2.5089904540559154,-0.6613827391595745,-8.462483619566912,-9.153049328818728,-1.3244429878896185,3.198828473460021,-1.8543916337373787,-5.46059673143233,-0.5492579828913715,3.467931667479073,4.930759138586683,6.706581285109791,2.7929503114485175,1.3015197025748302,-2.919987281375541,-1.5908079924652478,-10.107106102403348,-0.25710810516484006,9.772803877321326,0.9991817483224146,-2.692684994601621,-8.609045795187713,-13.338453913970683,6.267271198159108,14.60456800120371,-0.6430540244980918,-3.2275364009618084,-1.0781273325541754,5.986277717083307,-16.251583295351843,-8.887621643657726,-5.900431134976542,-2.431074884129549,4.795778832829943,-7.13331664178702,-7.0937175083133175,-4.4009152864952155,0.1707619884755546,-9.02179404750194,-7.175765074664585,-12.015454062555987,-4.031774936698198,1.8160627507036784
6,38,2,-1.4535520393685317,-3.580204433545745,13.588494530481453,4.04201852441652,-14.562631481276012,-0.9017100602717747,-4.035906793390652,3.1214000032561584,-11.633405920072668,-16.138478010574865,-4.295814840750564,26.320570513242618,-0.5567756944574498,-10.372533741520671,-11.198024055534384,1.8952674051695624,-7.855149766237183,0.04101150673700649,-8.710038939672641,-5.653270608949953,11.998956895796818,0.6934641073798627,-10.52930248819473,-9.531977026535918,-8.625764865700797,0.6829060699319378,-0.808302484447045,-10.340791436775424,3.6327731930991516,-0.7306829556572918,3.038242254792368,1.8921838685097856,1.7887855745715697,0.7734458866279278,2.3955213035479543,-8.533103504212479,1.6108695990065252,1.0744332446796245,9.536664049132586,8.561250468943173,-9.132241428761581,0.9867673438133262,-2.491037937494496,2.4864187546801286,7.353113586242065,-7.882130952710967,-4.745732504965331,-3.7969980403758252,19.496708481776988,1.5996454617281155,-8.371506014611667,-7.889599431078976,-4.278892356223747,5.301429005396529,-4.876987893497798,-10.097935582533841,-8.594861390205413,2.6417505447554004,-4.050436718707403,-2.9128703112577683,-9.809701768363393,-6.32312700150126
6,39,3,5.586061009109335,10.350128505958198,-12.441085446330648,-0.15197071090068015,1.2417909212683038,0.24764770206359302,3.1381684580431672,-1.415420612411165,0.4076233200456305,15.631212178663139,2.0172225675409337,-7.776444652668631,-0.08889932536361086,3.006740517919977,-4.477061004173464,0.4720145097859886,19.06980663342914,4.3202059601274545,5.432610297019069,-1.993528533636069,-14.569477084967332,-5.1775249187130346,-6.846624829369119,-7.266169302983258,-4.946405078125433,-4.593761861812685,-7.0211734616356685,-3.385076167925102,-14.361385290897106,-4.257060578763031,-16.37220644199562,9.542436454422404,4.999393233995337,-2.2135043011682978,0.04453297770332397,5.350340538362903,-4.51661093779499,-3.4807162450104023,-7.79294792023237,-5.320442307104427,2.442249672078504,1.5119734175117112,2.4042046702234074,11.719887571636493,-3.8868409027799795,8.608071445390904,2.9370764403791405,1.215346255112531,-8.761522206006479,4.030621680385639,1.3984054802667067,-3.8882963576058804,-1.3983623515615795,-8.666542060128075,-3.6320146540770435,-3.6165412391831224,-6.450478478357555,-10.622524962147203,-4.1590338259844515,-13.221796179576435,-6.947728904940911,-4.640718432501099
6,40,6,-1.120526443485444,-9.598360092376312,19.833989584137036,-5.338592162548854,22.63356343456884,5.389033287178679,-0.11652196693892934,8.776132162092486,13.519810938821523,7.630061527168972,-1.074852592811533,3.219846087780484,1.4747238010395218,-1.2316337401365374,22.82142068834113,2.5098293024575247,20.33304684670507,-7.638837217512298,-19.941211532619672,-2.191635560164817,-7.721291980456296,-5.85155649885263,-10.422450535090224,-9.275115522405518,-11.258782750620247,-1.0306958897584466,-4.413866412439724,-3.7061312802408537,-6.7203402779655645,-2.000034821106168,14.73464540174096,-2.7868942290249206,-1.3299748837925152,9.742029870156106,-4.379262465052307,24.1152500229456,-15.150717746012104,5.891618278286443,17.546331504905005,10.768236014543382,6.738897102612361,-15.870793165048442,1.1501287119747026,3.0306072955803423,6.421036549872242,5.417019709632394,-9.811360953421119,-3.8584165598220403,-13.898775755677656,6.260752508462199,-9.720728487094366,-18.457341654453334,-0.7523604130270194,-9.259833494167228,-3.6714597232185513,-12.22753586779099,-2.9475359601854585,4.807200375035767,-3.026413718760921,-13.27566015138859,-8.237870194926499,-3.5565596268762194
6,41,1,7.806386110554567,-6.542054316914847,1.2070945988113921,3.7800447402476554,2.228823345177239,4.491239235236692,2.497026225892695,5.4834336654805576,7.758054093889346,-2.4296933883210525,4.258553045438375,-10.636259250524573,3.289904802628769,0.6392736522844296,11.782601432102474,-1.4496421487774787,-5.123710460949508,-0.8802051170751802,5.591913604427396,-1.3441161221665578,4.890339646261279,0.05958692261540455,4.554218146768282,3.9048428332614833,6.6698436694356,2.8245200442559084,4.381007766941703,5.131635321985662,9.37479500399856,8.504666873640039,6.02532187906071,4.022986740021536,10.189160094210292,8.087274885895422,3.8939700744614534,10.644153184129669,6.280635329031549,4.278947735091719,3.7570040578976616,-1.7922884396919074,-2.313819064736007,-6.429466929195855,0.7931005293389842,1.2836226749620048,1.9134790199104612,2.384457407837232,2.0991962365692522,2.3124622249657785,-25.749369764109932,3.299062971843454,1.338029264813153,-0.2816654998899957,1.5281128179531829,-2.4394374940453503,1.9986287584732745,2.7620591206884946,5.189865359627618,7.175604619883662,2.324266028641606,4.37678326657269,3.79189158376397,5.618648181828414
6,42,5,10.824924349603124,19.829006327089015,-4.615562710899678,11.613165207934095,7.803432023456526,8.847788222497565,7.921711726841039,-2.022526395416293,6.1679987605752,15.828387952142792,6.590472518761714,-27.180183411916577,-2.6806528445605835,9.168084825820674,7.0194034034261374,3.6766523819859738,-1.8990047580630693,5.155064224288227,8.020799277236732,6.1155717765412625,-36.492591912517454,-13.30552140618789,-1.4125221110198931,-4.852652244383423,1.637394585987417,-17.108402881544176,-20.519849552704795,-9.873272803543903,-16.821408664217078,-11.270685399732011,-11.691629808168953,10.075092610834933,25.318397559907005,5.599789128070922,11.525462276915583,42.873239638601866,19.54866053041344,7.522309185073875,-8.714226426352269,-0.04297879381423417,10.547415291436206,30.803477880431384,5.270759771509868,-1.462303221279687,-3.584398121740553,4.60746532646803,4.30772978208232,4.650425516846932,7.20393041825694,-7.38880284509917,0.7965172101209714,13.973768178430364,-2.5790430703541136,-12.843621008861929,-10.654316575942195,-2.408096077761089,-6.2554364116271834,-28.20542148209927,-11.966264926305996,-15.98886317559858,-11.322680606484044,-9.383330234803447
6,43,3,-0.8289069600812173,-4.453101639522286,-2.5747260479029386,-8.25838819787861,3.8371582787381726,-18.206721350005488,5.783619297401431,-8.254213065863018,-2.6288797550539442,-15.90811057743139,-0.003965474301722338,-24.615170698703775,1.0815377206791488,-7.418472941487842,-1.078108787502548,-1.2426666623015514,17.973936505933736,2.6939122157409914,8.279381226452928,1.574366370852038,-15.236934451204606,0.1455876116936149,-0.4154001337180768,0.7681606593428241,-1.9707902761903124,-1.5436170220732837,3.1497873695703573,0.9916763943506436,-7.530418935436302,3.6902447805382206,-4.044744349766252,-10.419163447804749,-12.658933628577646,-5.7870297874153716,-8.271814192599827,-3.0278691224435876,-11.460047547001297,-13.548315526372406,-9.671015212494066,-8.21740766253504,15.474196643636729,-4.569395369861457,-1.8308762881859402,-6.010292569788674,-7.338990909842457,-3.7500536777135927,-2.7968479661816152,-0.5291037151090251,-2.032554067126135,3.1278877676714525,2.3717593607186096,0.694358481230533,5.753424936297875,-3.161973650862532,2.8254327331101763,1.8827480919965771,3.846483062140691,-2.2295881498423284,3.3422884301725437,0.8317437684163451,4.310572839955369,7.913934891452872
6,44,2,3.796516841504628,2.3214846189338245,-0.44991761753505954,0.5842935391133883,-1.1277789860146057,11.076944709224508,5.498308765293076,-1.9550270480217358,-0.5695355295589776,-7.096899776197062,2.5855371012045785,-20.08426453791014,-5.212844130242383,-7.118096096759161,3.267616805211617,1.860349064874581,-6.035651799802461,-8.325357227336344,-7.114469868517142,-3.4892082732715997,-11.559387731337463,-10.284837071761125,-3.752859732045267,-3.6514472522568426,3.6206732917940485,-2.6388704190485006,-2.210605643735064,0.6039790910918563,-6.100819868921507,6.170810976951594,4.803524857352871,3.1387357717243587,5.533257968570441,11.679653210721614,1.0405694462313526,0.9705785960810841,-7.12938202538232,8.030938059364157,-5.416507858464995,-2.310100188487344,7.901292318523648,-12.08830019666404,5.785993650697578,9.211741965457158,-4.450129126008352,-0.7120211020185846,-2.1399179206615893,0.8406491787513606,-20.456278692646993,-3.5302321095042277,-4.21142364811243,-13.471250982773373,2.310297422304117,-15.464908935061494,-4.626120849589183,-6.045537907312194,-1.6148967447622535,-11.210975087270505,-4.889044600453729,-9.943942074368639,-3.7005932276341595,2.5689598287841884
6,45,1,5.209402863878938,8.20631911804639,-5.393578400596884,14.674928958669724,3.8887156399375753,-0.6463966464124067,-0.624601940647131,1.8514005358347938,4.763321227331576,7.522062447421801,-1.8828036564334125,-5.714541145032506,-1.7066700774949128,0.7063905861592148,8.113596117146672,2.4627369315613343,-0.855845077667477,-0.901185852861623,17.661046575459586,2.937317017034242,-6.121979470569187,-2.253942195144369,2.6002395138053633,3.5608951055967237,-1.4199720585332596,-4.919380683951628,0.05872357824090421,4.589969028786914,10.467902462066315,1.2136626322640156,6.663806034944857,11.239677046493792,-1.503690991550684,18.182663392127928,13.96794641767514,7.542500335311446,5.3739669214502515,0.015960566705183143,2.8864010685100814,6.498723969885673,0.7936617023902145,0.5576267188823807,1.004948012757956,3.932434568880126,-1.2021177208459968,1.7408976478320428,3.417860694593046,-5.486122548176978,-16.040593154805084,2.2706736473866367,5.541355488685573,-0.38817224342648626,-4.636043766683828,-4.064078383545232,2.346751432661421,5.38620254819895,-0.33799026320438413,0.1676599273639848,1.620027939175686,1.6837962361552377,5.15078427315485,0.7355179177915163
6,46,2,-15.718501793493212,-7.658121906766074,-8.357062614681885,-13.356098039288682,5.921047874067615,-9.695572793177076,-8.268786092084357,-4.023196409388287,-8.638080713679873,-20.935391622047483,-2.3812689943205028,5.349002295673442,-9.09475135137668,-2.232511247394654,-1.6891059985429773,0.7377505083596803,-6.972206235857586,-15.160184299982177,-21.973605267703533,-1.8063125595813851,-0.7066064363618096,-11.417117983875118,-17.239072116955022,-14.624185637093891,-5.699468695064553,-6.132358776791616,-10.875784860912521,-8.681176500531231,-7.3385591555114225,-4.1349326548643575,-2.9500026686071648,-10.066699130642345,-16.691547156970316,-5.176229822199522,-11.821189138379582,5.139837526205201,-4.001734785428951,-7.0972882247098354,-2.5509578554561667,1.3414210764486816,-13.899965966302089,-13.12067979097753,-2.7571809029848326,2.6426632908803254,-2.474861517417949,-17.318702393643022,-10.95518677835296,1.6688901882181417,5.139880697424641,-11.056130492287437,-16.08945533484449,-12.73769421164491,0.7141550332307816,-9.463885563493871,-15.958286514551165,-16.009671051236918,-13.689407474384078,-12.948419320419802,-15.991052396209332,-11.419991999864578,-17.24502349672156,-9.258408691705682
6,47,6,-7.72562744311716,12.922548114958149,-7.365262865111591,1.983149149795859,-1.375482252901193,11.21799328114565,-3.623053745880564,-0.7166649910916629,1.7956680131212979,-12.13199454332452,0.6536738038880805,-4.056480490256148,-6.949745402103526,-3.5873214836891103,-5.692869756552509,-1.3273785386103907,-6.46079613086653,-1.2743410471735952,-8.950853572476921,3.2470801733831696,0.40402794538474585,-1.5202310932061929,-9.041689351155636,-1.280582337804912,1.4292966992389875,-5.982898181122609,-4.137794303639629,-6.933735626681542,-7.695414752858446,-1.3466323573460308,-11.626153252223824,23.847768657659085,16.934261233761628,-8.946727676453385,2.845796626140702,34.939705635898,0.21160692639262713,3.609597088382919,4.850820583634916,0.6574912441769472,-1.441248572022631,12.268553523718749,2.967887467077205,0.4400255383594285,-1.7032842821237164,-8.953702503065697,-4.559059261457947,1.650845092800787,21.79113800142234,-9.248183770173396,-7.742500756980804,4.047266741714824,2.2180370669244094,0.5253912003302007,-3.658039952651027,-2.594177247047785,2.737711262639338,-3.4661554437494146,-2.769404265484436,3.375985600156481,-1.3763764352202656,2.3466097033105617
6,48,6,-14.049531387846637,-11.449415305583951,0.017730542435878183,-18.436478130973686,-28.82169764516195,-13.069831630987377,-8.759949624629282,-1.417252316219141,-9.839587865669916,-25.1385206155729,-7.362259461340017,5.193429964435528,5.146374770741136,-6.575905738671024,-3.499680078474852,3.0929201039281207,13.545219644972288,20.173046713058902,5.697051116969529,6.82626090379341,19.450658507594017,28.79710936982459,28.143133327274075,24.2054814058924,10.147050634710817,26.6971238648587,35.11153431641074,28.427019248830106,21.40033244196234,19.91733225253297,-4.846404766164173,-5.774035422358567,-40.703774931954186,-25.793742411610907,-18.56532212392222,-20.128562898170674,-26.501717755162154,-13.276702203662923,3.425335229226818,3.2182611204774645,-17.7354963379117,-4.620175677374363,-9.641974141321532,-10.481106245663112,13.879010065458715,5.380578027098304,5.753301602129528,-2.4845069368687853,0.5754991299586311,19.24240023547374,17.73652002690132,20.491863269710958,8.291968388437502,27.60840525946059,34.254579487551986,24.775701424231894,21.90467495793795,29.04757529708399,35.02167299680594,22.32119142014261,32.28900043511898,22.83007317926826
6,49,6,-4.3087659204526325,-17.64042367113801,-8.037493670836275,-5.615237774168388,22.424121165472073,-17.204628747325717,-11.67319005486418,-10.59689429987268,-0.688080287084163,20.541841664919392,-9.821487419000569,-24.979593298784124,-0.4924832295126672,-1.214729456798878,6.572433667257428,-6.365643219323829,0.30714215216136154,-4.569358413902728,-1.7071818992972547,-4.293958507211331,-24.826716045417445,-11.877723314481356,-6.217638051401393,-3.2069813498273154,-24.086868825811514,-7.730258990351751,-6.548980005040045,-3.8056628561987536,-12.862671319395304,-3.6816477864276482,-15.859686173294207,-13.501149251909442,-2.6192898649080663,13.22396706678427,-5.965321828247745,-13.095881780427762,-13.591010601146193,-14.103974929624586,-13.846496834533243,-11.688299525483721,6.439667401789893,8.002988424674585,-10.758880505102638,-10.673274343407416,-6.831188453827053,-1.0142049232225223,-2.802700594107325,-3.73744804552961,2.5122528606344288,-4.114784582336315,-2.3999307808216357,1.7147305084665014,-6.64004400195327,-13.218836061747329,-8.585647687520371,-5.487016785617278,-1.0111460288668532,-5.9588401002650375,-9.226900928841184,-12.65874869303731,-1.9431676293564257,-2.5282998427850885
6,50,3,0.9895609528189764,5.87059439169016,1.892424454844398,10.963839318557854,-11.939542667304236,0.7256072647869587,-9.140881591964876,4.067303778739966,2.4408990911594244,6.139685431041006,-1.5328183685679275,2.957576047160615,3.098217717905687,-0.06483519386227465,-6.910146332277752,-10.264343584228943,8.382650065167644,9.134430712338807,12.208886455528708,-2.147626764146702,-6.065679662523046,0.9721634371615047,10.064003897013095,-2.5484047117529505,-11.779770578649574,-4.558362413561198,-4.327137836266489,-3.0275916296807,-6.332118616689269,-3.9620183488785696,-5.154404365434885,2.3269920350711146,-5.138542448420346,-5.172381534309287,11.238486645198083,13.219014796905407,10.645984810845158,0.721204018447457,-4.951900045364734,2.325222052565616,7.1217286328717,7.9272929765965525,-7.2232459228792445,-3.8295666670409676,2.60520406597771,4.438195639630643,5.188946482668654,-0.4031274850911843,12.267406516549428,2.82144874868142,7.342031292353256,6.664965525269508,-5.748830395409973,1.6986651141650801,3.2640582687880197,5.668608262635219,-6.34317026823396,-6.26071549836183,2.5862894676989185,4.417073258017072,-3.457108272103273,-9.36953443016221
6,51,6,11.052300743491777,-4.019927829719806,8.039664437040328,-2.4726907270846956,-14.513368404118298,10.55579657564734,-4.094864735039086,-0.9587129694182537,-2.4711920617704806,1.104800199774639,-1.345805959500623,-18.303200128164566,-0.22458881743979242,-2.7829534117211945,13.5806313396954,-6.785570021196292,26.53843083250812,11.358160050920908,12.662418089034707,12.08485294078908,13.342678361731323,7.451226668807154,11.90986022176561,17.819807321832673,16.211842286514074,19.050929041204554,14.913097755307703,10.735383658783464,16.754002037707995,17.617747048052355,12.798199991695583,5.854331711585426,11.845777576173116,3.8614939804325177,-1.0711954800730072,0.9241091150495147,-6.291711553976665,2.4880961907272243,6.931052924167913,-8.46458039017927,5.6226753810556955,-6.5501949480570065,2.6765701435052027,-2.452875657552263,3.321437352382374,14.12476450681868,4.530875510513422,-0.2471913886313292,-7.607489558981684,14.55233856943641,14.558302197696223,10.138207027847619,6.381122726492769,0.6233499744997886,15.219074279356677,15.529990880329882,16.24270269985697,14.598012390217137,16.05676947799851,10.033815766343988,22.940279970309,20.70980369023661
6,52,5,-9.41095918326116,0.08854780892455322,-27.43537364754733,-18.096274049271177,-18.431507646310603,-17.45436092064057,-6.06843631656943,-21.25663181303479,-19.183306718018,-2.8880785291151327,-9.258464304173774,-10.068808140869182,-21.593561311079206,-9.730972043215868,-11.857439542529962,-1.6660594375486044,-18.435966363767303,-20.480484703782853,-14.624858026869784,-12.134578549075966,-21.36234896539189,-27.574757361398408,-11.645925216831081,-20.08938930183649,-17.461459309992776,-12.97472825528281,-24.35393068237548,-14.786141007775205,-11.47166011936781,-17.650790517286556,-26.9240559862881,-35.57410715193283,-18.422121155598177,-17.264585632013112,-18.498877429380638,-2.2382098039066998,-15.492062969814707,-6.084729901401373,-25.406007974431297,-18.774271100750983,-30.218105032812897,-24.941992342381234,-6.652927135753374,-12.006043018145698,-22.38629177949823,-16.16612524781148,-16.864769921161045,-12.481375389476868,-27.6785503340567,-18.67369114547944,-17.999104528994557,-22.115690013030306,-8.650445778604329,-26.790099419880566,-24.314331429397186,-19.78620644118182,-19.811756948145433,-26.77441665721013,-24.4240448302703,-15.288800103771619,-22.069781608243527,-18.578489087703744
6,53,6,-20.1452759650604,4.705886616780447,0.3186438290811176,-12.107116276191034,8.054120229852456,-5.208206524027558,-0.02168362441461391,-13.383221190059322,-1.2650596119645172,-3.5171701097179513,-1.6745084636481242,0.5930508015132165,-9.309096554793959,5.833221618971996,-12.464822822545726,6.065217072007865,-26.200822902888806,-12.098716669676197,6.297015344474198,-0.9211673782456943,-7.733015650111002,-3.1005612009818195,-8.679856862781975,3.3199078335949217,2.921855971308017,-6.300382530952732,2.8452416124140374,2.6148434239553233,-2.697748111015777,1.3349517975740772,-6.069071539796935,-7.694859579333292,12.106141904232707,-1.2731940164571485,-11.519393907632772,-14.733905321123405,-2.557926702767431,-8.430026067511701,-3.331791973107769,-9.1689544139748,-15.94827724911454,-0.9530823847687835,0.1200249834758491,5.04092892507807,-9.40020381704699,-14.307632614654025,-1.6866577008807238,0.8313738600714369,-15.00372406140696,-13.621279070142469,-1.9994119463670188,-5.094083452625654,11.503439431692033,-3.541006058749813,-3.2397228026444562,0.8062735238771246,5.536847314076139,-4.409031116517213,-2.9589574386865416,0.1260253916971561,3.1844837021355223,4.8201637800737505
6,54,1,-20.107391188489036,-25.82361590253505,-7.105718696171908,-14.806837944654607,-21.625988013996935,-16.082431002906176,-12.52772141888556,-10.243467716863615,-15.919464238976113,-14.212344101175853,-9.32957753102954,-13.499681459648954,-11.449162421884342,-10.677030110436421,-7.418374246037447,-5.432110705100592,-5.701620861978788,-4.973984617013025,-7.19363752588993,-4.717776941822661,5.982639112134988,-6.923898924550997,-1.077492051757872,2.8376004003987823,-4.828736040241469,5.189927096660367,6.321887376627361,7.404868222750364,3.6614257896137303,3.766846760062548,-16.62924048961028,-14.924550226707824,-8.136001359398767,-9.676436131683793,-15.009089321011633,-21.986019646161143,-14.896964508929385,-17.59114201035259,-9.345013972962418,-7.950382799909615,-17.22498660993469,-11.515921767040085,-9.630688235436274,-7.865473523599711,-14.310654278106353,-6.551520953704486,-4.077387093248347,-8.543815892110244,-9.410034017750947,-6.698015226460086,-3.8228198207585473,-5.363186729168973,-1.5780912419644793,-7.649401631387999,-1.3792134943168362,2.927455799881278,1.6353285171818452,3.905465687784116,-0.7802112419612488,9.262503818858688,7.5907027004513745,7.1014572315644955
6,55,2,9.33528214013886,4.96090423860928,11.17558808817824,11.197197700487218,-11.731253690972206,-13.758362175624198,0.6003773092950986,14.715064798277336,0.46219019648596316,-11.038856375053893,0.8218579840982634,25.43186678678342,7.80720022538813,-15.146875600035232,-16.24006317331025,-1.0744578625904637,30.870341948801414,-4.310696145724052,-11.794960292169778,-13.968748105371857,27.313973576239313,8.752018701943864,-13.639934599581293,-17.048217635919777,-8.38481463473744,14.26279118851327,5.620603245751159,-2.27430611429736,-5.571599087746048,5.578543243225571,12.475861990699403,7.395401639727559,-9.644280628142209,10.164577803040691,10.900428577621536,2.255126320098229,1.0004583832512526,-11.363395924305117,23.59434850273155,17.930969846548468,-3.859224442358512,-9.250786248435519,2.654849556953327,0.4288815017619232,19.304343080784133,-0.5381323683115362,-7.9004350562648025,-1.0518923164118195,12.521005396231468,10.445546434840141,-7.275814719180146,-20.16934030684756,-6.703966530993939,13.932244649474935,-3.494135750031732,-18.676670046568642,-12.634789148845313,11.997532228144207,-3.0116249052552155,-21.353462068500328,-18.51842094299088,-9.502115726198372
6,56,3,16.169492560279803,18.056440471421656,12.245587074243252,8.570920384000626,-2.065683947921525,11.617044417937167,3.138587787293078,5.34922428200839,-3.833143545450957,0.7663783230250931,-3.3281717892827016,10.883580117350121,-0.1729328017341099,-10.336856708180436,-8.834473392403709,2.466640725481982,12.937114878080598,-3.383244463946763,-0.21321656427732244,-2.4965392148076777,-12.475689220083193,-6.011205237449671,-4.554353624656115,-12.631835326461534,2.5676709292683624,-1.340391164236678,-9.187178428443831,-4.683314856300812,-2.61834012876015,-4.05907679910249,-3.9757340640034062,15.591063944395726,12.168867854344683,10.357374924303196,7.3443501073435495,23.038942047008657,3.8717498675261335,9.864657237489778,14.256636411996512,10.12964705627684,13.705374222419154,10.478534425904114,-4.922303938147864,7.008913140743971,6.952045946719872,-4.026150457947178,-4.5596759500799715,-3.0685412866495,24.323020915750693,2.86225662035186,-5.844994812102128,-2.5868567338031596,-6.321893443103611,-4.795982440797294,-10.388975369539569,-11.927381243068359,-12.92431186546185,-13.44203105514369,-10.290886768790127,-1.4114181381173259,-8.618623373530262,-9.508615836001388
6,57,5,-11.126830623462432,-2.001539592744737,-12.549127652605135,-3.8238311007011276,-11.486405858241882,-11.160867084362886,-9.251581758851328,-7.4062928827252374,-5.231709312443144,24.223902611303284,-5.401688226930249,-23.85075971642337,2.659351638265566,2.629878828347458,20.52752774965768,-4.704363385874143,18.71483213557555,17.666325473243646,25.749227887462446,9.860321828308976,0.8123851986488375,15.934660180574047,20.15892382845191,27.669305780402762,20.355378116594583,-21.663700147185523,20.108945380760026,21.20213283166834,15.594474478738336,2.749996247133467,-14.842058478513875,-15.785791467466368,-13.38373919114152,-5.574250905212335,-3.9549138402770736,5.184271910409563,-10.595605375966421,-13.43022091794622,-17.796871671771136,-13.91300949340733,12.26997200876656,-2.066177369095384,-5.167990534225615,-6.467740315773596,-10.083492196551175,5.305573315961602,9.7502815709563,-2.660942640439494,5.711833740337523,14.281884743928586,15.854635289756628,22.542308342188786,6.352198872019584,13.586243571506296,23.761231279454936,30.460202444617355,23.602316450600227,18.918341735764063,24.720894020913953,32.768168948136456,32.836907636930746,25.06291151791811
6,58,6,-7.975125407209479,-7.257325531378179,-10.98831662817336,0.46997934252750717,6.593599331502734,6.6935624649873136,-13.603548503821573,-3.395948755611642,-6.376084146430575,11.989145072338895,-10.463665587282394,18.659475883968717,-1.592263385338323,-7.079163024088416,5.951988364728851,-10.146995172268015,8.347990682235034,0.2199633981260215,-3.5857857125186587,-9.035731803682609,11.749045931560943,3.3417149515504496,20.624265353581528,4.380687006090473,-2.7634405371982873,6.225063277113181,11.303506915150884,7.200668051861588,-1.47468686903395,0.38474942368409765,13.382746342160715,-18.15110614187108,-14.777433043961945,0.2600190571350306,-0.08548890113285207,9.374431219451676,-10.471516322117393,8.512745949698086,-5.993678278176161,-7.116579111029465,13.124201313365345,-10.065280466613057,-10.170862099451083,-3.033339378415472,-2.949416816637783,-3.093228475713148,-6.019179364947437,-2.6111984898040954,-36.36680068911574,2.245295961912744,3.3941910843898717,-6.245377801040688,-5.501355360693681,1.386354868146931,11.156198523143626,6.011347158198675,0.021831600972247095,13.99377440097856,10.996537507988698,16.087839699764853,10.364596708882141,4.334291730927895
6,59,4,9.04499488347494,8.811013558073109,18.479759188868645,3.6970903732211955,9.060992489719373,1.3739835475571454,18.73166838874927,11.963304800958161,20.847596193550203,2.2700939051148192,10.546539581880511,15.559636230376086,12.005284444610707,9.412741535774826,4.128925881552988,8.561595854834971,1.0198848575989643,3.3983169506621946,6.311538879929971,3.3027510751583966,14.534823757715571,4.95848660573091,1.5140948635724765,4.771455610965994,10.007772019450984,12.324088709610631,5.700671190736677,11.117394867205501,12.650490732159371,12.986667849123478,5.900061045432601,8.875293637398723,-2.468225641448687,5.036451573847096,4.1697584659247315,-3.9488515698737108,1.4772093036189329,2.769398012351835,21.427720732986927,14.820269961159955,-4.246761442590849,-13.257047646065681,9.398723571782744,26.170869202205406,13.823259072014826,7.714804118936428,6.699205547491683,6.406734852483728,-22.858411151734078,7.817826223468815,7.617961522237188,-0.10101783784424267,8.820714413211112,4.102493509218644,5.280849253463488,2.42426008588021,4.72768137962898,7.379157430651352,4.998856613912237,-4.492028796182175,5.891038543976296,12.019987004195777
6,60,4,0.5754066020613762,-2.670828617461841,-12.45124282179082,-10.013192883261095,-16.196991775866323,7.443653445781734,-0.9281178345767462,-2.2204299852842597,-13.316856568997235,-13.912090651100359,0.8264586556839144,3.1156152422744308,-2.5809671647801267,-4.352762303576327,-4.6813167109404015,8.843360210019283,8.441903907842594,0.5914597619699721,7.99515618951196,7.2078404262514315,4.991499345295315,9.915141567900188,20.922680988604,16.67587025972402,14.091178260107595,8.462236955239462,7.734908989579534,14.927430214269506,24.30734404085614,10.774921206609786,-16.53422340682549,-4.400249322104017,-26.11653664235663,-8.560578214731526,-9.036533555810953,-18.77055842302195,-9.439685803997072,6.059296671085332,-0.6546728674594954,-6.047418703450026,-18.718156239108694,4.952411969967483,5.065171932676671,3.610546804090007,1.2258303856204553,-9.387980392222612,4.640391578148237,7.633860405179577,-1.970827217372815,-0.42423141492735106,6.321535758878582,2.695805534720421,8.493492033261596,12.503792922126083,8.849052442555749,16.82430725361833,21.046474197652284,14.164610272318845,8.608564771530101,17.155871265976714,22.5873528668975,20.853109539872634
6,61,5,-6.958768101556728,-12.808566876300954,16.472983751377857,0.8396810339167478,-19.195604038311217,-20.709834615858952,-3.9337358194198933,6.2051741997597745,-0.42159807250448766,-20.78139810132363,-5.314120956810144,-2.436292234217614,0.8914417708406172,-7.898615811020136,-21.063187047044146,-1.0223948259088327,22.070688502454182,2.486850601916272,8.712024628576573,-13.540717637711555,19.60658236392545,10.123214744258577,-10.333088623768674,-6.388819361423572,-1.6287852487776697,12.845872033114846,10.647970581938301,3.5871239938494988,0.8200509598274234,8.426029726522179,13.102320121220755,-11.074107709973932,7.537659102071239,-21.075903627930632,0.15983380654417872,-12.532112560598417,4.534304510699817,-22.014302182261186,0.19541205835483264,12.112642030992616,-8.004277356059815,-11.720387144377689,-9.368319614381505,6.850466874956225,6.307801639797483,-5.795164242477681,-5.689206523025722,-5.02924835875279,38.79126430030275,2.4104949793801063,-6.951077627108957,-8.757692388735903,0.9329959658406128,10.165613752085621,0.36523660867497654,-7.52468964321221,-2.71607085226512,10.432003464050045,1.3408228828026552,-5.140367925984832,-3.9374422266079905,0.7908742139797396
6,62,3,-23.198060434039032,-13.929432497158224,-13.295419639203603,-18.2648097599016,-9.88540973271267,9.715486523672572,-1.6084150577236587,-8.352560528031574,-8.307904295918602,-0.691207065655874,0.04355847855984493,-2.2437726412331918,-3.8999893008106605,2.1775806019218997,6.527234696396966,0.2566702494613531,-6.221295224993896,4.280563514384371,6.582153090934564,1.622254297500703,9.022854832069182,8.670655567835015,14.44519086720468,12.66339255992335,3.2638301497734163,4.64493063387245,10.530332379406552,9.520043678763441,4.943198133805174,1.4967467135227313,-11.882379454515156,-17.86151561295477,-27.100399311177622,-14.383648738548972,-17.802193935551664,-19.13672020077342,-12.166481352888239,8.006627068196131,-4.478701520086515,-0.6228319576418992,-11.839073787829488,-3.9842631424118538,-0.041955093285295675,19.145378835908154,-5.211135848317437,-0.2708300018296925,5.032708185020741,2.530926974104127,-3.673470122875961,-6.435627950099868,6.536133870936746,7.365947369611028,5.794436385400775,5.7726603624660795,10.488136822789366,11.211573285615724,10.109208977324094,14.845290139680966,10.092767550223849,9.727209973262575,13.29010352694497,8.36271776520738
6,63,4,-27.902152219923543,7.261105940904374,-14.719400198176135,-28.545292730920206,-28.430559113985165,-13.1457306335612,-16.0980462206573,-15.185654644638575,-12.794943648481327,-14.572461867500557,-8.977199440503991,2.2123694660641786,-8.350870736374906,-1.6132070498722721,-13.608759828752321,-2.8957812880370306,-16.75202845183213,-2.2532947431318466,-2.352980320092017,5.231752545595528,5.40342120444629,7.003319554292119,-0.2709717698531546,14.545616328988855,7.763660244098529,0.07185953841885467,10.458478980402392,8.241823430553577,14.146485134686644,3.180610728904426,-45.66475335563103,-23.205756899968872,-6.692162467575655,-26.651048935949802,-29.81436089680688,-38.95453317863187,-24.24406297400412,-8.867276380247459,-17.503241698371202,-18.936621090260942,-34.78479931664811,-28.41268688131398,-15.057433514696806,-6.4842743812265216,-8.093916820180484,-7.787989682299315,-10.133032739594036,-4.09078212261836,-17.157110818729898,-7.124152305394005,-2.1486690932311263,-3.3647739642595,3.729825500523804,7.78406726618911,8.989749690245203,7.620459254158136,17.175384163129603,7.967989937691926,10.522000595282693,8.891155445221353,19.56383161319467,14.836853483010366
6,64,6,8.685314831778223,-11.693553946639707,-17.955934623483476,-9.411575939216673,-14.029876713731833,2.2239328488798407,-8.783168815099062,1.7652640687727659,-6.216731432734464,-15.49584315253832,-8.032004899958649,-7.2603043178777895,1.8927080406205383,-0.7364184613135187,-20.68293947549308,-7.879855333759285,0.19656531095913504,-2.941504448288822,-4.500872302709554,-10.915858785962543,15.28463725461739,10.602013055689447,-2.492511952659342,-3.587827067367914,4.474032922125445,-0.30949800847688697,13.933114304184548,3.6718112352508583,-4.607298677815578,-2.09017989544266,9.020628561651924,-27.076371979422678,-14.544136211889356,-1.908095001532672,-9.966217748093893,-15.284520115885071,3.049386270571407,1.391202234714179,1.1916520583852221,2.346134822844051,-12.538181009134515,-1.30813705076168,-1.7571789064649024,-1.2916707715030933,5.477803039509326,-8.59647715368831,-6.8138773135199235,-5.793616223353439,-2.45241925529227,7.376265045351966,-2.5168412549012342,-9.936886802724585,-2.0434823220243614,13.152489912451989,8.526406113705715,-0.49681871702394903,-3.0788405651181243,19.40860473774602,9.550663377817084,7.312299425713718,2.239363086114569,0.7441642986292514
6,65,2,-8.108514435566596,-2.148798601608152,-9.474505453370512,-12.387314153971476,-7.342888585405378,7.334877283596319,-2.106609123554535,-7.385145659217751,-7.818566276078553,-5.411204258934022,-0.18451470488727797,-19.446372174408005,-3.7423202614867828,-5.635003524037392,-2.7744673050303996,3.1965773923027276,-8.65080967027603,-8.34709647007105,2.26279824163492,2.473023785706951,-4.221204837965898,-8.290062774109037,-7.167692381263966,-1.0958146481297737,9.210027522092295,-1.334020534984588,-1.7453505005233185,0.3405433393696816,5.228798558708372,0.40363326323468485,5.85409737580524,-8.787701681892317,5.021372976934357,1.6814403990056443,-13.227938640953552,-8.794565769412161,-5.248052362466184,5.706455973419932,-4.362913405352342,-5.680769815132381,-10.026976455630523,-9.69918052170698,0.3524212655043464,10.403727122196338,-6.039487817801723,-7.324775611578557,-5.755768438622285,0.20009910288016997,-13.91950347324514,-7.436012411830806,-6.17917975163224,-6.825409820280611,5.961670775023266,-7.422894937645,-4.601149980915805,-4.330566813555976,2.981893044919139,-3.033641635951381,-4.545713654247949,-4.742069287290914,3.409171054366883,6.40513157643514
6,66,3,18.267671327901674,9.328282577099232,19.381111618403978,8.424580500483874,3.4853537598988273,3.4458779711049177,-0.6493320908033984,-2.562305413004827,1.2206007176783042,13.984511273027184,-2.967720871972964,-8.461348870553346,-2.4271461832814083,-2.496853512870828,6.7464889878997685,-7.23385340431932,3.0462224411710004,-4.307520081266401,-0.3445335259070508,-5.658346045137632,4.847712297810288,-10.401938715790651,-3.7905409012625833,-3.985404012474891,-4.111830610009592,-7.04875909448487,-11.64485814111171,-3.916609635622038,-11.39362726896638,-3.2039657115890856,22.66204943934955,11.471580014359677,22.281394945139574,-13.033038508533153,9.823275730956535,26.378122161196508,9.03251860926792,2.594479497067813,4.743136164851534,0.24852345963065514,20.939776466977676,7.840157488474574,-3.0741350024416114,-4.429759037073294,-0.6312747443231146,0.3391741839487368,2.172961614026527,-5.534781258689554,-21.798310369275885,-2.909909993773553,-3.6341420269412197,-3.24815323340093,-7.756475538287948,-9.223965151235461,-8.238160229333468,-3.9842324158767335,-3.9090241242381865,-17.077474472022107,-8.768120917559767,-8.777304009579845,-10.385657649986989,-3.5245706657992613
6,67,4,4.874194079623895,1.0061136089895677,-23.19357686362616,0.4268402249080967,4.169332899914194,-7.432404585636963,-1.0182196706442568,-6.831669510955492,-2.530298082316979,20.842212143388195,-2.4335109104243333,-11.534355346238382,-3.8182190845652317,3.9516019325975944,10.820373074310575,-0.6270070493465463,-1.0067180651694367,6.738502423756009,0.12512502637578293,0.33591181523927427,2.9050813212014024,5.490698448405031,9.806014028108088,10.23540728498341,15.54793718684374,0.5837692614167751,6.797189001754929,13.47374868207248,11.139522585790699,4.542796574351263,-26.367169255708774,-0.8871002140704815,1.717234392536851,-17.53610026268517,0.02594515676723652,-7.030325417429567,-8.445906388959513,-2.4267146517863374,-10.187667392614507,-6.015516152400978,18.305241554225905,-8.756693406984569,-1.4851648297796896,-10.477646495153126,-7.594224205445045,1.9749838617834738,1.0864776957144082,-0.5564612196417649,17.15884386535122,4.847811069657525,4.459028251060262,1.6720724709604577,-1.6979127205544846,6.050761188516712,8.68429101737807,8.413590688178903,7.291744419913056,9.67255087851024,8.631993785568673,22.186260580471373,21.613641447864662,11.515551716384548
6,68,4,-14.211659426323878,-15.750941005603577,5.060959731433087,-11.992419883699677,-2.249384769124957,-5.3609911071693155,-15.348115713221999,-18.709787380106444,-1.4838203599608355,3.6177746384609026,-13.507211693857867,-8.04643594127762,-8.560565880704214,5.409933710425367,2.855916866896355,-14.897501075663047,-7.854434443893269,-10.896068659440685,-8.616094759142982,-5.504562267261315,-22.226852670902527,-6.776800459114522,4.232521531785409,3.0977798717823353,12.251310197318466,-12.270298903762573,-9.930059853645902,-8.12216845547735,11.486171443977884,-6.7945802389394245,-3.7535320486782546,-30.441756268872375,-13.929475806971528,-16.13154609821362,-12.793519120163676,-21.892414798551222,-17.0971723945766,-12.246746477920848,-22.578139185678307,-13.140507116578757,4.827700015793484,-14.441034177250062,-20.9331468885946,-11.322680623829928,-17.09081412002831,-8.103858234508465,-7.24919717906542,-4.799812330892763,11.537155166410324,-5.93643489146106,-3.366587097733852,-1.9964146508221947,-5.76159026309076,-7.119120005836209,-7.310763781038449,1.769673504707653,1.0249542242211338,-9.188763250596821,-7.229308262194799,-5.511925780731134,3.9012535427946857,0.09106398074001783
6,69,4,-6.24307750078009,-5.962275248884059,-0.1238300210069413,-17.38533829797695,-3.8770351190029158,-16.717467725049797,-2.9144800290033746,2.6001532537942174,-3.0510884142685217,-17.394299285054743,-7.509062151470011,15.977984238393233,-4.4024818225695626,-6.847155099842556,-22.708155052872705,-11.576137701367465,-11.04662701285377,-26.668995295333264,-21.40476652352913,-31.071039299775897,-13.53463688078222,-17.614990176814707,-33.01298554132622,-34.59059002005961,-27.433215091629656,-6.807068719187894,-19.17195916512026,-21.056421747476602,-22.594364978838712,-18.07982026083714,8.570649094737657,-4.389148445061702,-3.4275183869389476,-1.0696598740533088,-17.57108028337541,-35.27451976152454,-16.000833503129634,-13.865035242719088,3.437792827943113,6.989369463448118,-8.667960517835331,-33.40311922955826,-3.959748822139444,4.607366605170595,-0.7555550088134884,-23.965049285714237,-22.967840874658474,-20.817000935989892,-6.750127536187903,-11.387731626175533,-26.58422794606443,-34.10621034593615,-14.97782808479786,-16.829783678378487,-23.728125968357407,-31.128967404251966,-30.947301756428732,-27.58321859996492,-24.94542739958297,-36.62939739763373,-38.39128222491411,-23.098892651225743
6,70,1,-18.911348183707485,-5.710637304931879,2.1378765864206883,3.5335623764932707,-7.551781924396034,4.432219766352962,4.540705992862944,2.883650534002611,-1.2889078533867506,1.5349275675352385,2.291358279660571,3.1068023554299313,2.8011835820336883,-3.470096379473079,-1.3040606375647392,4.978363301400549,-5.526424786575684,6.725724143827931,10.363924365218097,8.596902629269696,0.7747595027549108,7.0479881095859,17.98712791520648,18.352561907130056,13.503208943256524,-1.962094559771486,9.0422073946925,11.651931785898867,8.549717787766781,5.383168309109238,-5.022779018550018,9.717052971989643,-6.416602286260307,5.317401808839881,3.8651880724923444,-16.257917001389153,3.382640196373913,5.588799272113049,-0.9719846594011088,0.23034889111863194,-6.5114899602514225,6.4243112448602915,2.3224159684145764,2.063433039325813,2.0546324913696634,-1.3444491157580791,6.177274065046776,1.9387765949444333,-20.255427279359115,1.7562045654475047,6.180357649434,10.220877509518738,6.891176228650008,4.137590709539904,12.802245564508901,16.760125911703753,17.815237311691767,7.231466706978471,12.788196887855023,21.78555051412252,20.711592321170542,17.944019597114572
6,71,4,2.1697113919639723,6.517823694591841,3.948068310029621,0.019111959104676585,2.7115070737171454,-11.082778662613523,-7.889839901066408,-7.48009507362617,-11.956631851149723,0.1306940241853096,-9.693358810845668,-5.138604113673111,-9.439075181556005,9.910688820090602,0.32423743476137123,-16.226008204942033,-3.136201107644523,-14.526547547475223,-16.897073335150584,-16.945263413661277,-16.005144376469566,-13.09772566375437,-18.60036387497548,-19.525268473991797,-26.473564795150278,-20.612517069752617,-21.456533604187936,-19.475684736054628,-20.47930066187571,-20.26033623280322,-20.098122102980756,-8.827017299830914,-20.797463557523926,-18.788905921312637,0.18307766557398697,13.300137351181846,-15.684083012591419,-8.900708378258548,-15.436484591535686,-8.465178668317266,8.753659100975936,-2.956083523847796,-11.06492487485406,-20.473398715200844,-12.551378656604625,-6.976184104853192,-12.036662906033504,-10.032940059707204,-0.6897392849914903,-7.551307026751153,-12.942369250762393,-7.384035620509031,-17.313928878286898,-10.494951465070567,-18.849553340727972,-15.447690298326503,-22.289202517080227,-20.554675369182743,-18.269681776669344,-18.274029501259516,-21.16724531264782,-23.071701688283113
6,72,3,6.152358901422901,5.375625892760933,16.052606723453035,16.9828397860955,-8.199455096863398,31.14971965680854,11.789711904802875,14.731154837520652,14.501404087678182,8.468663156748088,13.104404774608044,-8.302415539760409,8.492203127978959,0.035812579140794124,9.275399219750133,11.62030683303389,3.1142831395334793,8.63674244587878,-3.6766277117223085,13.564825007728885,9.88040820967474,10.90797730459741,15.75003444535157,11.595607482663521,22.129424128587733,2.8207888522685116,5.010592721164132,11.951802964594844,1.6895007237383144,5.770877935026389,16.42786487415377,31.596991671158428,16.179304448660556,4.887459640868189,16.20212906778494,5.754584395849123,19.369190549463728,28.38396024906146,6.65132991054164,12.024211353929038,3.0681837097934737,14.888231938795698,12.040616027386182,11.468249728338135,12.211704880850974,9.268726452404245,13.726015518470549,11.607916951900716,25.67796035728804,10.325922467206349,11.05318264592802,16.78527549657086,8.89099522071277,12.539636409495072,9.525334964415475,14.139775289722321,12.193875571076829,1.9592145559684617,9.093505586463415,15.215565412407503,8.96056666970253,13.164164230363768
6,73,6,35.22731650548008,3.9361719380973312,27.91076166418995,4.60192097977894,-1.5265279153997957,-9.893168028452573,13.615666884985728,2.892605153605251,0.16809155662521377,2.7477822276797674,7.396554936552651,-10.256912220473868,0.9352654940903016,-9.842356984253696,-2.724334691145754,4.13145436479415,29.916494865720068,-1.6288037142012148,-3.76454032896791,7.680002948882559,-5.307201362442131,-5.797069707646873,-10.853595544970249,-0.48939358243127934,-11.273306417545848,0.6872785939585144,3.343737755368302,3.3462107915703814,-5.077049850190919,-0.7924653209019005,26.228476377067757,8.327651454135776,31.804386438498085,-9.178291434921864,4.504301209706906,21.785458060208615,9.218803367145906,-10.719663726665617,20.73822813535609,12.607018603307266,23.69805497837411,16.322123220428917,9.523651420752083,7.11284176500446,7.7219025111166655,3.720920161821129,-0.0050261819553441,5.59751345545746,7.5370054233722765,6.809036034556875,-1.5483471170158651,5.971636820720824,3.89474719829812,-9.465809688880674,-1.1462125769566462,-5.652283800516008,-1.2288707647381758,1.8326215308795635,-1.6854613031964876,-7.1490924658662625,-4.155580300974046,0.30513784062208077
6,74,5,-1.8856343463426697,1.0233014719816282,-1.4112209790363548,-7.398793555091972,-23.3540087642557,15.71696613358175,10.076153197382553,1.4352418707751824,-18.96408338592638,-11.83645266903245,2.7398080931204127,7.70905012965611,-15.866488574935888,-22.989845290357017,-8.776687163587027,2.3329555944471454,13.16212922289809,-7.988378517965716,-34.043582882913846,-0.8598228225529898,2.2503714259804752,-13.596141797013392,-17.021181217235775,-6.570188837773285,1.232114633136405,7.565429829515331,0.34951045523431357,4.036097957434634,8.1944596970045,6.662103874373202,12.663262869168934,-6.158667814395414,6.835227784655263,29.889069597077796,-6.723041394021267,11.166337374711363,-11.063783894361162,6.525224246891079,14.35374428786156,2.923989739995904,-3.80398536841499,-0.8421725681642207,11.561157670780652,19.719342383646914,0.49076880364701503,-9.414961729028333,-9.462689163935627,-2.3004115219795835,1.913466681771708,-6.265951350785602,-11.163802653732828,2.6023796540344235,10.614624879913542,-12.480727809458608,-14.652967534913895,-14.279436341373296,-1.0072544894930786,6.750146096890297,-14.612338519677893,-19.684331419673292,-12.104840887210718,3.1673945071141643
6,75,2,12.555054311890427,8.285147570164467,-11.47977614463819,2.415397952415799,3.1928093142171443,11.07209116344272,6.751188257527419,4.322167134727351,0.010958964368555257,3.172352942433662,11.378314361941612,1.578122147287969,-5.374349276535213,-2.2678366826347482,-0.8519844162027997,17.0221677198864,7.488260342171648,3.1681284803511005,17.477173107926085,3.2504227955530345,-1.2449298711130163,-10.308025403720583,-2.358758899905695,-4.145207144183721,-2.431364640411804,-9.56156695902166,-9.891730888360524,-1.3641162731843774,0.6047560847477915,-0.8543711444362998,-4.563672388608496,9.52872685911191,-1.8491741833617794,1.2132987495420906,3.0827936436072347,5.349292205305908,2.3854626888272965,13.23408122862713,2.535743538477661,1.4060898407975708,-3.834494209246393,19.278484268389388,15.602843167078563,15.375244901856265,-2.874097624907223,5.694608904784774,3.8228136843024956,9.668129037111635,-24.92540887161726,-2.0372781264482125,0.2673703088601148,5.625432123225636,8.885148759170365,-12.570441297278176,-7.025058633258861,-2.8368358220450767,-5.8439030392186275,-14.95425112654523,-6.568110461960117,-9.133295867657406,-4.874712044146005,-9.829554012999303
6,76,3,6.307382217835539,1.7745147601633149,14.645844692182608,1.7095686175020006,19.012513854518158,-9.920642591126986,-3.0982299663762496,1.2517447078873118,5.716218554596536,-2.8977423805925184,-5.5809794092528175,2.1317464623929623,4.771443397357559,12.488301195635854,-12.011476209551864,-1.091226272103263,19.892891961354294,12.442405308074342,-0.6966957606250299,-6.621801632024896,14.373682614546505,16.07929800443987,7.555802868679166,-2.515102140560018,-6.835844717417249,13.540329005841798,18.47943849807105,10.373576060755225,10.949932325722234,8.514873558908086,1.5680327701280135,10.587612758492815,4.868754675611854,-13.480384541683971,1.8730349325370526,-24.397890028793647,0.39532602372829007,-6.4028803523539075,-0.1636142123990309,3.8880558224428947,-0.587370859779895,-7.060994687461772,-9.234048626993262,-2.6228359856801795,3.6271549411027166,8.463365650928875,1.1324413758702576,-3.2791060123410887,18.340283274923156,12.896380851999293,5.683335413514612,-1.0578930573878662,-4.688828329305824,18.17923436540452,12.695035958469546,6.052728619926225,-6.579057186569381,14.333768822411752,13.129042522073162,19.584941822104156,4.759713328466179,2.0677006494640016
6,77,5,9.901129730806757,4.6391150065777245,-20.36984009041293,8.35027866961616,17.82308820086508,14.078110009173448,-3.014733128431372,-5.973271165406562,7.380847252882657,17.670130753321807,0.21732394442689273,8.294466038393539,-3.2823686700586876,13.626977322873007,0.9449602541309314,1.4653744772985238,11.289470497416568,2.0656471241538124,1.2341560347505454,-1.9463128808476984,0.9019506210234121,8.259122183728149,0.8301402541195511,-0.19840923923908282,-11.00539963701512,-10.401833774845636,-1.2931878956932032,-3.4849715062258064,-11.570217360344879,-6.412575221393353,21.49488712629167,10.37762783349651,19.61145436036877,7.215234861959039,8.14570225554905,4.541593953742779,20.606621388436803,11.622335780321102,-5.511185792689329,-4.44826039242581,13.185083216842727,9.177976924108295,1.5094202213307353,-2.501053413594847,-2.6162308794275906,6.138340907898254,0.7089252498273451,-0.8758142760318762,23.215926536063616,12.027165504853896,-0.11917394872118642,4.726503480464313,-1.8521528981807762,10.71310191692375,3.8396623060050414,2.9844524530103316,-5.57304224100463,3.4585514909973947,4.110584639929936,4.605035244146503,-1.3587507488796593,-3.427641778139445
6,78,1,8.331949992968536,7.4320899649273375,-5.765481605262655,3.8027704427609317,14.884130748533996,18.01560776371782,7.66905621852635,6.690750280622297,17.058843730911963,7.378509839860403,11.233022614331103,9.066493501659577,11.703075955221548,24.965143636289238,14.092757031525949,13.86711981897128,7.067137237672312,19.335955859934227,21.003298074756653,15.888178474110806,11.209087914389723,19.475456670903394,25.327802678433844,21.138500294863896,26.672473667689236,3.8683826546468656,9.68769133638409,15.54873884403396,21.26849127270668,9.316558708107415,14.976409673863998,11.595576627793278,4.155857727385874,12.089897691930945,3.518237047306286,0.997232855084673,10.818565981371748,17.321662535232193,2.0654126883189146,4.082067947562149,10.599453740139936,17.214718138685495,9.138112551055663,2.4368904636996795,7.139452907540716,11.518104879140138,14.92070187760016,10.51270666293709,-0.5016352627767094,13.185237438099954,17.880701755752742,17.783236123076303,11.648139146202032,19.01400015369149,18.551119149219623,23.06806320438114,18.648825164520876,9.737830087269954,18.786229282095114,32.314717369790145,26.265516158647646,18.586518602968177
6,79,6,-14.704161230747284,-21.927801782288032,-26.38670059988591,-24.164105965733153,-15.119845156489706,-45.1078848133727,-21.030976106844296,-30.531377372218344,-25.165347552426717,-9.353641801672728,-23.723260308184283,-21.585377527037398,-22.052156067226175,-16.209874960434878,-11.37899276491527,-19.220667146805035,-34.426118404581764,-16.45856490226395,-18.52729550948958,-18.47959270914335,-16.40986914319417,-15.69698472916172,-14.838833101184617,-21.936571742816838,-15.749800000759988,-19.55487712172838,-16.25757167024948,-18.784650356531518,-22.1449776339748,-20.49846820242521,-44.73649339904871,-40.16940467550261,-36.52343996836826,-12.529127663058205,-23.423247231863346,-27.875608840548438,-22.085871800326,-36.52391479182532,-37.65639921659376,-28.056589904899994,-29.765689861847136,-11.853905757934575,-25.941482388028277,-27.024808687407806,-27.48776365998313,-16.502382567703226,-27.455133127798234,-22.155369348278864,-22.362770274713082,-29.8028591142104,-20.953751279609044,-19.037836015360757,-21.033751390192936,-12.430576677672658,-20.121193297843398,-19.33059660949539,-19.54598404994097,-29.635445944010836,-19.87600016603018,-12.87681243895758,-19.215980101160987,-16.236714463862707
6,80,4,-6.2244157519009775,2.6894225880685374,1.9149776714535918,-16.115184782618076,12.53825502361103,-13.278756005462354,-15.051950917045422,-11.389069830294604,2.03585363792755,-4.356407057766511,-14.407490879751554,-23.195870908113523,-7.181913736299041,8.381989999288097,1.61288017166279,-21.179647492233475,-14.785290007752064,-2.7066720730466054,15.652827881753636,-14.960017463095811,-28.237663317446174,-7.990993350176373,-7.782143180008708,-6.2181191043928274,-18.38899740471118,-6.652113115230414,-1.761847450369515,-2.0087243978888143,-12.011118532453734,-6.7903126322652945,-10.834378651547713,-19.774531935591533,-10.673909520048928,-2.37340578623116,-16.870832251600643,-21.473653429849406,-19.744337851953937,-16.56888895218329,-8.316939150650486,-9.31512185649537,-7.8754459325019734,-23.7332756175864,-16.616832400535838,-22.580729476925814,-10.959923040087729,-9.78932577307995,-6.352710738806508,-15.29639184397713,-9.1039774300894,-4.734711809265544,-1.9047585458426548,-1.5163460596487268,-14.327219333119201,-10.126162492264086,-2.672148416363971,-4.277640344858983,-12.319642127707326,-4.345454234164208,-2.5170138179801573,-8.603193133615143,-4.310690181625147,-12.214874781849913
6,81,4,-18.782818811650316,-10.02390524713754,-11.44703477675595,-6.530114721506834,18.271242048659513,5.17083981636594,8.647374630564965,2.8433297657430505,6.6087642310914125,-9.785693166050606,4.408636630444623,-0.8106276141649974,2.1507658433998245,12.581110491269715,0.7364553971352394,-1.5719242316284563,-12.794579894895236,-8.29405907841354,-5.624895516408201,-9.688943027632265,-7.8634136997435915,-6.719698839979923,0.8528786643589967,-5.604346570377119,-11.763674435728207,1.6503702274455505,-4.7848568667953,-8.059578081502055,-19.1737107584571,0.7127303881712665,6.15795235965038,-8.822435079460462,-4.922581495927283,24.476601147615348,-6.774277987640079,-16.451700919194195,-10.804757837478707,2.235076905341771,-0.16671633416582354,0.6964738565076867,13.85411342022167,-5.696977124981037,4.982933207892068,2.107176574654083,-2.4441182869600073,-5.071234262525673,-3.6012591461128576,-4.983395652073186,-8.864988241208398,-2.244944303336257,-3.343114907594922,-7.317652602350657,-4.283702704567101,-9.20053636941423,-0.6362825262746428,-3.234018034818466,-9.681412901800336,0.355338326496323,-0.8713491306435782,-0.2675922626129739,-6.947149321357385,-16.72060081978305
6,82,1,2.5018736557046894,-4.404103623294247,5.210839866047224,-5.064697113478691,-17.088408920221124,-2.648904505549226,5.490710901340653,-0.26624784457338296,-3.190108120589086,-8.767140273277356,4.617604071978574,2.7326048720605334,2.208508837729598,-2.490816076513285,12.99178654155354,8.52506158836811,1.9291251416477158,5.349754831549234,-1.879313128773215,8.227885699490228,13.04349194439811,11.373707429744398,9.604736842215061,6.833359373915129,2.84004264799367,12.379241415231323,11.421132923308289,9.893513430432394,14.228508065840808,7.394266920936534,-11.72893473998609,-3.655850610775282,0.29686766662975694,4.720940623977558,-5.428657084067423,-20.311060968948322,-2.2717467316812483,0.47953227987490266,4.685917416397234,0.7608895704786229,-2.3239391755096874,-8.091795270762791,3.2471048437660865,4.918141180036089,5.0551873678426755,-2.1994307970673557,2.583600424888841,2.5053272610473427,3.2641137975904075,7.3158395269022405,3.8668470879585155,0.8202668230117468,9.177890606798089,13.494149579916435,10.005194134550264,5.170765725895762,4.827669236931114,8.859302415626075,11.011554315118357,9.056157341408662,4.82337069745947,6.639698694937122
6,83,3,6.664589261556636,14.64636278556797,11.880159356358758,15.799050795141513,2.254941314867721,22.30847487497575,17.96652976200892,13.651411601728416,10.41648696133549,1.9065841999296786,17.015834089732035,13.690832003576265,12.18911458242957,8.463051027209474,2.107577418045301,16.088178773842216,5.635873037208687,15.52963919976226,16.014462990822594,11.602132165262178,12.498001971134421,15.498889887341994,11.697981928952226,20.424832358229434,7.761754578615467,9.086234541377053,12.018327982011598,13.040883141609541,14.218202856982616,12.737934676157982,28.560359025374055,15.159148159641308,27.273788561510706,27.979148996675907,16.066550586327192,0.20397201996784986,16.654205145683463,19.138890969089974,17.095118867826837,8.198030519185634,5.825284498902716,8.240812052569423,16.66304270781167,13.90382039175574,12.56395965810048,9.763423725008602,14.842385453967056,14.975071416616926,3.2035461573793373,12.038938547598152,14.92492630770828,15.956695453786267,14.670192661996165,15.599284817319827,15.283607369970252,18.962313481583816,16.199137886191114,12.313302337714449,15.039376117947812,12.956763395221857,21.596022012478823,10.936031539705818
6,84,4,4.720447223042931,5.738475827727375,-12.537829439610054,4.2744888894305335,8.459270558388132,6.727000707760453,1.5124482958827472,1.7546997743817732,8.987473898112956,-6.9619380623647205,5.600251646598848,7.310141020795191,-1.9699021339212086,8.62277393684177,-4.132613867453134,3.8334767142447035,-4.407211894907698,4.77127703054377,8.77222229922531,1.2278347825858624,-9.341689948106138,-1.4602681894604927,1.2793302659354155,-1.6417114520672638,-9.26323150797952,-1.1064900606870651,-5.741695185986958,0.7444171868718961,-2.3333071625149815,4.567643929863486,-0.45869347964209206,12.71039838811792,-6.611866487780729,-3.4309472997400325,3.4706821981817484,-3.5715334629412885,8.525585889066683,11.400374051870594,-7.928470929306598,-10.100439450544554,-7.289777059834904,3.806822178442392,4.790382638119342,7.542876548491553,0.16545822052285086,-1.482728824655454,4.921662578858983,8.463562960577448,10.46798872025456,-4.918770141751935,2.0787891306709967,12.099703399436091,3.238994981855063,0.8662059138551695,-4.242117565397808,-2.939000649082402,2.3839825624088986,-10.727082716130724,-4.662802936736398,-9.075738142312671,-1.0807236809192693,4.127488820563728
6,85,3,-1.4348532982261446,-16.0118172900615,-7.950734283139069,-19.77699895393922,-5.750119363025923,-7.83975042445335,-7.08575570740078,-16.651072267607624,-9.196459891774301,-18.076557679646985,-4.7376104457099455,-14.934565614738572,-12.34718463667554,-12.291766609053873,-14.461891250784229,-1.7286559049062782,-0.1675673123653506,-7.249746138275393,-12.838687263974338,-2.744322419757157,-12.085605353264622,-3.3842435451905915,-10.325225867535455,1.6873174930905632,-5.332159821648244,-5.843052047424066,-4.435463668494598,-6.661703086622823,0.9988425489083488,-4.231294238905806,-25.117478206935434,-28.251711873110477,-6.256306019958061,-11.535699633018277,-19.403004982148108,-34.843300855139304,-13.371639239919812,-3.2460378731896222,-3.487253346821159,-10.17837975875521,-25.19847140294817,-8.768336895671556,-5.70081303868352,-5.929644839750125,-13.539434882789475,-15.478489060227458,-9.45086672430483,-0.6381017955519805,6.185118706891221,-9.837336807489026,-8.899370143326324,8.79816131584528,1.1196568698236136,-4.231053650015729,-5.682219194430046,-2.971575321970368,1.0932492632362083,-4.616395181181221,-5.913924749071781,-2.834991822882392,0.9960982591913236,-2.3538745835923183
6,86,3,4.035530654429573,-2.1263501540326115,9.642923855685583,-8.004215808698861,13.368839595943877,1.3210202287882566,-2.396273648511141,-7.1558945258829505,1.066693454481113,-10.572848626946264,-1.2490127349681253,-9.84405905015131,-0.7773619215685594,6.9314229372468565,-1.8052270726823239,-1.2079641641367496,15.119684622055155,-4.737117111001429,2.398284110331501,3.2173730256177895,-11.420460515871367,-8.90323698020927,-1.4330710087698426,3.8028382726110177,5.770791635882657,-11.235532627077538,-7.402142341947183,-0.18326896491528882,2.154762206962559,-3.8347038592143736,6.540722206234932,-4.565460832130802,-0.6418575824851664,-2.837014617222338,-8.088915285024024,-14.576143874690263,10.797924627788458,-3.8493940689169404,-7.823493849383899,-6.204335475340486,-18.095164112607574,13.638176795004354,1.6484768361466497,-4.8273114730922,-8.39178975875967,-3.2328526063754066,-2.0587338169542595,-0.2797168257941557,-15.20345918104199,-0.8650279651600399,-2.9741409994213184,3.710183169374742,2.1603990126764634,-13.12325141015577,-5.532221880991276,0.5502755862388122,1.4909988963385936,-9.703898351784332,-5.3309016070817,3.159179748512986,4.346206623879144,-0.11158213420293817
6,87,2,-13.926509280189338,-18.230982900625566,-18.090143948447004,-21.933999885918524,-20.32591766114459,-20.296309198343703,-7.967835740754145,-16.808463789093896,-13.27263192971032,-8.919918998939593,-2.875139804255993,-11.644734819726338,-11.283365048025175,-8.075131746645015,-7.213662263471633,4.6907031173454365,-7.677955436168191,2.0398129008755808,-1.2076312000068214,8.841565472142005,7.1290675347426635,5.405049206583944,15.661912195566229,17.330401529535273,17.394558287364806,6.380074392288659,14.139226292200364,19.00673526652702,13.710573128435952,7.074987889772924,-35.39954019247033,-18.94447189283263,-26.53912770998008,-20.971993593362765,-21.934055348949084,-24.97304997520474,-15.901641224897125,-18.42025871979209,-17.426947925784972,-19.551707202750364,-26.548655937221373,-7.930444460816494,-5.346849972166391,1.0510535619119417,-12.776522472182776,-6.385803707330151,0.7964739059438795,3.685132169142004,-17.96126297141267,-3.905077080560348,5.658352154034483,11.410235439904223,11.539659151103253,4.168827353093616,11.84399513201788,16.271836196367698,18.801042599325267,14.189377525139882,11.838111586187306,21.94934352787164,20.297437690777656,22.117336705102726
6,88,6,16.22986281914751,17.453201570604904,12.38354605620317,18.56461299686669,23.77125295376541,1.926133973887417,-13.622012910319539,5.084462845709362,5.180879871122445,-3.316429698703491,-8.497247872101823,10.969642532398783,8.364111560169702,28.86910450862856,-5.652530511068864,-16.211250151984583,28.636671072826164,5.1370376458436935,13.93310814523478,-2.740992186772753,4.698775966470014,12.565914509721425,19.694636820588354,-7.2831907569453485,-14.111264589719665,-7.998060889019654,-8.615188191304126,-13.927977082001552,8.088594509561245,-11.367330652729773,10.516887984812117,25.096873773307347,0.5668589887095675,-4.479792982271714,19.05372891434263,7.9827725378024175,28.24131425215705,2.5600112127821584,2.9932036381214857,-1.473817300801052,0.5580091217146607,11.355865916396231,-10.873799019788462,-14.151684012650167,4.111645496541227,6.174529651248062,-0.054381921637528696,-5.378308526035852,21.334781784836846,16.602697373390573,5.680812980457232,1.6980608891832052,-15.511230346406021,13.707316779508815,5.680171672595524,5.275859902766198,-11.808404588844722,-8.33773483268962,6.253438211917854,24.13558899842929,-9.307357426414761,-15.53250073541591
6,89,6,5.683538923766918,1.1676125829335218,-9.091254592938467,0.9143034146144638,-4.136566937253694,14.881133452921011,8.214280887347895,3.320524642303609,2.399992448811577,1.9341142763065673,8.836816826324187,-1.1552536324030027,-0.9564435017755157,-5.893116838105662,0.5352585425418688,16.740668488893565,-18.234670822849356,1.8456280809179764,-8.008107201014528,10.906336815281005,3.1638607665152487,2.615435330872992,0.7806490497214986,8.458598324801867,3.7148455087458947,-4.949050854596238,-2.820794968434226,1.5896670549097125,6.350749622590315,1.861477594413772,12.392056737061049,8.109612230802094,-13.708192492369562,32.224516703224744,1.1313806468757188,-8.538487620515436,2.85955544050056,15.687777088784683,-0.6914044195678217,0.05990146243626698,-4.181346552446485,-2.725179651896923,9.242546887071684,17.481286692637482,-0.34179532185492256,0.6162824439475455,7.739966025984869,13.34228987287639,-3.5141728666679195,-1.1278714690153024,3.8681359495030625,11.56163263202804,10.335463016112216,5.457451414541202,-2.508324449813765,4.253520688814362,8.342711673907528,-4.360008707701612,-2.1215953072305895,1.284627962812054,8.471968762190416,9.654585919638235
6,90,1,10.698399237947681,9.6973797292193,10.759151892077814,14.022112338054113,-7.244522487971838,-4.826435773940075,14.15684590095701,10.31335381374172,1.044831046834588,-0.07670069831173598,8.67114276450309,0.9868289694735206,6.089003798182735,-13.0260881413592,-0.01126116041730274,9.308689563046778,20.168100566637317,2.424907701067264,1.4539715566831384,-1.35186196411619,-1.767434952894178,0.8234921319001323,-4.507224425310037,-8.494108688086271,-1.4496482835923534,-6.390558495759826,-2.2638713223178235,-6.850793715543686,-19.218268267174313,-8.562403734773397,-3.3524086460323517,8.323056910436868,15.832075880613273,8.931994275144513,13.477708074786676,22.70940689808723,12.997885794571896,-5.242286161556498,16.174302994321867,15.42946641105681,19.64299316604327,14.854059789011744,13.324516124784852,9.907161198235574,12.385161801718365,0.9496532749532288,-1.4946129989424146,6.738594996129593,19.47012215430234,6.137607006174395,-1.5312950577496074,2.7661975276849518,2.2272631498280826,0.22284348938250692,-0.12680877199986773,-5.206220864812366,-7.499558598007553,2.1848271065845886,-0.08176390698361047,0.5536798458750809,-11.79397968603752,-10.968927207073511
6,91,6,-1.1450777569013404,10.066051560204201,35.055820425836046,6.962770604596636,-7.405620606735396,2.600961091587456,-5.951667740478228,16.202936920814405,16.080247744554416,14.129926334612259,3.8831035983180864,33.4139918495969,14.214712321394819,13.85881872293425,20.770371391097225,9.301621918782322,8.629588564358105,16.322376000081608,4.13788051789672,6.628215466410192,19.67904009633674,19.20816662783803,32.32170465188781,21.866605132636508,3.8070628014052392,7.1925459017965725,14.979339171927883,13.24701986355116,23.350240710577594,2.823675069571812,16.028363704726818,6.597558595785276,-4.886602483814719,-33.93459102048017,6.921808417795632,-10.480976825330133,-7.805171186081706,5.542169458073812,4.668125200880372,10.127038313848217,8.113084293356758,-8.187823816157158,1.2637891258374316,-7.99399058885373,11.261564176257066,11.979024842744927,8.870174802998765,5.580307133950111,-4.737123208642913,17.033897529833208,17.73092638828405,5.711876901843378,9.195201804702425,18.002003258866505,24.239838633413715,19.797763551153785,17.111591160138385,14.50018910345871,24.46064069457692,24.97005875145154,23.594835725999104,13.277318983361495
6,92,3,-3.3332474507283525,17.98531481846259,-4.926664168832871,0.15005897007678273,-4.037097138125545,-6.780741186108345,7.469296295772214,-1.4835182202116757,-0.20827667280554296,-3.545205898264925,1.540385359188361,-5.920702527981345,0.27231011706654107,-5.074373323033086,4.785708037318615,-0.8061071005990594,-15.101442186434447,-4.435346585153267,1.7532135470367098,0.3437996548202981,3.6951846101026,-0.22640798025105646,-1.001371107609354,0.3420296576578289,-16.500396652760468,-1.356789605146865,-5.844094434798484,-3.6996002557982783,-9.511687220801129,-1.9138489991977317,3.2604134701555827,-8.63785254937119,6.3315081577293775,5.731907707238685,-0.1212768317313801,-15.824755475549697,4.773311953724749,-7.716734441400434,2.1321719890409265,4.2965795899309756,-5.368613806530474,-1.7479836695895687,-1.5918873032645848,-1.2848252578206916,0.15094076512699414,-4.194007776972909,-2.4171864533024623,2.385548983995873,10.271448103767796,-5.26708412923418,-1.8526771665755186,0.26844333534742437,-0.7258541162761801,-1.611708378078556,-2.2743060711839362,0.7508802944339983,1.8411261150840594,0.19787280447781086,-1.5196883786333375,0.7990209052407322,-5.239430404188701,0.612779468280922
6,93,6,0.06362633134533746,-4.981095303031732,19.087142559086406,12.708357027754557,12.815609907685992,27.872106129439878,12.973581153717705,15.87403105426489,20.815767619985994,18.21337564148735,13.034981230864444,7.12736535440313,17.446664367507154,13.842284611176423,11.445647218787087,11.306060096680577,-0.8464648268389983,17.19264590326788,24.808775657066697,8.923169178070454,19.751306545443644,23.926874466694702,20.605246199533436,21.111112137756695,34.932477806399525,24.22100403686849,25.694143123606718,24.11070475054952,14.617401855384442,16.156159209950662,22.80769259482622,0.8571155196192066,-11.690532086740767,31.26622322865012,12.390268192649257,17.00486882553412,11.189864942707445,18.12792391602586,10.054352377882088,12.30946632161192,14.29259077667417,4.791412584847073,20.792955240598186,27.498963106332774,16.530917878557993,14.875428799358078,17.266701105845762,14.744340222147175,6.067091869962653,9.574906599514822,18.04704180941349,18.699864515807572,18.741270632278646,24.331303387567992,21.119412808701775,21.60094338996199,21.951798173894232,26.208673727130755,20.819881113836683,29.253527202666188,25.023595990544965,24.50626532742525
6,94,6,5.836212641400528,-5.641158283310489,-7.034352559460011,10.42806882231224,-17.88742372175544,-2.5071588055026255,5.965290980629353,3.2761520415589906,-5.095341648588458,-11.51529890901363,3.561524183239514,-8.79754451784112,-9.151402669209174,-18.509916565733075,-12.95887251034742,11.555866341810768,-19.808938597385755,-5.454596101868583,-9.035096603607549,0.6912070582762762,11.390124408136378,3.7888142125561775,5.076766224913069,0.5889742890963479,12.00398321899518,4.473360711614963,4.109369960159246,4.212028176410169,2.907307607894082,5.341299574103822,7.053513874299824,0.6485612764727413,-14.22240260879442,0.2611291404904392,10.97559381396759,-4.2052072775436615,-2.784637059925533,8.463038727709256,10.334285108372569,0.3143947505613609,-4.973361717971472,-7.783018833878113,9.192784248624092,13.696431841246973,-2.771383905865637,-15.206172730228516,-11.50127478384572,-1.5416496365285688,2.225345135234841,-12.745649716975839,-7.2855710927169905,5.851279010837212,6.85334080076072,9.345926684486423,-1.603154631056142,-4.608852806319365,1.4057135331876025,7.848822279015509,-1.212534035658237,-6.015300325595031,6.80222131847972,2.784131384386522
6,95,6,0.25234094322318373,-6.9882223125172285,18.251371456991603,1.9968957073770737,-11.785481316491772,9.557891369456563,1.2029440989433906,2.48828115593642,10.910314591192616,-3.2410486977683752,5.417217085013029,6.764638785812318,4.615513282669026,4.672812212772507,-3.2458282015627145,3.341992510482669,-5.486461753922897,17.854010241753535,14.506017125330914,10.000747549597442,13.005594800249112,14.773627958163944,20.29819633157514,14.96541386862036,-2.9573478225062075,9.5212276744679,10.948883978831699,11.72436503592378,25.363602764450203,3.4598896505578,5.160485107440318,10.79503843120141,-4.086267783033952,14.91551533813884,1.0763265567025309,17.419146749619735,13.11347650755311,5.787220879719115,-0.8511271639159186,5.811248105155621,-6.4217025522687825,2.0838523662717248,3.6148330182995556,2.411765541427017,7.099422015351944,9.719525975095697,11.241083165517123,4.529839476456911,22.85276203802447,8.129618388328062,13.543819786299295,17.917143161431326,4.195198038967733,13.705861349113098,19.14581044052341,14.42024448436752,11.900887127465957,10.499422725857933,18.82050620612018,12.247912140804484,20.57757395274211,10.30022387997042
6,96,4,3.8668655164244496,-4.548421088302304,-2.597556766031718,-0.7852497149355397,-5.856305126168922,-0.38516887210922857,-0.5359430484212477,1.4220440915172436,-1.2788124345101004,-12.033690225764566,-2.1040189106801037,2.3590734770788426,-1.752528854668502,-11.724038043013987,-10.318639072461794,3.2483259242754894,5.797433509922971,5.975016498256753,-9.417120276564138,-2.5871467008823306,-0.9442695059200241,6.01539885454879,-5.330143273967062,-2.0205651662516857,-2.706548665990913,-1.1559813276569302,5.061656615140324,-4.024553191711814,-12.854653981434769,-6.470398306165162,-29.86009010409074,-12.023489747355443,1.2286610868759453,-12.863207820076035,-0.7653855036762431,-2.8203077293512178,2.6795550908484485,-2.9180013979444404,-5.198937229488451,0.4507625464736139,-12.171174368457631,-6.745952372598214,2.31294936594474,-8.547695065175592,1.725202341637825,-0.7983980946151923,-2.679129645364674,0.12085133653542868,3.302757078344456,5.021292699410056,-1.5385539104208013,-1.6329728245348993,5.775885732072158,5.031129409354634,5.287016609183896,1.4963518827244977,-0.7070689091867756,14.367441502604173,5.854695599344444,-3.9510902523449243,-10.792213988660764,-10.223146959582754
6,97,2,-12.474221504702257,-5.468651079504593,-0.8896841358325283,-5.1771426146350255,-14.095859002344678,-7.984098555327101,-13.11370477187107,-6.5620666297788635,-4.781952218538742,-5.723471214835784,-10.297467324610164,-3.9782502419974013,-0.13819945246980647,6.860685820475485,-3.4395936231424153,-6.510342893236107,-1.9490017236136579,6.52562503807144,1.043893577917143,-1.579466597063513,8.300324819357378,15.307104089002054,21.808227189430372,12.315282068286304,1.1654602009348762,-0.6807845255541736,8.15017353994318,7.981471313935959,9.371353811925134,-1.664752011891545,6.89369234140031,-6.03990714592723,-4.309986975540908,-7.6566479740800695,-5.010858005139885,-11.742317558198074,-9.752433764055464,-11.63796334877247,-5.3780618799202955,-9.746550355478554,-8.994393476534905,-7.406952734559589,-10.916981326802288,-9.797293647169704,-1.570308407791323,-0.508067647722072,2.354207618497084,-5.925358629331178,4.470172297334439,5.045215203631216,11.339375035019545,3.6844908483326435,-4.694335589764593,14.192997699274075,16.496054995169,15.082842299373963,11.722329883222903,10.723573629335476,17.21975054001298,24.95302528466619,14.368249413034903,7.045447260141373
6,98,2,-16.801353087600482,7.31699269187704,-2.8820902672709843,-5.160787394611029,-7.678824997203214,-9.827457206113626,-11.298758285369999,-7.725171012610837,-5.631753361204686,1.2859353588683913,-10.460329171219028,-8.728706816756503,-3.4705896664342673,-1.1144271288067102,3.975092683532612,-9.451526667167457,-5.384321608762375,-1.451307146957645,-6.908592166379094,-3.732545162755542,-4.355290811582716,1.165114792427275,-1.8890263400063265,-6.151205665818077,-0.9410687638446689,-1.599805809903844,-6.004273447741916,-3.883029635609468,-12.016786155029674,-3.52091978511932,-11.702206443597726,-5.748676318061968,-12.5547952602061,-0.6692520318689148,-5.72747361957573,11.751395590021275,-13.201093075683387,-5.313356298010613,-8.502113720572483,-6.744194733461634,4.476111341585836,-0.13805143491978267,-10.801859277334607,-9.430009470434813,-3.842190799712227,-1.5280017621769775,-6.927691790451319,-11.398382185799324,6.57754004614927,-1.197726678869847,-6.749862415398041,-4.098503353119623,-4.931400515780807,3.217027672225742,-4.5315847321436165,-4.487625316784876,-5.252178219215174,-2.0827053634949557,-3.31581908378114,0.5194521211087704,-7.297967063331203,-4.294131214798588
6,99,3,15.07700805754468,10.679904195519793,4.352466292159702,5.5491815049928155,5.646412585595074,12.95923637496536,9.080116742120195,4.133051672061656,-0.3469017851734306,-19.493606669646578,5.566135055589967,1.404973509352338,7.445830423021453,4.140384481084055,-1.0570418970068796,-2.7953493429160465,19.092859433282445,-2.624094117200002,15.827105112919002,-5.024012509778869,1.212774487785858,-1.4720041427488726,1.7217364558359443,-1.814379136918523,8.113633165363128,0.8014508822887407,-4.521982656757734,-1.5675270351603983,2.2850183731899003,0.13280935452614942,30.05344851664836,2.1326405786250393,4.234106490683813,4.957647872952431,4.991079871883474,-12.696109238512273,11.285696157163432,7.661661939309317,2.272314131259918,0.7351109106320801,3.594450514581868,-4.137387296116754,1.8677743374392728,2.450242280704538,5.663477208056464,-3.3603951176401337,0.4896956119408129,6.886137578227534,-1.0240846631094476,4.4456148024920985,-3.1155103405528703,0.34418197791660204,-0.5871736022939031,-2.1599364268320906,-3.0155593986543474,-3.3673949330681694,1.4606257523977888,-2.7223365459954607,-3.0083869664884393,-6.920599708742485,-1.660064908607699,8.026602478016448
6,100,3,3.729196450576508,2.7472579818128082,-0.9147042520117099,7.5152045795466895,8.854442502440119,5.694991300291405,5.71348655669064,10.31467974440354,3.7754994116484983,5.059677085839212,8.560676985942736,12.148843177526091,9.928511956286403,-0.4185700778985719,-6.817731741225207,8.705913100471125,1.8953969343678962,7.909648797418015,29.259207311381644,1.6818719480822737,-6.6602969108342505,2.4472326872325145,-4.704566913452453,-8.14420985528154,-10.935673961347739,-7.616395012589124,-5.763156789139183,-9.666766023785783,-12.739260575438779,-8.082452076339594,-76.45339906797179,2.182976919141168,-1.4237832761846652,-9.82531103114712,7.535408127280627,-1.2105420329948735,11.078276774987991,9.503207242320766,-2.2168714983570506,10.577221109917978,13.632842477865328,16.0186319850249,9.419772000937934,3.1505643659975484,11.749983232740943,6.797330897071446,5.517056954911026,8.206664473806484,0.4680366768195053,7.271929485178219,2.6745905460698935,2.5388578792079937,0.07601619032552415,3.98054442145839,-2.904273393995514,-0.5868714410902527,-10.390696047123798,-6.433457176723494,-3.5326372435452766,-5.169544656238543,-12.077501619302831,-14.957094162111963
6,101,4,0.9557773909735968,24.93972279494857,20.543969311547006,16.658380404523598,16.637522959309376,17.75784594395266,11.277062147855759,14.44402491864634,15.845230381663255,19.68369642976763,8.84390286124516,9.812218143990854,11.794158515951986,3.3433307597141075,19.814865121140887,7.118484696078043,-2.4641615434680375,8.51676684133027,16.846545965796928,5.282329296772706,-0.38692026853379746,6.065611851696926,6.768474782726203,5.369175038368603,-1.0168506336290526,2.4932457567987663,5.282730210095458,1.6878541125944353,-1.5456706423130697,4.812417826643667,22.83330472613253,21.483274273937806,-5.1874788136153365,16.42408452323843,16.851158960472517,24.837866062025828,3.131452336603571,10.48758792709105,11.772789324656497,11.18937780053877,14.19706814454459,11.989138739955862,9.389238575791444,1.4617605345670084,14.330370812063547,17.885697033256292,8.88113389492728,2.858648918864387,21.793080481899352,9.446864288754576,3.8951850819100478,8.789909588150316,6.220585851180485,3.7360050288460624,6.0356210173084985,2.108514862725647,6.672964200945341,5.577137257142853,6.534185079267109,-2.8854451405066186,1.9755759897482807,3.2359360902820047
6,102,1,1.945406257243054,-5.429076514592989,8.507102909171383,5.158665824772384,-9.072746738609741,-2.4220646666589998,6.745218492226628,11.924100223746963,-0.13470901185419693,-3.879946004304033,5.69004528269898,7.0729095481517845,6.0826454352155945,-3.56557607568982,-3.7759186589136373,8.575552050705735,-1.615649275254551,0.3581629290995068,-7.594335161194927,0.761056041572149,-2.8499656130627895,-0.6106394820892012,-2.106701724367529,-1.1788430778173367,7.225287264258387,-1.6927323187587833,-4.473336039156447,-3.9705968182931497,-0.1059452725074641,2.527528864581412,5.470402514505224,8.805913236128477,3.264607249145827,5.309088619698476,5.74505001892586,3.5899917271624218,-1.3969994083773813,1.539022474208986,13.720310939021596,10.672336956852389,2.726443767490821,-5.433504334855371,8.100805526008687,5.23325740716636,11.345696333114333,1.6637219413206334,-0.8244727775454521,2.2818546833970235,-9.844706522073691,0.1745054737278609,-0.8968443285401273,-2.4187159703181234,2.550908639481886,-1.276715510774677,-0.91844155153305,-2.654355989723674,0.4454526400148176,-7.183609724589963,-1.632590222831178,-5.345357572205551,-1.5903207635188938,-3.268720613747111
6,103,1,23.854583348261144,20.764728384955628,27.918914595028244,30.58251525084032,27.460831744426002,28.468141652552838,15.30680807296005,22.837270173721205,25.114061590465823,24.865926688673305,19.942747175693516,18.335220033257475,29.434471188510624,26.726873970363382,19.473273282461783,10.237923467713527,21.451920512427638,26.09184332805254,30.07851796851651,18.81611522900441,17.18496171789381,21.1524504809754,20.13186244085068,19.430275970615636,11.232640263556336,8.065714494819275,13.120433079888018,10.034753278124983,7.948600379704712,7.428895398406548,13.381111926331021,26.03141788961137,21.131383435278217,24.31732860875385,29.257763900044473,18.37244491501735,34.60159808924287,23.23002459236034,-3.1122911079764033,16.41211399450479,24.350168569876658,17.282310090413898,14.49401589664745,9.250829390931605,21.11796992780959,25.40655077914368,28.68549625843582,22.460729158960472,10.470585018072692,25.042664635540326,28.007209701827033,20.770981869319595,15.224507607019905,19.453970270867398,20.695008750278028,22.313951412749635,14.658641545238302,13.570221174508333,19.98351190141516,17.28479530689555,13.217325010359652,10.425996753091853
6,104,6,2.404975433334161,4.144596529073966,9.880143014714122,15.550508868040096,24.75283980860217,5.947276696630918,-5.1915120158071915,14.618814139740495,20.64416683074542,19.500513643662387,1.7996273841708899,36.87174780993927,17.84361244560922,5.7403875746559825,15.365846065304641,-2.1513949916811606,12.38046867881969,7.889402002993423,-4.733712690609804,-0.2798648665590982,-2.545654209148955,9.734327092312466,-2.4817996301074956,3.278168656590689,1.2770053646640807,-2.4278556035445424,1.441680237582729,4.840725022481707,-13.999904426859644,0.17567102372555493,-7.343610024099553,14.335834900942258,20.542698891969728,4.50640427475659,15.096021299909172,23.743069096218512,3.9542232055654276,2.172924443202023,3.6619807676917584,10.003442651773922,36.272387873835676,6.966631169589908,0.7856506514930861,-7.707508392782498,11.935151783931188,11.791068741949505,6.338224190469018,5.678858052166864,22.608956434877545,9.85817564892151,2.8244089965265586,3.5646941255289724,3.180906736927969,12.125389512900899,3.5478023935291105,-1.1570605540693533,6.233542962323467,4.480304921159474,4.234322326575836,2.4855059847780856,5.089014081148115,9.780901354374132
6,105,4,16.591923228124298,11.90524104051292,4.3588122336148505,3.3654029168381645,1.6549154355576836,8.562181655362966,18.2257409254089,4.53843641692273,11.139608918848193,13.800792279136486,17.512282653643588,-11.432591364877966,10.058126709401238,4.4936013164952735,14.05098704517843,9.558501828405099,8.15175851093742,13.887070389197607,24.728165126610072,16.307809266557054,6.744613999296437,18.87079921456212,25.531749839814985,19.73776351828584,20.442334864152265,16.087592882609624,16.117423424451815,10.049955325348789,-0.10004953256376695,12.849448972290803,-6.807759423708974,7.058188556443633,5.3454438528818295,16.68401713099149,3.2190382357505034,7.5837769664699115,17.781589403930234,7.875698661340807,-2.7906253234278884,-2.4375688202406627,-1.6272002679136834,8.86296554238581,12.417089180509773,22.054073934943027,6.983806688929117,9.752871729933261,17.02831014119396,16.613933711926016,2.0305374671773238,11.416889838465465,5.6664251223115745,17.22362978074972,18.431606332612482,21.810694111261235,18.443551791229886,20.527151446335207,18.63192730374271,22.9155005016705,19.13409309925101,17.370802525658068,19.440439407165712,13.043707700945967
6,106,6,-6.044366014564816,1.3089881396693412,18.03442998094166,37.99048552116969,9.699686277953047,24.416120037572785,23.7607933441177,13.516641105141886,8.071209437872575,6.026986969952902,15.229996376966197,25.537664137019732,6.585853268227701,3.430040739794692,15.44123948397251,14.407219568190795,15.3610480620594,9.030458898652663,5.460818799712312,22.86227797548763,9.670608129715783,7.961909181756397,4.800546142499799,12.04386009232754,14.942151224694962,13.344880077178685,8.584253914018232,11.048896379950573,13.138404317836208,12.554579408106783,39.461046786569995,30.022014741706332,41.64013205373249,15.889245334649223,37.92979473384414,22.582530337388672,32.01504968257235,29.564394203866502,19.19491949009641,15.582590272300877,28.1408514950152,33.603391010155214,20.18702745010577,20.335519964704527,10.54021831409915,13.43179350523506,15.767142092581931,19.654032264097886,12.515720222145319,7.550480591894198,9.862585058799246,25.020851500343717,6.097767390685564,8.060484698769159,7.7694203265851804,9.75668295263881,8.934683209194281,11.39440450142706,6.694024987263245,4.251454517319117,4.409086884567282,14.776329058631347
6,107,2,1.3846527290780388,8.847060333948765,-5.314632797182153,-5.799376363482715,12.322503719160839,-3.0312549458680316,-2.485333354189631,-5.550877539849864,12.58700001662279,17.60538175010418,0.48214090873044313,-0.1098244901967994,-0.5067725150686917,19.798602335700178,4.846417378361633,-0.13940825497322643,1.4895619932425819,0.4200193580330861,2.989879537192059,-2.6969711528863867,-2.4465728894602976,-1.9873120220514366,6.31211856266529,1.4396574308289358,5.027194762875032,-2.1635935887262776,2.358222360609146,3.036564845251054,1.40449860055999,0.3433062469632162,-16.840859832969034,-2.5712230651889234,1.469907284884644,8.491043764688982,-5.102976546145788,0.29946413010972306,-5.683779385713183,-5.369495678375045,-9.313209969291977,-0.936856631961902,-0.4166396560101999,-18.292290356543994,0.4216412401689994,-4.21381044107285,-3.454783267051937,3.0340053159062115,-2.843964935212234,-4.674730290454335,-2.4189811460219497,3.4550729862346135,-2.590606455577584,-3.1884676131942316,-0.6072475936138867,-3.248547976700272,-0.49559774408798385,0.06978740774821993,1.9004785934145128,1.4433763310790237,-0.09228495683339455,3.167289679188556,5.927862563227279,3.032241489908589
6,108,5,-14.05218952126438,3.1630775330633627,-9.29060743526532,-9.067060737984209,-17.950519884380007,-11.709064272130146,0.9119414032505075,-2.9725129146060767,-10.464485706216301,-10.854668534565246,-4.3617292691090235,-18.47679908818952,-5.222705372722773,-18.44872614523262,-5.035631419182186,-3.2591184732538268,-4.865288798356572,-9.909023679156858,-2.5950282116806713,-2.4912969578375566,-10.253125560154743,-7.384547440244303,3.9495174638109214,5.853696589872081,-0.3586131434705919,-3.3088933638433344,-1.513286987762537,4.9777712726159145,-6.374005844248693,-1.840447684159365,7.5048130065140235,-24.024592904919157,15.205987788918545,-7.690271258354187,-10.116578781341273,-18.489867239122876,-15.573839116591678,-8.970471134227582,-9.113086251723699,-5.003593029885935,-13.295746426393348,-4.293508434759042,2.847282822641385,3.2203825878251986,-7.538867916593829,-13.912201659390465,-8.827436636679064,-3.112069116496458,-24.146461750284164,-7.213588245939927,-2.504426819703924,-5.8456175916987245,-0.49381529496664733,-6.037662374355443,-2.8413931976367865,0.7980466254237228,3.9627955514574182,-1.9555142257453455,-3.321357183203819,10.256819733645674,8.477716479972914,4.678745043077843
6,109,2,1.9075277377255024,-3.200499756341209,0.848160775088729,-1.1499251669454507,4.383141627921383,13.102628589613458,-3.4602103695704995,-9.078988106909954,1.4751123989500625,-4.669173519831242,1.5867931678459564,5.247774873405877,2.883150982182115,16.971442958430895,5.294299915126276,1.9636116839190032,-5.369551288043488,2.1150272738688214,4.118978291749954,0.8124592227906697,-9.9505778490225,1.5315849037114058,-6.328597306625965,-4.092835672018,7.826447759471017,-4.223745679755398,-4.9461707955839636,-4.938122643612138,1.4118067544953126,-3.459383994499904,-7.196912268290249,7.560489919604498,-9.991435231004912,-0.056861082546233455,-1.1001501735299826,-8.980511218638773,5.047638840269202,11.165535637699975,-8.654016600223258,-9.888641290008882,7.277664772337065,9.106456535073315,0.8665203484138715,-4.2145381564240365,-4.392972060842666,-0.1707003752178546,2.0802076311992144,1.61762881631077,11.720047907997486,1.0126014554464247,2.3378337996489362,1.6912275221562254,2.8016891818857057,-0.18186284262096347,-0.7391749983965774,-3.490799388462083,-3.0658338927186803,-3.55836048487165,-1.4418529096263928,-8.700621649162938,-1.146626128383529,-3.7808214514629914
6,110,4,-25.581420074603184,-22.30894354028945,-20.37091312047788,-37.904589697082585,7.551424205337268,-24.425093325491005,-10.940693908013268,-10.6511590959243,-5.148348175011935,-20.475717588117718,-13.946429207341792,-18.852143541478164,-6.212445296489109,4.675075599378567,-2.6522963411776668,-13.162400657174787,-12.988431632836793,-5.3985799589398775,-12.831440849888436,-9.101960712044338,0.947198960793818,-2.2357059698608674,-4.537091859752632,-4.901693392970894,-11.409908503475716,-6.015423587137238,5.0227173581583076,-1.1822348451923306,-5.930014914787579,-2.991711146399809,-6.922745916288253,-30.416242932366995,-19.95455085967736,-16.72118653977153,-37.13316669514993,-30.076186867348472,-29.23036339388387,-24.014010200924346,-14.342014304248664,-14.52601104999734,-6.983929987701517,-19.331392109144204,-16.824424415168057,-21.46604942357759,-11.02156984303771,-7.448870845718262,-13.613428222810528,-12.039092686822316,-31.10380546594174,-9.006462615006033,-10.82164355709853,-11.327762286065195,-6.430132994996155,-3.584681778828183,-2.2682129716636936,-6.8883516478250035,-0.5842380333669136,0.7679386585950851,-0.4914533851622809,5.173004457136478,-3.745773617382639,1.0657807782650115
6,111,6,-2.2139482611744867,-16.58646523352803,0.6256380093329383,9.184409241260193,-1.1604401416077113,5.526973618080887,6.511570088304126,6.969332428467342,4.902970002634767,17.19161602143743,14.526387190730192,-6.440006622289331,16.624276056022545,2.5486267078156777,13.234161360961638,3.1773052046575194,-3.9600449102226536,5.114910024263688,1.0432212385689696,13.15705974636281,4.577739579671226,5.130210540507257,1.0493699502790494,14.103722270101123,22.35919949355559,6.552859205888897,10.635161498413861,11.91388126075405,9.921376551933045,12.329269013254018,-14.863100772496407,-1.4284826729832802,-36.11874587070654,16.284639288012567,7.863290460507677,-26.87669844278022,2.3074236754328012,5.726363486269626,14.010548978251776,1.3269837972276464,-0.5208397412263759,9.98148148313232,4.356499531686807,9.905890837391247,11.38440757317515,8.144764837627182,10.86794024529276,9.962338616844361,-25.30680958724512,7.7228707806320855,10.423085748558726,4.757770726289717,14.428533190906766,8.195403288550136,8.015970265958458,9.522399512255886,15.246931353677628,11.651142600628479,8.718000657402165,7.918307448586836,11.030536793263215,15.979532218560946
6,112,1,-25.421234724361728,-23.89450317017008,-8.124191290517219,-31.143114691827353,-42.65928294836748,-20.665351059333215,-13.66135308984667,-14.982052721537462,-31.835425582600806,-33.0097605554137,-13.168647824979681,-5.81925300769394,-21.247189893228253,-37.16407629225981,-27.223883988472032,-7.683080379396859,-15.98012428294595,-23.879221028125862,-28.081313908690728,-14.573053878118706,-0.427259539850283,-12.049521402978314,-23.73397874559571,-14.956280280404336,-4.368543900254113,10.461223384473332,2.6632368788350274,-0.19713884746519617,-1.057282417285734,5.119461262008039,-16.484577979392764,-21.68081392202435,-39.02931592499885,1.378263471494767,-30.98802333943001,-50.164767934054886,-32.210326176954474,-20.562032850592676,7.350905763212497,-11.828768544080786,-39.03111052295058,-35.94509150410955,-9.924318208336468,-4.288784337820622,-12.431415480402551,-28.32886301962341,-25.759230883928346,-13.473736343451034,-6.41465353431952,-21.00065244225467,-26.158781743767427,-23.808206565700846,-2.1642165521114336,-9.123027859664544,-16.355129753035026,-22.58697060432012,-6.290206706778873,6.002096425015026,-14.806745356811977,-18.914893934639505,-11.114557906394685,-0.10818998197593421
6,113,3,2.609348395731436,0.4773737410674009,23.86826207988509,3.33903223797452,13.632126969932695,11.694423579179292,9.641542430399218,13.163553666550571,8.934455093450659,2.59072979578249,9.353043594920054,4.028962587437976,8.120040771111324,1.9020574087299744,8.84248453583966,14.516507319788017,-2.5560149554980964,6.4740862897143,0.6491780295718195,4.59157240054593,6.730497486662213,8.879918993087252,5.142637402818702,8.816502383841971,1.8255417176647255,-0.2928220161191392,8.474521958360041,10.078182250403279,2.7687319492148927,2.249742377935568,25.21817539641405,1.205164249259525,1.3274340105992617,-6.719637051224709,3.6372011410322322,-2.538660622724308,1.5150384190378778,6.986353638036771,7.422604942921454,8.744420596858392,0.6160728059163901,-1.308433048154526,12.244174758528876,8.565160443623004,8.954960738286012,0.17770627558958418,7.642895258236223,11.807134128913917,-4.392423148221542,6.058186533065825,7.330911939691114,-0.6371582465149774,10.297356222165611,8.55906108469225,9.849196337595044,5.493381251467439,6.040579465127025,3.604194671824213,9.531446715453406,11.174712474298923,6.851786602799573,4.438541064402315
6,114,4,-13.483387956577472,-16.60092103325126,-10.692725542092282,-19.547871210708887,17.637241310235584,-20.13521724132957,-14.136864344316836,-3.3569600764980017,0.24140047963435948,-22.260309580827087,-5.391691306878519,1.6299447377053355,-9.578878223805168,11.414398245189757,-11.598561421650022,-4.2330333671032845,-24.68802944738874,-9.773204754220275,-1.3968883780876111,-7.586071194172265,7.615420626203822,-3.4881475401088258,-15.115589743162063,-5.609292673719372,-6.341708565585129,3.3314589904848386,3.283823974248837,-0.8361533622643558,-6.497373332701074,-1.8697292778425172,-7.454760372593276,-23.417937421966815,-26.655569519228635,21.01454059064398,-19.10602020889679,-39.38981636322852,-21.04866965651149,-13.45994036585637,-12.469380313394268,-4.866793507551099,-28.014677998496264,-34.66989921119701,-4.637221692334407,-13.941261159835337,-2.8094289523163227,-11.87692768553772,-10.625361932313815,-7.5693211827154565,4.829599492229162,-16.889882518660002,-6.956325857718358,-6.823201930263965,-0.6683146471452959,-4.893219631937583,-4.6346623033693986,-8.083889022830128,-1.285811952019973,-3.8588913853348408,-4.163165860695812,-9.332821491197112,-5.972302857422982,-0.2909718554058096
6,115,5,11.499406164648336,2.26211981835389,0.29949498982963874,10.771899404413091,9.222922941851548,26.416407857090235,8.98855319864503,22.157663431904474,18.718051381681757,7.156332446602963,12.78696341649061,18.366123458915734,7.351756708844128,-2.999685247246993,-6.8059771576124,15.824551969403165,4.932646261346407,6.8078088218846,7.9236974890639145,5.435373160397492,-1.8283538970096802,6.421634687837668,-3.6997668322675485,3.5890544771512163,9.419506834729063,-5.046577986457567,0.3969110270916698,4.186341928045559,8.00936533270472,2.722287284755488,13.991165707833371,17.050394730278985,20.678184806687238,9.49979687964248,10.799497214895554,8.822490558119071,12.945021182889262,22.568321256807497,10.857234022012216,14.724549758179878,1.0897585957697231,0.866316894319183,15.437323426515446,8.512653446756303,17.20929100646116,9.067973627413553,7.562037922123943,12.16080745554916,12.9677654506366,6.768425443152921,4.788563372970487,0.3388658431472197,14.143444620209142,10.300106780694383,4.106304836436745,-3.8803160956225966,5.488768199345145,3.0779092260068524,2.8758244880179795,-4.820126777696538,-1.4230247185474667,3.6581140627812014
6,116,6,7.61973764372581,-12.02024586352792,10.055542629944705,-1.3792257031834712,-19.061635179399715,-16.349092063743907,-2.380202088198374,3.8931684156243747,-0.0888870529739596,-34.621579838598656,4.68720013868041,2.8655684776178276,-9.823688991049798,-14.249809420326866,-20.363635917989207,-3.216947467111779,1.780299491044588,0.8547410869334902,11.007965238469582,-6.539377817566076,13.454340610198864,4.575291289025126,-1.1592189825889538,-4.396277680811357,-9.851792588276314,11.248175322049768,12.735196464536036,2.7742824478688233,-3.115189644462632,1.8818292202819809,11.37664304348277,-12.478729665097662,-43.45607176295865,-12.93888478707976,-1.3955254311014609,-36.62271246582087,-13.720779712243772,-14.440392563960007,7.990561661128769,8.379079222088542,-32.59057352237585,-14.305584954029715,-1.56604690283605,13.644745013971884,7.508445443085779,-14.774429702631593,-2.8962253784624576,-0.29912485061895044,-6.4593159386933525,-1.1044672364709762,-2.1270224362975227,-0.7946362285988344,-4.418251160571991,3.758268400129476,3.7756720352463597,-1.927694353797449,-8.248613364154066,4.848951961118274,4.539133290868118,1.6501420583212516,-5.959715912163978,-10.755019861432471
6,117,1,7.4463360772082,-1.3148468953398311,20.505190368023374,13.596635142023233,0.05494927738725092,12.647228373998285,9.00575331389541,13.46293759307393,12.02406954969757,1.3925220296014016,17.337444338385342,0.9565421549359157,13.51442711141596,3.9901405285657736,10.206915149397055,17.533565647298143,8.140614434781416,17.392529199081586,17.70913799961166,19.512878680919734,25.4532051066692,20.134477398653576,17.488409754888313,29.164566163950404,24.804964546858137,24.201565269230315,27.045018280106696,27.09253626730201,25.453007780606068,27.312746177904497,9.109373633772497,3.1517238122263396,10.32990643124255,4.774940130346247,13.976031502413493,-8.787911419600544,5.684735322430753,7.272151403662913,18.347874833816075,11.311061685859437,-2.1572722196124667,10.666354882678515,12.171895991556536,16.483973638677014,15.540801741915361,11.271894128720573,19.934082141191496,17.029833404165576,6.346074875512321,20.138485892516808,15.310588580351787,24.422941090675398,25.32695150852385,20.585646837495457,22.359236508971318,22.853693274599394,31.80585411965577,31.31336475972361,22.832823658225735,22.97460638395534,29.633398407820337,35.11193534604659
6,118,4,9.904503129468091,2.312764387924178,7.842278960092762,9.76306604228278,-17.83656344323692,5.686517562660413,17.742909293894357,18.067430267280834,3.321492816741782,-7.074377255514264,14.125442869484235,16.523042422622765,10.096116339924134,-6.502590848132967,-2.498660503818494,13.645805747452656,4.416197423505165,8.731660905714357,-6.397576670321387,16.62522576765225,22.01205129083246,17.115063257015702,-5.967474067481467,5.444765770853288,2.1793815394545524,19.56104407843384,16.074820784011436,13.294377331190347,25.301752408449634,12.820864248770937,-25.665847917882395,20.413336917576274,-9.795986219110512,3.8324713801635797,8.813202857925765,-10.757949286117782,4.85663001866239,13.460736021240493,-0.011884044356099743,11.595477954200588,1.422161292829891,-1.776260120839609,11.121847586433704,32.804548712424555,18.900315076885065,5.343322327610376,6.527061858100864,14.696575716186148,9.34444659948349,8.843600687988264,3.1824854682086094,7.200267133280274,10.147716742349646,19.588629851322153,9.611243164848256,5.077062315966295,4.914638132674668,12.663996869590276,9.720747000923968,7.763123758296228,1.397067199938181,6.813778590569946
6,119,3,-1.790715830849209,9.080745707924773,12.249953418424942,5.888947815293584,6.5725076940541,9.292531558252849,17.56771306229029,2.9562624011461334,6.175528823179423,-1.1262742220424118,15.767382532917523,20.439004562516903,4.757012200223783,-6.417471969767091,-2.2514012641551684,16.962272399400426,6.670534429750859,10.694729903837805,0.3500839602883638,17.840430201871744,15.187276540823813,14.599677446494228,16.527001855128283,15.265130547999709,17.406084609694968,17.044147423249907,16.145853800358392,15.278408462408835,12.792859228509597,18.107405652996245,-3.4645643321138464,-3.165803397085699,11.157191445187827,24.543995730005346,5.883557832300115,-9.953001558479688,5.7691326332846415,12.2249950182556,17.86083102409115,10.747008718169727,-8.460140195289032,17.976440346254627,21.234423951313985,26.14653353865552,10.93559988960908,3.7350120482790263,12.238303691603054,16.906731136120484,36.83606450051274,13.747871930006797,9.296700571300228,13.070460870998302,21.792735318159213,12.99055320339096,12.526413997998699,12.272864357494498,13.259921600269829,23.058467212610136,13.248882352192767,14.602286143909861,15.609380342634157,15.85116325845804
7,0,6,11.471286755824673,0.7142599739543196,-2.3249745775672896,-14.035376299218063,-12.726409397610439,-12.17660302396228,-5.576989126885763,-5.641137736236176,-12.06551505434441,-11.261210250327501,-9.095020702926488,-1.25237032490578,-10.269463327963178,-2.130995173824997,-10.686739845246798,-4.364413637531602,-4.980208012752417,-9.802530747724743,-6.56107322035766,-4.559682825512094,2.712100320563808,-2.998823620197249,-6.6735837862645155,-12.69944069988844,-3.565679942916445,6.243436707058782,-2.5814629150327395,1.3550640089585004,-4.124062255933519,5.522245145425559,10.481636169944354,11.54960443956277,0.6647856585630332,0.024176504860472237,-3.8910679590047863,-14.129134978860522,-14.631466037253057,-4.774763064050092,10.813246590093849,-3.990486411843449,-10.511813516660432,-12.04954216465717,-7.51311397110112,-2.3414571872094587,-5.4757933629046365,-13.255256903971107,-10.593911657518731,-6.147617061917741,1.1782009544577918,-7.100659428028075,-8.010631702113443,-6.71262526512146,0.4664362351432807,-2.356672172082542,-9.979562227864092,-17.234344270352906,-2.1505136811060894,1.4578419505822935,-3.534483153463865,-2.4508875212291388,6.307155496083064,1.9411330653138732
7,1,4,-20.91702886024582,-18.31417270334119,-13.0306390614317,-1.273081024972404,-9.421051368350163,-8.739441983776574,-11.992874652419871,-3.163751386338845,-2.087942791767645,-8.817662153892767,-10.943152773131546,-3.8004558966612203,-2.0527438873129835,3.4866397829226585,-6.9143429203867575,-5.298234534540739,-5.192114834105825,1.3249175932496895,-3.5020276251044584,-0.8081960258551117,-2.4009788794579308,-0.28399765103055985,-5.346370377668705,7.145675239107781,-2.4525584119894512,-3.079756289381227,-1.7809253146235884,-1.6996337295362232,-4.4339737747228005,-1.7105674760859109,-20.896233852553074,-15.80112643688689,-18.017056338286398,-17.74760889753178,-12.161711486595935,0.5030976358585334,-6.805413409968178,-24.273474289694942,-19.736071119925427,-2.3565924496094635,-1.156258129841285,-8.386956706688528,-7.577776767269825,-7.92670310297754,-3.76197732460299,-3.001766485230222,-4.900884265920554,-8.107976029223833,-3.1358741670122896,-2.5098817640512316,-3.1232473993469485,-7.6083087554221365,-4.377931276324956,-3.2216996675749052,1.311763402347156,2.0344352932283427,-7.070424425410012,-1.1911246413081062,8.061728236981004,-3.5559960518532034,-3.102988747311983,-3.5508858971695227
7,2,1,-8.481406858054605,-8.745380794833888,-5.31557690632734,-5.441361289176088,-3.4206917380868687,-3.119431468226562,1.206149061108235,-2.9255184489983788,-7.4608873944266705,-7.438009467668738,-1.8349912424299228,-1.2830929044008021,-9.342760182070979,-10.979304584816513,-7.713262796685913,-2.0322282291273006,-8.467171341738744,-14.140161744716412,-10.397118022142932,-19.98716122220928,-3.2427117712426643,-12.917503651909438,-13.445863533060903,-11.714217644656172,-10.142774777532345,-1.8178837151329097,-9.925873115917149,-6.980126959868008,-7.677993021973572,-6.741455342325312,-8.885768538568074,-2.7247625770183577,-8.808802656874782,-8.811031946781789,-5.357113569110303,-6.69790219088517,-5.205437465389142,-4.987888589671742,-0.3482748388437688,-1.4793149657382787,-5.588991006604885,-5.334182388240065,-2.2441128941746897,-3.290036572239974,-4.660958279526179,-12.460476540831893,-10.139982736294675,-4.328612061910238,-2.1509701232539435,-8.370602574887988,-9.359451090502434,-9.43709077227793,-2.9964791201622925,-7.159525223871379,-13.931822720472141,-18.499146377948176,-9.108006460068282,-4.584448769313807,-14.79882687860646,-8.1094430809409,-10.64335506700161,-8.766556829628652
7,3,5,-35.67403995409244,-14.770692586898804,-14.735586732398813,-18.534052699213706,-13.895622119826427,-13.236350081997317,-8.697426626265687,-11.307214413156245,-11.176333203928822,-10.100617718644347,-4.686552932368813,-3.474668979803781,-4.901012794250938,1.8876300377873467,-2.9066470945026834,0.48409326446083595,3.438911643038254,-3.3191768894846554,-1.3977663485821679,7.1849692045006766,3.2913883673992554,-1.7148398772796316,1.5193225145794274,10.619023372157951,4.578873450663394,6.685678668944852,5.772763489847774,4.5002852535534,11.345431518445652,4.491381374914653,-34.95795831520385,-32.449769509274795,-16.6000596121317,-16.04695581154125,-14.946292522056698,-19.491447298355943,-15.62374035852235,11.512920977207044,8.944558984418283,-10.082136298643379,-12.823638477430844,-9.011583957537194,-2.63926936937042,-2.5662079874380703,-6.064778663161234,17.891289630314194,-2.538091423012678,-1.1961903687134936,-0.42399987101373104,-4.025175673977997,0.7049837358755178,-0.7557876922542273,0.6159672233866664,-1.881850719065745,-3.6319958555125984,0.8939684066558018,3.0443224771766038,5.210436772827694,5.069995782931517,2.8499087401461325,-0.6182984980731869,4.732871734605329
7,4,2,5.625213621357432,15.597330183500613,-1.6235098463097004,6.31090056305615,4.051847297559133,2.5039739474972196,2.212548248785004,-2.526732227225538,-1.6159975728298335,0.5230637512470767,2.91712429834439,-0.6556601351320107,-2.5295820021093243,2.0110388370401178,2.9662617746081845,1.6652946794837151,-3.6631705062236737,-5.145441544832801,0.17887079471540612,3.827052298064415,-0.6982958890361388,-3.3140313499493574,-0.1311736826035314,-4.719012950319889,-2.2719458451539998,1.5422049558653312,-4.667872165988496,-0.894314022394034,-1.8979654078621686,-1.2252066738153926,6.2024984314083715,7.9931386327825225,14.995461115431853,15.04521454420939,-1.9080171782932271,0.1828152733491501,1.7024303504298501,-8.782831111076725,22.246338476869834,-1.5703524852728066,-2.830248324768391,1.9148601544793789,1.0235155400047764,2.182676608009809,-2.1064419178065004,-5.0597977550649205,3.6107533005429673,1.2849011545569256,0.23780739438015952,-3.1334276657222158,-1.9394975991737908,1.4607626282859878,-1.6811124535118482,-4.498392801027654,-3.9685835123527795,5.852441879489077,-10.403176541201676,-1.862185907379792,-1.7883666867344843,-1.320512226112641,-1.3039099321041898,-1.3730624152302013
7,5,3,8.92647200806929,45.9138088535699,-5.824897089541504,-3.3040949256477354,-5.3070719664428045,-2.6929496000180135,-4.83670893588626,-3.8819690726799654,1.8677702182449623,1.8053456140091544,-3.6320357919534345,-0.8343182003875143,1.790405374020338,10.01733181234903,1.2835183932088199,-1.8274214382044884,2.8319103039131046,5.855597494845852,5.563325336589143,0.7864659570112117,7.0466600668945905,6.710449060788616,8.059365895713059,4.390916897725067,1.7336758786085524,7.048415126670836,5.861656050606654,8.089126794848855,2.7845811448173525,0.9299960627970167,10.259637617687813,12.810710314791889,7.582913429302408,7.489828296687191,-6.212723061896677,1.776183135233958,-0.9724457546977763,5.081461282060816,7.9772366909594155,-3.9432546808838667,-0.7409361458678783,-2.691947908799462,-6.996653949387556,-3.650703294764885,0.8594077113425241,6.129804887104684,4.8272909136352675,-2.466399506733911,3.260953864798224,6.034251105312902,6.870971439065555,2.7464615178078677,1.1184266648615881,5.177094822395643,5.7398426981256705,3.6379611772575906,4.909863442818564,6.8925508045387,9.792930948809257,11.310675774939453,7.7195783839447385,5.657389892191385
7,6,6,10.471150054051195,9.829087181124695,-2.113878808555722,1.9850052848015327,4.593410272192405,5.675148903085605,7.802984008974419,0.35002104341756635,3.0421818243992744,5.223045741704083,4.742006174430657,-1.9769966930787009,-2.101021596321428,5.583331311962042,4.796023248765824,4.719544815757065,-3.9131127191911905,-0.8744809608296035,1.641428389688727,0.7544049460259152,2.026484327833736,2.2712500242618607,-1.4751931761658368,-10.006827813777615,4.978687852337142,-6.460919015962778,1.455820938440965,-1.9933064404829608,2.6775130278249155,3.265124333431811,10.388076738340827,3.25376074143583,9.982287921829196,10.063650489580347,-2.50106210079862,-1.2462586179693662,-0.868138675418933,-5.286440995118652,-1.0680836604534736,-2.3241857262413457,0.585435216110654,6.6964439689039725,3.1350055088256426,4.279478979478707,-2.598490607788469,-1.094041838387323,4.214271013585215,5.579524232551639,0.36045839728378637,-1.9010678265448206,1.1529784474561635,3.1316549180646254,5.048921646465117,2.7034845130926937,-0.5115671647363339,-1.587163060554303,8.768719684020278,1.9024948895818028,9.73583364215248,1.5724709838452715,1.4080485070391182,3.4361904042136904
7,7,2,5.53564749868791,2.511942638055899,1.2976608508402805,-0.32146133500628515,1.0595741312405678,-3.0168707200848504,-1.7581936337689812,-0.2595508229668921,-0.08693804491947321,-2.501381236423809,-2.9148507277231386,-0.42891940028156783,-1.3784960311860193,-7.40722930576743,-0.7443133188048141,-2.905069261312305,-3.0827390251953797,-2.379612164026716,-2.801303048595427,-0.749534188111016,-0.6211925263732393,-2.685131633199932,1.3940566808621342,-3.018594825420268,-3.181767424477671,-0.7352941621651468,-6.642582024243183,2.210992592730469,-4.200022139268497,-0.593559067957558,5.50311225091346,2.3685056267692373,1.7357500287215801,1.9994624496165023,0.993457738077268,1.2492413588277078,0.7151818246603362,9.28378370872176,3.4806964709423482,1.902344176415127,-0.48457185492464877,-2.1929942699853457,-5.226090529335882,-2.21124522529206,-1.1880665299732511,-2.1514887134317435,-1.7084623279685984,-4.65377843886523,-2.066172865929262,-2.481809541128758,-2.520199388015747,-2.8776441437828266,-3.178700514569332,-2.1072219304695023,-2.128074445784451,7.312659371178597,-0.6795086629188993,-1.4435532085935419,-4.439784081096237,-1.6637744487762958,-2.7492093048796704,-2.811536481087211
7,8,1,7.070185050951806,4.816973307805997,1.203374658455708,7.806791128614835,-2.2032144788607226,8.215252390844748,1.5359735244078692,1.5805017801296952,5.8786926055497375,7.572906004452359,2.2801760728357428,0.45880430475411094,2.4426883031818543,3.5611593523857747,3.4799784828863354,-0.5021802350870198,2.022344817687466,0.048095961669233134,2.242756660119059,2.7619602125501497,3.2507602659099506,3.9267986961640418,0.3098140009224589,-3.9510859630252355,0.8891375685315128,0.11636197134687713,0.5732826705647225,1.1152312470281986,-0.5111283986125058,0.17181501862388515,6.36394262194304,3.619781246329313,4.963716602111922,4.9792418547326704,1.698206630154944,4.951275963208453,7.731691029740545,-20.89563559032069,-2.8974772691045234,0.0031866011686800325,5.619873050208449,6.014373561583193,-2.3830647303654646,-1.3254938015612072,1.2094597594596705,3.279120615297337,5.1187033900372105,-0.24349806180632752,1.6283983211828075,1.6721199304433303,2.1051389571370156,1.3793602069703503,0.3718308818458418,1.1493530862215093,-0.1569634556497733,1.924779079263897,-7.847259699940538,1.8388027262734834,-1.4282362453082982,-0.8730981411730367,-1.9650747405773992,-0.7285176402116873
7,9,4,-0.7223882426922327,6.465820791823052,5.000803463592579,1.680261461318349,6.586636965519396,0.5170983869253039,0.4538050326689081,4.743982753159885,1.8571200883470302,3.905884099533644,1.9639311985463397,0.6446732090070569,4.8657828328432515,-7.622132177123938,6.32214452381524,4.279368138951591,-0.6750988359204582,7.275231246541185,9.803257610467144,16.84729831298904,1.8316406593601249,2.156355088603648,6.527594001804729,8.738466915288349,1.7998233550205467,1.2698545544862574,4.693786076860636,4.144130346243178,7.739619868512195,4.848688626253023,-1.1172167479923756,-0.5116602725849083,5.368428412495499,5.127234904561192,5.912748040023785,4.599047753241525,3.789415752526552,-11.217098671886163,-4.265620092974928,2.980342215847043,3.475045706770132,1.1073156179315065,-0.3786650322144851,4.9058259274986575,3.86755623935052,10.952473326449894,5.589926136725743,3.7929525374457573,1.1907833495841744,-1.9530772124530686,9.593376087916377,9.409927082769418,2.7176624624194887,1.8501708376528012,6.742474645660142,9.987819118868197,-0.2773008938153307,2.788516715486964,6.128484122364259,8.706982022582938,8.411093330805805,5.8531776063325935
7,10,1,3.908317295272225,6.48238765366557,3.8893749093318903,3.014982707934776,5.789804562659385,-0.2573791016006804,1.9716871883095497,0.2500707492425398,2.8403710504971107,3.2401855333776406,3.5362071751037685,5.019896497592192,3.8583820624498433,11.445505835070488,4.812665402351889,4.4398506055255975,4.0240011898482715,8.478628035362169,7.972295000780063,-4.694769953508157,5.555529459992925,10.732903503560136,8.06039411890344,7.513477417413241,4.559651776878502,4.836221441246068,3.8654997896959524,4.5282777495506235,4.406238351999664,1.1250657626859295,4.079090844950544,2.4046397036872804,5.681118750635239,5.604316738017455,4.3197613537266175,3.016174921890854,2.266295037607137,4.360690803857653,-3.7123611251392004,0.10723208186284741,1.5405473065585247,2.809391398437142,5.3268208557331,3.969926425323979,2.9514101906718646,12.32255288949108,4.503533885570055,4.327681313234765,5.340094699944581,5.911059484022051,6.761948864282349,4.049267937858,3.3797844266575767,5.559052857019508,8.634328347224764,12.501937823370099,5.926407465802099,5.327773738766042,9.237150295793711,9.471053120577945,7.578060374603039,3.462148606936197
7,11,2,-10.011339693120114,-16.999054255282015,-6.957160423759641,-6.08544503733879,-15.015396121889353,-7.084336542138238,-5.12717291599185,-2.6771717728910662,-8.251080642931347,-9.081325931815293,-6.421673720339083,-1.9388328169517948,-6.159547945666243,-9.717764523652633,-6.202436389469702,-4.805246290262427,-5.441999512804079,-9.578440358765745,-8.060274511348549,1.102981177226799,-3.3190661625959317,-6.239665072547589,-7.956184694952355,0.3140864755231418,-9.606020672604583,-2.525464683464478,-2.9489105928848267,-8.019296309541595,-3.1595631757149163,1.1251367202153577,-9.968322710878006,-8.387528408137033,-15.686679088805873,-15.611765179964832,-8.339374829174544,-8.193433812478695,-8.872694226572428,-23.399950747355444,-6.9216734307659085,-2.116515840971615,-4.535918524693243,-6.006985450436068,-5.499189998062964,-1.0190348025502232,-2.8312588475599165,-7.832084415889368,-7.290437392072705,-6.004299726351395,-2.584879972795932,-3.3476834989993307,-8.189196764934447,-7.2377498681407175,-5.678109495344048,-5.702547458295782,-9.38204536770993,-3.576325558593409,-4.763869139933735,-5.519266808553168,-10.876898830302249,-6.2570783817095705,-6.295127063915815,-6.772510329607827
7,12,5,-17.500046585936378,-9.82173454404876,-14.910149798187614,-8.88444787088111,-3.752563763205416,-3.3622647886613115,-1.9617550432931887,-3.518182272383967,-2.4615730199871986,-1.8862959791724454,-1.8438684981679774,-2.1592490881363426,-4.030396585207909,-6.1961429824643774,-2.735080208220495,-0.04219259030083547,-6.038563477396454,-6.262649418025211,-5.363894478951739,-10.504376654058879,-5.584359546447534,-5.251804914098324,-3.2595311183050804,-3.7933026012260354,-6.577928091129626,-3.874997581622179,1.5080430660078816,2.54324138549401,-10.701764317910845,0.6668863592260492,-17.24180336005804,-12.031902844773416,-10.795580640685086,-9.32873300058063,-14.835665631857582,-5.848395510803814,-4.498689703075444,-4.432174438602155,-7.001927972339642,-2.940365646409278,-3.1427171442277224,-3.5851718755666084,-2.095672148898124,-0.8076331915572383,-4.132722383660333,-5.410346261731053,-2.624408913549126,-3.0867676898416843,-5.895764647378225,-2.700058555873622,-6.505504891548942,-4.184590003600844,0.1928005168759621,-5.335600604303181,-6.049435166914652,0.3930601281590932,-9.080993416568651,-6.3665530825340415,-4.2915207694239195,-5.7601899331571875,-3.1754607219112705,-2.5042398527716054
7,13,3,-13.557261814613177,-5.13778310144184,-3.0627063406722215,-3.354101049781936,2.7470554583308417,-1.7939953118698988,3.4603092810252614,-7.623709891195887,-2.783282521209202,0.15080740545285776,3.473414692437144,-1.0794915876737452,0.41202020599711,0.8381297769445224,4.276079615646207,5.785687248676828,4.203346192745898,1.663513004558343,4.199313080528892,9.93211331182136,0.49161878142792786,5.582187799782281,9.963775455406518,3.7962454656002667,4.913134271858213,1.9034300705463392,2.153748933907327,2.5559568678982902,2.198263949992863,0.914687997914238,-12.985672085500532,1.7800611229613423,-5.368729778088446,-4.777869867070055,-2.5851680537708455,-4.198878766605404,-2.339551403164502,0.8892660545094344,-0.08115423069812536,-0.16009243264249262,-2.6579679351118273,1.4986119076053113,3.7983950174004786,6.049740954188677,-0.7110156754667816,1.381904219436214,3.1870548287406564,5.3536565517325165,1.471297467735071,1.6628039405658503,1.8232021847535398,3.7690242109820247,6.58915427674699,2.9661820710795705,2.0284565913422816,4.281593010329258,8.00334548173335,-0.7961188127224972,-1.0494958636544007,3.0935220294064143,4.287753479600674,2.735004836149662
7,14,2,-3.183176791886001,-1.2783815272197854,3.2668173493329093,4.813963925693091,1.0866049626251533,-1.2033658208319833,0.6864314574475706,3.279705584321805,4.9256502068828665,0.5865565229139129,0.1727768125796203,3.0589525135824593,7.1379193393456735,10.409744793049446,1.5922155469746857,-2.344825524001995,6.29911143051052,7.855485497860285,5.631728689930195,1.9679953288230123,5.706691354240582,8.597427645561899,7.971426417710399,-0.11662347559112946,2.1089504266316763,2.8484239709995163,6.228802259119868,3.1580341105894547,0.43137473099660684,2.116440492102923,-2.9162113383048913,-6.261466000319984,-0.33421209075192926,0.666208257433027,3.208541148194542,1.7189261591198244,-0.17776282099870525,3.2285249043062976,-0.15697673094890496,2.529799179616952,3.667930428722372,1.493532753208789,4.73066024624362,-1.714277046275462,2.6717293265207482,3.6130534888787484,3.0085651444770907,0.21741143260122797,5.701129254016164,7.066240597493588,6.2673073636322485,1.6473007851916313,1.6974354641307612,5.106001250610526,8.160566139602803,10.244653029049308,2.8751932559591724,5.763181630840024,2.397318033399287,7.653603771948488,1.8063915555731707,0.6894053058562495
7,15,1,-2.8396796665903996,-2.0847472733840706,0.4722421315566796,3.3296187388279064,-2.234646138167236,-1.1177131251500145,0.7069117173143626,3.788671251386404,0.9585735856600834,-1.3018624062434108,-0.8625367032931881,1.2766177849077467,0.2289390243737516,-5.684761859612857,-0.42584359705754987,1.7534115442277876,-1.005087322558322,2.2752831233494972,-0.39985439819056623,-5.582706411670121,-2.7733105171738717,-2.068911802061981,1.9347598314194414,-0.450875457648824,-2.100853171915089,-2.0539183790579716,2.2023856877917196,-3.487721154511703,-2.5821808818273415,-2.516622787296044,-3.069088477913926,-15.456698644778502,-4.8093413703325325,-4.332396979557304,0.9808132949671354,0.5946625824109066,-1.4790978183339516,-7.56168867640833,1.5333719647967945,2.824894512691192,4.942598140457782,-1.3851483666633329,-0.817184107520095,-2.4756800866254216,1.218399113245739,1.1068635860333063,-0.9392633638117547,-0.35010082346228244,-0.9644636461715697,-1.30089178613228,0.24680881048893533,-1.228747831353714,0.481389764332917,-2.7706779644642836,2.813814538928521,3.837494054783661,2.4829086653615637,-2.808367616944183,-5.561135987512674,-3.569336318229208,-0.5749579650440779,-3.2787438368470223
7,16,3,-19.299776907147063,-11.658596058944005,-12.511089847343627,-19.91098423429378,-17.05807502580262,-16.399910806502195,-9.759673329473403,-14.074550541634553,-17.29045333392441,-16.529107892772227,-12.673181118420889,-9.02839457280026,-18.284141506886154,-28.810270544022277,-15.469285354086363,-7.074089625941183,-12.558574275726945,-17.300070716477023,-15.522948033977062,-14.32630108561504,-5.947849407292355,-14.357192129436209,-21.51963359990482,-15.267297415419836,-5.478585522701371,-3.3836092391028654,-3.214555333629704,-8.698902488481707,-8.335483562791858,4.059288712888502,-19.190257986076176,-20.97087302625254,-11.064713517794527,-11.41511123554735,-10.537572309661586,-9.148067210399882,-18.911237437573323,-15.113148189902958,-0.37597480876848266,-11.446556242787647,-18.474482351141727,-15.518954811663153,-6.716729252871764,-5.000705974910861,-13.503590349479948,-19.87483237130659,-16.88404846091459,-10.21027850731639,-7.825104137746301,-17.948639669012653,-19.199831054534574,-13.743432014016435,-5.788838395280992,-9.935499322847697,-16.88340134451892,-15.519304894933061,-11.509893919227691,-5.571688492555263,-10.122161622238687,-12.929718172813695,-9.896648534596329,-5.216973955731658
7,17,3,-20.204222684680687,-16.961630457785073,-8.031085359250625,-13.523383624306534,-21.05974351532939,-15.504404546374943,-6.790991706789258,-4.9844184467887,-11.693520237805275,-13.163208855179747,-9.733546755935363,-2.2056343417796422,-4.861501526905271,-13.002052709573833,-9.841004893190812,-6.454576856706559,-4.542814661635132,-0.9575896486867136,-8.32696527428925,-10.611240881790478,-0.4514693592834047,0.9261047691390729,-3.3045114698342806,-8.139629352690152,-3.045075904958451,0.4666755385924046,5.046865217001518,-1.9657838107427432,2.586794538128122,-0.5634525420467893,-20.243467760613047,-25.636188127662656,-18.090955282129887,-18.293320148092942,-8.019934520397976,-13.126529665981842,-18.089918407407126,-13.793752835802266,-3.139047473952991,-4.731457985199352,-8.239300476387143,-13.038638865984069,-5.476245540052246,-2.863559202794353,-2.9623793689306925,-0.5105433896547417,-10.233550911360396,-7.360533836760511,-0.6073558128143588,-4.236891899530479,-6.099144350192169,-7.232825909434574,-4.7255944605723625,-0.09376321710282746,-1.4176082979978584,-4.707086529514594,1.9232366562525687,0.4676017949766509,-2.771019186992082,-1.7954047170649399,-1.433980161369575,-3.1592795221169077
7,18,1,-1.8662012954946694,-2.8073703461303956,-1.2169543147632262,-6.267227694165054,-5.8641025059197736,-4.985083146793085,-3.868952347128228,0.16685568984234433,-2.3701056106606635,-1.7081077125196054,-3.9680251366254415,1.1197340895113737,2.808646891084381,0.12725135279683197,-2.7381559563119238,-0.4281881274428312,1.152025576697937,2.344559570456425,-2.4896851180621042,-7.542125804145343,5.506072832771194,3.187302982071188,-3.294676881465244,-3.587472047747637,-3.2433145521066673,1.314360595932911,1.8316317896966297,-1.7683739273683952,-0.830732729513108,0.6153024004590579,-1.7102262414083254,0.4704958494843509,-2.5957029039358215,-1.5728255732030405,-0.9453750513494015,-0.2534346380384598,-0.9449052716855239,4.9317441934821895,1.4049017850945629,-0.19422763986967323,-0.46682622946980556,-3.5135109464569787,-1.9925441269921822,-0.42977476456179853,2.6958127502499685,-1.7484920430565019,-2.370828038507437,-1.752161687558017,2.425026840314543,-1.7479602202954818,0.5580543658593906,-2.9093904340776007,-1.7346686469390988,3.8708448482041335,2.4063903331279586,-1.9715542175648062,-5.437904387723836,4.004921424588781,-2.1174287193656407,-2.886769512600106,-2.9346660858747087,-1.6489716224917554
7,19,2,-3.4514320490245756,-2.5362787065436923,0.5248277067695177,-2.6600421194452792,0.19934216003883476,-4.529128695185091,-4.545518161592685,-5.337896385161976,-5.493685398171316,-2.8413770920795796,-6.296141968767451,-3.182059968957997,-3.9682599913964895,-11.507513894091876,-5.46861359392429,-6.082878903940134,-6.326815855956254,-3.399125667720485,-4.563822342968756,1.0153429196613684,-2.042439492072957,-4.2651236835560535,-5.654642091155411,-2.0836792066522927,0.0741649851083706,-2.0323256991793714,-1.4254884241204187,-10.173993738510129,-7.40769020326595,0.73267487747731,-2.7092859616344116,-4.427649314424429,-2.5981626442020254,-1.931342783308779,0.8393130509762052,-2.513768640687554,-4.11089480457055,4.467674668099615,-6.196382245340629,-3.431851498765597,-5.376392665038047,-5.708140662357372,-2.6320939851220597,-2.482274883290435,-4.811455460106267,3.7794172334780756,-5.49914558156871,-6.251627042645402,-1.7416800380820723,-6.220496792391662,-5.018956923695492,-5.9387904198431425,-4.842466115678953,-2.5325869210348344,-4.033308375513228,-12.549475305690988,-10.406114936942558,-4.037212954524611,0.7368497802796423,-5.3496279194667125,-3.6000190496660487,-4.126690435541293
7,20,4,-12.441046674088456,-11.787753161656232,-6.398915461378126,-8.850454505479034,-11.137012561169893,-5.731098389571032,-3.877036286066513,-7.030221829855267,-10.321689821302703,-14.986672436636754,-7.0215527557018325,-6.63734781696666,-10.765434379121523,-8.975427849490831,-8.855316311302714,-2.891219314556887,-14.142856490957293,-3.6788863441111834,-6.604356037935509,-3.3558162078488487,-5.408108040982881,-10.11496851652316,-9.053776527187091,-15.065331494390247,-4.324539012255757,-3.744816656678735,-5.539485569634452,-11.367848542030536,-4.2922519607378575,-0.8232825108145072,-12.209421899782985,-12.399603067420236,-11.21097367949693,-11.418621406845029,-6.524628976814264,-9.617282340479106,-11.613411938817029,-14.969232571061422,-11.598644497379851,-2.682813703905926,-9.020372636955186,-7.149517741872045,-4.220427094203443,-0.7131874014569521,-9.530331033713573,-10.598197429338704,-9.023585900846056,-6.892054435072992,-4.788320440958007,-8.910002785030658,-12.171399732188485,-12.410918030796989,-2.483081515889794,-7.270719436758268,-3.7989534455998917,-12.870085706684465,-7.965279261195436,-5.563241092215588,-12.60315570398802,-7.363148731202246,-7.500150464861319,-4.002771969839203
7,21,2,-10.796227849656484,-6.22695863028852,-3.3667410679116134,-5.002496462315321,-1.350964434172322,-2.9196638301378353,0.49619706347584736,-0.5604653201951848,0.2619263748751895,0.833117142410542,-0.00048754544837853464,1.7218202931391888,2.1642661807468033,1.7354043882521921,2.1965176619975475,0.34320912609251664,-0.0281166588183408,-2.7130885500256436,3.6129604558483104,3.048612664680835,3.638484269198843,3.0102316490033743,4.590821994326602,3.795088843529811,2.897978098938106,5.503670731695683,5.1430438761372255,3.723392403128032,0.9440942945912824,5.470763127188903,-9.626757848371822,1.191368360617542,-6.196209392351345,-6.5608516926309335,-2.3643971775294976,-3.886343425503228,-7.4516777435158605,-3.134659807106887,3.8782905698867456,0.8798791042262154,0.7970363031618468,0.1478379968462918,1.2377536287644828,1.1982424077549496,1.939701446309324,-1.8158051544436948,3.7267473524410804,0.6371698697529178,3.459383017027167,1.744862220820791,3.017220832498338,3.0461085513007014,0.8577191237610103,1.6717875584585187,-2.640461625485885,2.672824012842483,-8.911394383735589,4.039845492057621,6.628718764362166,5.130430432004227,6.369540187961804,5.629845025082458
7,22,6,-15.581915677002655,-11.437266758256932,-10.026523702846074,-2.9417661641122486,-1.5404986292975618,-2.1374127191332426,-6.639754407482628,-5.767072874814177,-1.028262240607745,1.464551940969215,-7.374117867623619,-5.94997675770258,-4.323785594244284,-11.01364807057672,-7.091556133702397,-12.988867516924698,-6.235818111723885,-6.675028577038064,-5.3668550104129915,-17.47008641427611,-4.178518144504692,-5.7905225046869795,-5.075881482226915,-5.041967808064527,-7.051455458717014,-4.105040179860849,3.121647456541611,2.3129018385104545,-1.0097985152246025,-9.63374272138788,-15.600725104805177,-7.0398171181313485,-10.995095747375359,-11.48731732417875,-11.01841251664545,-2.9451566506177187,0.4652041568216392,-11.338167478387222,-15.499892763248297,-3.924294620675668,-3.31432832602593,-4.101698422429677,-13.409858089939856,-5.346893340122048,-5.622913453091939,-9.259514046787498,-4.994541082180548,-8.435531332225702,-4.058916395666399,-6.764222509568419,-7.675839032273644,-7.256709930191676,-9.828515462123045,-0.7226452126349443,-6.482414232930406,-12.2606556848055,6.126959485947385,-0.5595745427261392,-3.910670713498829,-1.5795134526802357,-4.287673724860681,-3.7564861017120306
7,23,5,-13.94217146660497,-5.309757753860252,-1.6828054778118875,-9.079863270517532,-3.6365342393358464,-0.782880526081455,-0.2246223029839559,-1.956059985725981,-3.8396479921733477,1.0534404011715846,0.4289770437313649,0.16071735297488798,-1.7665036398258707,0.5620874597622837,2.2437007616205884,2.2251041303956645,4.131711901932183,10.332118402734935,2.3352036044830693,2.461178591293165,4.038617943572561,2.324819526476105,10.23553644709301,10.577083452104986,-0.5250537405301613,4.715338779204502,10.461807377204835,9.420315641432813,5.019156391982256,3.780073151855573,-14.052288737329771,-23.928997652595598,-5.254570546469128,-4.999992463237991,0.002592694491328852,-7.721293530404206,-4.687248891139995,0.9417186236327031,0.5036161886528134,-4.684350334800688,-3.177464086187596,-0.4421310901369256,1.2590537607760695,-0.33254568493448033,-0.0713950338341846,3.9494550804175996,2.2038837132475755,2.2159874956293915,1.4893046965050247,5.400591372316366,6.998887547609826,4.8389204553805545,3.60858162385752,1.1743007006986814,9.92685257398705,9.768315805394831,11.274869741917376,3.247622432076465,11.012903503755595,5.580503625051328,5.72992825790922,4.067931099260997
7,24,5,14.737044908290894,4.461390157196124,-0.00487074639829968,-4.618858787458296,-10.399023725389966,-8.947426518547443,-2.6603390976400467,-0.9568893442998032,-2.882829508471597,-5.214292582192622,-3.5621786338686006,2.641680356887419,-2.9236879982565283,-2.1274539458497297,-2.9932570460865753,1.811005300314098,8.953728830950087,-1.1873618350562978,-2.9586342585432126,-11.450664729824036,5.668820029124618,3.5006892483045413,-5.320452083674507,-2.345836031841256,4.230372507045638,5.979462818708271,6.06552774287624,9.953595137808518,5.435949869164289,9.853117491430941,13.97030135294104,10.50328196176305,4.596198017508071,4.504473444960285,0.45144722091670003,-6.157854950169053,-8.205648355731157,-11.743225029110347,2.893532803932363,-2.046747393258734,-3.5763300876928126,-6.054571750051365,1.114034542268733,4.483102412065259,1.267137732538508,-3.1771536350431973,-6.258088932213619,0.21886062116657412,1.7514349330988954,-4.213482160933268,-5.319729634265344,-1.20179696088066,5.858145872471717,3.488394837179107,-1.7428722281872142,-8.922713719967124,-3.201445508521144,7.730689420591948,1.8783848862413604,5.163444395614334,5.884206031744438,7.194294154925113
7,25,4,-6.662171409079209,-2.31070799871189,-1.0918613066800948,-4.6468335098314455,1.3635912906469372,2.732802127601533,2.3608072512306095,-3.6058780797416454,-2.808567070652074,-2.75972204150564,-0.056671863158797964,-6.0360548662436315,-7.0857901794199964,-7.050139169151919,-4.52232113457853,-0.05232407967559996,-6.193474861407058,-6.794422090746368,-5.918762275395437,-2.0264799150342987,-7.94548588900304,-9.143830274311231,-7.73119459891828,-1.5795134287157162,2.9215740269538353,-6.4734837511872385,-7.362443983566199,-2.8420241660234042,-3.4482720205787474,-6.628802920521306,-7.019797761095454,-4.8277739948996246,-2.5702898310520097,-1.5326229935489253,-0.48458076518301674,-3.36499928839777,-1.2500080785645924,2.9816319343531736,-14.875402866215326,-2.9722183931408797,-5.694605325246464,2.4409643063753297,1.992233901946215,3.8437963309300316,-7.666859806185902,-5.793128514940639,-4.9156516574368565,-1.805611554680893,-6.576102128229676,-10.030490295263007,-7.716905875500604,-5.99725727222735,1.4361739182481303,-8.599062955449906,-7.249281849675218,-6.686254827158025,-1.3719765314684682,-7.484993001321194,-6.347827862482518,-5.8510635737102605,-4.980336552101083,-1.5399578915534136
7,26,1,0.9798515497184384,-1.1226458993581365,3.61846052988137,-5.303770050088445,-5.1761375572532415,-1.6305876912140254,5.025937352164808,1.1659775064355231,-4.628334341786531,-0.7368231451979312,2.7678414590702216,0.6106443772360068,-2.122587626527361,-9.709268282678702,0.022253006227133387,2.455576524320173,-3.2083105947595194,-3.2195235580296773,-2.6133068353846314,3.5366858818863567,-3.184001177594794,-1.634891216506862,-1.1820124906101617,-1.424655248251994,-1.461835040597291,-1.6770793086254296,-5.605703983686596,-5.563343065523926,-6.975668461652614,-5.20276934938596,1.2273517419334246,4.795141310431063,-0.7551893587905647,-0.526653700326456,3.3544334070984174,-2.906686935468757,-3.423027446425362,7.377911648849342,7.37575324048379,0.9176351909139546,-2.6015796811978618,0.7244978996175462,4.609183725069005,5.085716052866747,-0.22013264933669074,-1.4968656308426558,-3.9972762237075825,1.0607619855280324,-3.4573443047248,-2.6123671943844275,-2.466479289487412,-0.5890561835158896,-0.12921472798987566,-3.541911212363984,-3.5624445671351967,-1.8623276025783735,-16.141468061043366,-2.616324940429455,-11.682019140889377,-5.814264785787998,-7.143614318812405,-4.489648461478147
7,27,6,-4.208225885360706,0.8774768882061985,0.8120563420716957,8.085793964473947,12.136599811112015,14.497517912841705,9.705722622432821,5.600775645688036,16.089414284723556,15.84833623723285,9.015182865011251,5.445514155483644,13.079847448528184,14.5001194716045,13.065908827538532,2.2231495533587116,12.029864027959903,14.571895640263918,14.367877651164982,0.5368163460956481,13.228075478191881,13.523817884502932,5.62826725268146,8.447205259055806,3.2167934906362325,5.617661456304896,6.675790881874355,14.892918096900708,9.743000262167024,4.89350490894441,-4.4536208532773305,-0.46932596020491246,1.2454608676091952,-0.3211864563977213,0.9037186877018335,11.499735856792192,1.3275724479292572,8.535964664781652,-9.734384381416728,3.9531690554221974,13.742496792545055,12.563781987671273,6.920423615814711,4.297588084199715,10.936429494560302,8.702727337753986,14.768848802599054,9.130077827517404,13.336313731604953,14.650230974390567,16.116108161738,10.709391781969412,5.534109579813784,12.852876257174087,13.987665892873961,10.155410509556532,-2.820382773068029,10.952867667894903,25.740175723450307,11.822477922911146,10.580744254470966,6.836233552959865
7,28,5,-7.109417007121236,-8.499728778536188,-0.699155763552594,3.127985197357925,4.1148393239042305,6.8101600310083725,-0.1813127967506304,6.517471270647083,6.646145315176424,8.52795167453587,6.941887756207642,0.3958478501611737,6.206708765222422,19.379654719494283,12.593622417348188,-0.423166651846614,5.876192903077999,12.296829571125445,13.588968231297313,14.358255778802796,4.6750254106321725,11.719611406189998,17.64095749813361,25.47148634396243,11.246301127824838,7.630920741869632,14.839330866438793,8.629541796700265,16.94955772847482,10.016764404666729,-7.064822335896109,-7.495727257859869,-8.136677634635392,-8.311887635997065,-0.4785266267817183,6.037792296824616,3.469722870566951,-12.890295589206415,-0.8640346842822944,-0.8613267454954736,4.8574417970574855,10.15407636769616,4.092112049539916,-9.620619664650143,4.572358311278879,9.700244772986219,11.026013348277141,6.749707721139687,0.19164818684320795,9.910644779697328,10.709059464347716,14.635091293438505,3.1698897181578483,7.918481762498259,11.591105614754765,19.68337029802455,20.518539448132405,10.284195240246275,9.213252887169538,10.601818486979996,18.242711388948926,11.99360615505111
7,29,5,-11.553522427361923,-3.4719210978506534,-1.2550605346630446,0.04787437507610187,-2.575998256550875,1.6461440057652743,0.710997979618785,-5.008204918922628,4.471313326250441,2.634052873573481,0.7116096248390953,-0.5906339449362219,2.3308735972429413,-2.956374082941469,-0.5343343488326893,3.32667584160184,3.5269576133933036,3.503592123038972,-0.8522589463093204,-3.2447903566431586,5.042889733776092,3.789548738075922,5.176509853611446,-4.263084987627069,5.7870744052910945,-2.066212735524989,4.199153518501566,10.970143670971481,5.538763194104657,2.1128550173967464,-11.515136866790542,-8.707008593701524,-3.3007487213897813,-3.562298327765322,-0.6142609025658354,3.0367792127426774,-4.7095196793401035,-3.6237523629579984,-1.5817693411401004,0.1158035409057554,2.6097611382251533,0.4987985656139564,0.6784893778044876,3.7701366329168158,-0.589645630068843,2.569930841816907,1.5343292312832872,2.85904300410482,2.793041748539886,3.3234316262348362,3.774315944668359,0.19830948692709452,2.1968678282034335,7.24601990819295,3.6986175334399016,-6.662774150373367,6.355402141536878,6.530044848099351,2.63975683389595,5.747341662622628,5.140699359650792,6.954465753532284
7,30,3,-0.057079603219766795,-0.3724247775744739,6.369580145062113,-2.4685091205429637,-7.6359999027478,-4.105731560280773,-2.0189410805724917,-0.9031559529135064,-4.386134933498573,-8.520505896462804,-4.4907564401694735,0.6408351256239517,-2.1205090853135737,1.45590055815694,-5.145813889983225,1.5416199003641542,2.93140415618446,1.9371930613841268,-4.829250012001978,13.819520415545137,4.486315538606989,-0.6503062586544258,-5.201727950809205,0.7241034025280981,6.084713790713379,5.15090620245716,10.030711886904593,2.7420827765926385,6.309907790387002,10.176373734032433,-0.7059144498553218,-5.111722907278595,-0.36891902745814864,-0.1959472322245928,6.475974444606587,-2.029006183965179,-7.288593752854842,-17.549055567357644,8.30180038571948,-1.2949395943809274,-2.4061642681452904,-6.669524066967935,-1.0251996962853327,-1.175391061637527,-1.9767617650000693,-0.3659275170052197,-6.423109736225406,-4.654190664853625,4.52511771173193,-2.213775871230696,-6.4083245497469505,-3.332703427184466,1.7433420203898744,3.032870170728464,2.2060021924667046,1.0803646784053575,0.864646325046877,4.908316647497624,4.023788434612322,-0.43739774670429055,3.0438660071117813,3.8212641402624716
7,31,6,-8.549047984796141,3.3251645538910513,-6.587319497155341,-5.791298110884184,2.4118993095712873,5.729520544409752,3.6700444837560764,-1.6254732073000748,1.9658590707155623,1.5505769604862465,5.189836840372439,0.3233980912283611,-0.5046975981307853,-2.942333455481447,4.038179083301389,1.5369973603661577,-5.488655112842782,-5.6384652493146685,-5.340737356736164,-4.27769286408112,0.48247558369142346,-2.873017128386606,-13.03185783090389,-4.297366438160943,-8.579198863720757,1.3560346450611223,-4.299671141012282,-2.62237905243003,-5.90637930300904,-4.5501318663449535,-8.755849232843216,8.348154656475456,1.824620379725608,2.2029751725608433,-4.761068126981762,-0.39762063616909415,0.11930922346144235,-4.769028002061177,7.163828573956315,-0.41777734171312536,1.8564775682554209,6.780962090053388,4.118455811789848,-0.19545531723784587,0.4037589903171293,-4.496823905600189,2.387505567080353,6.936068551589329,-0.4582680699574509,5.453850654612591,-7.133185821278712,-0.5716517328784428,3.8773686989017473,-1.094879502521422,-6.37554117557579,-18.053278981685263,-3.583283858481662,0.5831926613705387,-10.796249983695942,-4.736000842301222,-7.945973473578332,-4.611102719632225
7,32,6,-3.9827038822922765,0.5628010097255062,5.138283886333427,2.594492948784421,5.596170770186118,4.644045813985903,1.565787566916611,8.624148076559157,7.939675548096852,7.790481387512616,0.4472145867493526,2.7459784707099892,6.438790094104549,-0.646148951417516,0.0815885899384044,-1.5297820234767772,4.2673663294635595,2.975023806503998,7.12654230769485,4.38525289943635,3.642074161788402,2.2158100994008536,9.78393412551491,10.762278757906355,9.192493532261834,0.1909789919012752,7.824962267882143,1.4362758447461559,2.7259635565995524,1.0576064112573513,-3.6082270179772964,3.6448753240132126,0.39135386822063567,0.7047311239080813,5.039047177083128,9.716004928074238,3.3939490209492624,11.628072935815268,-25.899146936288705,6.152833472778333,7.436267719581364,1.8947211285576042,-0.2605745781002934,2.17420707571302,3.9568564153230983,2.8830999151076657,2.4525982082662425,-1.0939310561424038,3.650375302108685,-0.20992572634003914,1.3556623132501904,0.8681166031193442,5.658630864308553,4.578385808913992,3.5527074905112386,8.444218004145092,15.548068508759235,5.145680882331985,5.787358106431982,2.272725782561593,2.778961256055569,3.8359384451277263
7,33,3,-10.467143506581175,-9.272960823494941,-3.6045174619932543,-0.1632789886516117,5.664778031726798,-0.5524744949099123,-1.830966982382874,-3.526465645889047,0.021676866505181636,0.3207654728179392,-1.2922759985823828,-3.7459556641037297,-3.0056754800650065,1.4583161110285587,-0.8938974898944555,-4.506875608731473,-3.27764917021935,-6.3708033214618585,-1.843225859031762,0.22111211160535701,-6.170251239999769,-0.4309226361887036,-3.553873013250709,-10.00162468927844,-6.009059698320925,-2.741320445747457,-3.1108378427452408,-6.0187302854809355,2.509172645715496,-6.455028954098317,-10.748105185867358,-5.952507396115037,-8.811625823694802,-8.857926823792942,-4.225705560014606,-1.128841800785557,-1.7659895514569626,-5.8412511739113215,-6.6133220266740995,-3.26866109167203,-1.5963416898327827,-1.2359187870713042,-2.5655165973755474,-3.3853687638411185,-2.0695012866905533,-3.906198827214766,-1.284382593806654,-1.8754065863606402,-5.668336968335161,-1.5707070654848723,-3.0905083134520495,1.2200212307705922,-4.765017066187819,-4.800605959713278,-5.848506339643963,1.2142862877694938,0.6656365691366166,-5.629494888867005,-4.065351644258313,-0.4011175267670949,0.9092853856727301,0.33117624576680527
7,34,3,-7.1476119928688036,-13.266740217941202,-5.915806078934111,-18.13273572403847,-19.11264489292701,-13.398414622390323,-5.075916917756108,-5.34004151201864,-14.2056312508052,-11.953336881609953,-8.111238062376062,-3.7488896694920255,-11.11678497384235,-12.182617184620856,-5.294555907773717,-4.182772874189028,-5.864337352785943,-0.9880108464929478,-4.793926921014378,-0.5041125886356623,-0.6504968403861291,-0.5189375880759254,0.9393253838870572,-0.8542399759086348,0.9464609142841494,1.47367745481159,2.3754505874907097,4.303261030452233,-1.3307501175298881,0.10788358965456993,-6.815850744713892,-17.22178855036362,-13.493777820011365,-13.65395452127587,-5.792884753772806,-14.684601095800359,-21.96534135537903,-14.00128092744001,-3.0891964032837174,-2.5652240863507867,-12.005155787417076,-12.239182591784699,-6.33609194737836,-2.401586023057107,-6.807944067390405,-8.85914560219148,-8.255592398517253,-4.214124788726088,-4.30194025109068,-7.565260782376466,-4.431425376091061,-2.140231421856187,-0.6097624425197063,-1.5739247251881237,-0.8744232965315254,1.549522141505761,7.060492316286486,1.367074735195762,-4.760846509643626,1.3129512620749104,0.8413429003458747,3.2797809595969043
7,35,6,0.5599113575210533,-1.120678130139756,2.617481679905479,-0.6553099910173512,2.1786390600609593,-7.935039696170064,-5.35327987738305,-2.34494964843162,-7.760073551839982,-10.004926522512262,-4.905032568474915,-1.1123990973503106,-6.219831962956163,-15.818849999048723,-10.057170897563239,-4.781180548277207,-6.433126020972139,-6.4292258622988,-15.366343546846164,-19.85449399008621,-9.02338196337223,-11.766670260078671,-13.959243440205558,-11.790359152617258,-8.918755899796757,-1.2085025039297064,-12.267649348688916,-7.92042297914215,-6.975092193390032,-9.642429409599746,0.38651851627112455,-0.6420761100740577,-1.0168010388705406,-1.4976944451407712,2.6520822795743997,-3.227877914090641,-4.528689859196449,-5.899948393653435,-5.247749677336798,0.7302505715534369,-6.137627439709693,-7.379684433409176,-5.095612640787919,-2.3860607989041545,-4.71374329197698,-5.7077594392524125,-14.081424703866961,-6.923508245554729,-7.069440527671447,-12.062736186221615,-15.727072308339709,-9.749595077481215,-7.96523043756067,-9.419956692835175,-6.9243415537767365,-13.634936817944423,-16.024973195625424,-7.418699287568078,8.948281918402488,-14.299460995283606,-9.326685410628956,-6.026433076618646
7,36,3,-2.8969498171482404,-7.6489457162246115,-4.19473034807867,-6.360915617733381,-7.76239585383829,-4.448235961551801,4.405821757351344,-0.019296921312627002,-5.731763205059421,-3.209502832739039,-0.6680298334884858,-0.8799721658763637,-5.7924149877664295,-11.358563435604655,-3.3698257909542524,0.6616699257524822,-7.055652556373039,-8.320392590180807,-6.412016419262243,4.025911347069579,-7.9398395559954915,-6.904495059716993,-4.628219136627528,-1.8226880300790071,-3.388741505157668,-8.060677821543521,-7.65202599891075,-11.068693501647656,-15.80757059338617,-10.281527238943402,-2.7755221165035184,5.456239516795731,-7.621906122351746,-7.820366269880451,-4.900808847037982,-5.813750574546982,-8.769579506626851,-7.353336206334213,-1.9544910160120492,0.8613444855209524,-4.74022452701337,-3.619027871010318,1.5598974157019696,3.6902322293281897,-1.4242297137963933,-5.713277355563349,-5.439021205302422,-0.9732345183402643,-4.033427972709988,-10.411264902571359,-7.85389434809374,-2.633069029486762,-4.211009107212106,-7.912471999573274,-8.238081649513681,-11.305375161739747,-9.753734468255287,-9.722843462226502,-7.848097289844252,-8.838372928130147,-5.79733896157534,-5.110393345174262
7,37,3,18.269351906710998,1.8423572161792832,6.653294160280644,10.046259239315987,11.977402623492946,5.277754319082132,5.028343953405191,11.450810879014622,9.16130113781134,5.420247292464098,1.2680463171109726,3.1928651767283163,1.7242224055921596,-0.7713484104293977,-0.2347848631623319,-3.9736537750151655,-4.447393893309664,-7.0958374271385125,-3.4075552963981073,-0.792777129221798,-1.5673431777679245,-3.8362220933496896,-6.6303408005212345,-4.8978969832746,-8.671889521181583,-0.407304507021496,-4.120055775407975,-3.9145000098647955,-3.6640036801744404,-5.737218982880801,18.308916326521388,21.973908343874843,2.287471070022479,2.4616706009056935,7.8533935665831525,9.886375147304154,4.444787892768519,-9.536535799392594,-2.831032814355794,10.428305968557046,8.426857894286513,1.6653079739431054,-1.582106140109984,-0.6463396072149192,5.64337596349509,-4.290288621060005,-1.5139377026807344,1.6666906833103505,1.1849729888504608,1.7618500295935604,3.1581182896000555,-1.3918318711618742,-4.838548218581552,-2.402450277802262,-7.188962488473543,-14.461503362322858,3.0722572984906447,-2.2212393836135327,7.539612905099629,-4.19233711322247,-3.4634825803805143,-5.472753073696453
7,38,1,4.845484355146566,4.468414792391716,4.305982288450183,5.44237178673105,-8.952735964345129,3.3354468116673006,-2.6497997714081643,4.601020029586989,5.744438671376324,2.5656805666640565,-0.6081668707093495,2.3103180236137675,4.173913342298986,6.100203659090144,1.1696560608631965,-2.059152550590738,-1.5532316946259144,-1.2360649652745022,-0.38141280527385546,-3.9365712759970926,1.7110416798915569,0.3932906087010927,0.14497937080336853,-1.0938601229657856,-0.10120453415211372,4.305202230265955,1.097392420625178,4.998046740088844,3.1560087580370118,-0.934503392475407,4.955034283148811,11.694291431206928,4.440630634729867,4.5352536736783104,3.7300580879077074,5.079223243178938,2.5223489235745866,-4.26788038944133,-5.94110837506085,2.203932453949208,6.33938497704704,1.3982760343677954,-5.761891872180192,-7.905739778266623,4.415589867046149,4.362760624303146,1.3274527721379599,-0.8475210669644966,0.5167792324408341,-0.04334929187941032,8.307154213419045,0.9506889829730123,-1.9527492687878465,1.9710578085036885,-0.9248062201616605,-18.743194057328605,-2.9122713168446963,1.1362742522685987,-2.517801837503013,0.5580897687184745,-0.9397597437406453,0.711689397283807
7,39,4,-36.82809074186698,-16.144255645663986,-23.577952894132302,-19.72723829709901,-14.193097544970318,-9.144663449740273,-2.798205001688586,-8.070481386524055,-13.096631480613723,-8.887386321839758,0.29219241740136637,-2.7337417362950642,-3.7134160141051753,-10.617082241627317,1.8727473787915137,3.433340624292811,1.2241119765222246,3.7602178319016604,4.493513132786239,8.733126335186745,8.28954589199531,7.269234774759177,6.283023315737384,14.750017401239859,10.478671149055403,6.593900970160602,13.846927837519788,12.936095852887538,11.23652410893361,8.490133456794958,-37.636331244212826,-31.51141902331901,-16.51389287739266,-15.964077471823597,-23.931506195611036,-19.513766862270316,-13.570602018931298,-3.022135909925012,-14.285903539962879,-9.384425360391413,-10.547539854013337,-3.2055361831515343,1.64173858244222,3.709839371600893,-2.189058683785645,-2.658654895622463,-1.6932915440169953,6.079187132895178,2.628189380996204,2.107332720350271,3.484126843455271,6.814459119809839,9.633250811546132,7.683280363553997,3.6906134527540067,22.785619048310867,9.470002836025342,10.799365681897083,15.03535351253301,11.305268849178054,15.50740488973537,11.660156112198324
7,40,1,6.7915190552792835,4.114697468716918,3.9456613450879,6.7374177953092005,5.905483780406056,9.41221853218428,10.03680585997133,6.342788773884136,4.747577295979346,3.1037908956045053,6.976479378597042,3.9955388894986066,2.0951846374607643,-2.3521736717851067,2.4605004929187824,4.833101276717172,3.6341896281725323,-3.909256811094721,-1.9116204132939247,5.0762138537517405,1.8784602443210598,-2.574136760540127,-0.875380571704448,1.1257616461186495,2.9482812217618455,0.0826344986207698,-1.392093313426324,1.5759235087146117,-5.811729615565577,-0.9658375658469684,6.084288410297261,-5.275826415637646,4.1419497910069305,4.129057222023247,3.7841593695849856,8.297505802543066,5.488717136950022,4.360384935285989,-1.1386320578252396,5.384525456806506,5.28656955890176,6.3926663729475806,5.280196310725156,4.75166347379251,2.9848894805579262,-2.185074402337393,1.6395581444589116,4.444619458077883,5.043049251410839,-0.12105542875644593,1.8625803951560171,2.6492679059596322,3.8268129380374445,1.4046801559445332,-4.347474610478414,1.2824369363668489,3.677104698902951,1.2853531725477516,-3.2136910930275917,1.1260452756839923,0.06857178919017315,3.0565725042507403
7,41,4,-11.59956639284473,-7.204753726414162,-3.5311591410328,-13.24344117417024,-7.8905602301493625,-4.092821178475121,5.824458286938503,-5.103426266132239,-9.391618525333953,-5.098874618583241,0.5655532887705209,-1.552540346196422,-7.661191290653334,-7.917014785054164,-4.389064389324984,3.44205393311539,0.003620912604851867,-5.556327186013783,-5.7332612263470315,0.4582458327796943,-4.282071654673482,-4.916072631936252,-1.3402833376965695,-5.4628121272956145,-0.5451262081723385,-5.243929302104087,-3.576086249338784,-7.935070815237764,-5.696896677354085,-8.64175643639571,-11.294866880265673,-13.700002968924608,-6.919417469589063,-7.005265270473388,-3.295873515489628,-7.224591318432743,-4.903592128034043,1.610262581505018,0.763605762838469,-2.9741108476456897,-8.196966039542131,-3.6397740183988705,0.8833626074512022,6.148233062292378,-5.921323944519203,-6.019918057200128,-7.277376280084928,-1.4326371929165334,-3.0974753632312404,-8.031244941058615,-7.802961817809826,-3.5470966007957974,-2.007967465042163,-5.868405967837247,-5.04484414742271,1.06615572412805,5.230367369404657,-6.446346718647589,1.960731267270337,-7.457776160888016,-4.599810109627098,-5.84019188405719
7,42,2,-8.685056916176816,-9.427819047940941,3.4170441707317973,-5.849645371889558,-6.032030617136778,-7.205618072119424,-0.6530497547965967,-3.658126843593469,-5.239359797182971,-8.761136521017411,-3.552064879706536,-2.032285836275394,-3.7625003014123304,-4.265203474634664,-4.430366125275811,-0.5470186999158524,2.3980271658553516,0.8585877782869614,-3.0444510532997375,0.5432603899730248,-0.01802041586034208,-1.9943834895994978,0.30618426399078413,4.167633181006265,5.433419175309746,-0.7563151291673766,-2.4405653580409905,3.1393001378775116,3.9798629445637146,7.211521360097547,-8.214317258810855,-8.890692620015727,-8.338780961067576,-9.349124580803442,3.1570768491251435,-6.565598315264027,-6.552036369537434,2.7943935648242824,0.4510749177297401,-1.2544445750564799,-5.4349792482865205,-6.46069290688852,-2.505640322512879,0.9720999903766777,-2.1853579250050768,-4.444335782173567,-6.775772137976276,-1.2140956319323386,0.3968317217872166,-0.8626120208603555,-1.753083519183281,-2.789939431973348,1.3047830888138336,1.1048248187445728,0.1831167688729593,-3.260745418167149,5.480637617727241,1.313531847880791,0.5683764002808361,5.838724864976167,5.606581546741013,5.609803584955132
7,43,5,-9.383441455934832,-11.46224112299884,-3.0709720338501683,2.4780335059537144,2.7235437168785133,-6.540056700341221,-1.6449296081938396,0.04448393724181576,-1.8069189705590643,-5.101702150638873,-3.429990002067713,-0.1390847978977166,-5.422241650430892,-15.329948048220901,-5.421785209600517,-3.499009490058554,-6.109320195891512,-6.831025858659569,-6.925077261721214,-5.900196627327582,2.124289548112557,-0.8357009552646343,-12.943523832210683,-2.578648550924277,-5.664379131508897,2.7195549304746147,1.8888178200392827,5.123157508268092,3.5371334734259237,-1.6279374043781598,-9.55048769612501,-22.256084431825983,-12.623870709502116,-11.713734452226541,-2.2904981248217022,-5.079923448766151,-9.52999413278658,-20.342762143146714,-5.295455644721035,-0.5015952139241027,-2.2980856497249595,-6.961153650838067,-1.8449765061051013,-3.2326511192567104,-0.9408100894765884,-10.249444028680646,-7.213910145912225,-2.371337710925174,0.020608751875598887,-3.716686798986501,-3.726308588392853,-2.999523861742602,-0.8499764142921425,-1.563469627602366,-8.194807755420122,-6.118591951569771,50.893786461615015,4.100949506139064,-6.680320432455069,-1.3952001577084197,2.3141073882011933,4.24206405770738
7,44,5,-13.29172336391923,-10.39044346233614,-11.573493013953469,-9.25612805461193,-10.772033602544447,-10.017602027643745,-4.086882277982444,-6.685740731202252,-10.953683279818158,-7.329447768265151,-8.175794412194543,-3.7370739678096956,-10.394480984964654,-12.616686556528025,-9.960500206366726,-2.822501239883599,-10.705106067590462,-12.279030718181916,-11.186393798465227,-6.330862171493655,-6.032132611774677,-8.100933670497882,-13.72708686098184,-4.500932306505559,-9.581369900297965,-2.3550280174410845,-10.620166963466055,-10.152879784883163,-8.778230749666925,-7.59446322529508,-13.11249793538961,-21.85166516718342,-10.303385804520873,-10.024059420701388,-10.9131526680686,-9.840876370679775,-13.012144360702672,-13.499663565756478,-9.665865777423841,-3.1285392021811447,-9.254989042844077,-9.84598199390273,-7.346200717424276,-2.190188856000398,-5.955277427576665,-13.508190759548501,-9.341213472579359,-6.944227850257711,-3.632837925503804,-5.749876719626893,-16.039931013953034,-10.187396139860518,-6.8679177677145224,-7.356292388166254,-12.947601279925278,-12.064282963495337,-6.001919741674167,-6.153405222587473,-5.339190587628539,-6.348231252782595,-6.32698424719274,-5.218977253059234
7,45,6,18.88548758242666,4.320084902798621,4.888541139304502,1.3888712278680821,-1.8303154354415272,3.319407454964407,3.6699070897146417,1.9743108986876905,-4.4987872685419426,-5.528441078904109,0.6283812174891534,-1.7832831553774111,-1.0032745830532974,-9.399454324120075,-2.2710505070834874,-0.09330234824603237,-3.004026788826351,-4.442695879911233,-3.900942465290427,-2.350502928315733,-4.508258406072855,1.031670420612322,-6.309260693327643,-0.20681005246403528,0.5831837317645097,-3.9258546468392934,-6.992292793876515,-4.961442942447146,-0.4202903302431835,-5.028880144569883,18.956124635867585,14.033284374217432,3.6458812659867568,4.980886077303894,5.18563979574502,-0.010818491777882855,-6.158821163153873,-3.7587818743592956,-4.315262838797761,4.403565891439142,1.8739572495403813,-0.5015419741365583,3.3389037145250593,3.3507903662805507,0.034981715143658214,-5.526508758639605,-5.085596348863191,0.9896418045206777,-6.309969800501703,4.142734253154386,-2.5632518319946906,-4.133458108050609,2.32033874487459,-2.8969055801834434,-5.574462897902379,-2.5334467158976537,0.21946782217838035,-6.085923700343549,-6.990803651169164,-4.7407253135404535,-3.8403127781092787,-3.813858244903159
7,46,5,-6.765529926048545,-0.37959129202020775,-9.843477891133418,0.6468980321263136,-0.017191593296730923,0.8860173998400569,0.8295671097116477,-3.3592775819096263,2.1868115906580945,7.046230127489786,3.1765421458492273,1.5250796807884472,0.251449090792093,-4.600878101569123,2.586595095557772,4.260399245827388,-10.400220389807279,10.95030603069449,6.478429814982347,3.1366009935793473,3.4557399643675946,6.362320447840346,10.498889865967005,2.0294981258200835,2.288335247419594,1.968247963899246,2.516259394251037,4.182897016444392,3.823302744152361,-4.351778061469882,-6.991357631027337,-1.997986609280883,-0.7783554168105703,-0.8627892725805699,-9.786695219786475,0.922966947347474,4.265504861386806,16.670492922660056,-3.4972499614558767,-2.9588736849041988,-0.9651905195560416,3.182175154275284,3.745946839697752,-0.3134969855863131,-0.13124905981899931,2.9931241932166026,4.7334612000551886,4.373552455816686,2.9239584564049608,-7.568256903167177,-4.2780075694729645,6.5993788691646404,2.1468128878623247,2.3005455074513854,10.832716300333967,7.767067160003075,0.9674951776226116,4.56520061896796,1.4961964101133103,7.817959692522244,7.469711442111724,5.218157265335321
7,47,2,-11.594584869986075,-4.8002823216034205,0.4083239486066219,-2.9596713673686845,4.611311199052667,8.169332595235426,8.293441629423423,2.356862872895761,3.2349646699546684,5.629073841270155,5.056110351596303,2.1060740750555595,2.3064445055021725,4.811158578388572,3.5502301150387727,5.769541536733255,1.4811187998800561,1.0649325622518258,0.40598822003457746,8.019017096949606,3.2523336543377894,2.793773094760027,1.582305552574195,3.4740263678178898,7.3086971991082175,2.411513746432145,-0.5457467490852608,-0.1602165256967621,4.601587308877397,10.135998262342339,-12.044937330934149,-19.824564748773025,-4.725195579775946,-4.750143226395113,0.6366601902764379,3.2694233294303823,2.5361103145292088,1.6838513259298922,-4.449352827661376,-0.026831302783314914,3.1020757059180526,5.549005469579882,5.441467708953452,5.216295796855377,2.487562215568999,0.7035921728465615,4.4831733605256545,4.007168434798808,4.207419150785782,5.767693377531516,-0.013725894425563712,2.2067290094749246,8.545196526184132,1.9710711609890195,1.1189495912957474,6.21112303399458,-2.7581398226711147,2.0634826033194433,6.182652015727372,-0.6650515423360746,1.4210342819370883,1.1992617402702743
7,48,2,-17.444708746562647,-18.313605356717293,-2.4651452766436104,-4.955255893030682,-1.5157991658850796,-7.260858341878303,-4.442261575630341,-4.299440696369857,-6.225606800340929,-7.985630944146915,-4.118473494152831,-2.5235854836873597,-6.817880567509634,-15.659471041318497,-8.705089580313091,-4.401859506692097,-6.583259759179072,-11.188082476385032,-9.639459977517046,-12.235694670532949,-5.016647929569889,-6.946581166470423,-9.729491429607851,-12.550610065914503,-11.610836954264926,-4.602420519367315,-1.9805290576300525,-3.4898883520580135,-13.527124158776829,-6.911151898093522,-17.11391824383356,-22.425612688859594,-17.298572677528345,-17.92120109909645,-1.7321690021923217,-5.11607960013037,-7.806658100018779,-7.941275611003048,-5.25402096088013,-1.401622097609881,-7.363303821624782,-7.890507057150136,-6.519939861782802,0.03211420012365275,-4.710286345758768,-7.48950923343258,-9.520403387331655,-5.312341526923013,-4.280963684177725,-11.265070559388795,-7.408071319614515,-7.133846261606716,-6.01034051270747,-6.849338880263083,-10.654062766172899,-13.191857261177871,-19.45943950920397,-5.336278733354423,-9.126607488670457,-8.28416991900516,-5.391005072555295,-6.378218050053762
7,49,3,-9.483280977756694,3.6207252944615216,-10.138799293108697,-5.273769898976131,-9.203959053802512,-4.990330641157925,-4.193595813496446,-6.70295898230156,-8.51976581401669,-3.8727194982830717,-3.704051187670813,-5.904145547007094,-4.874478360007676,-6.938320007709017,-6.3272590415563625,-3.480248862599226,-7.119929750109229,-1.3376906207512802,-5.771730820353073,-5.345829685173203,-3.24781741478435,-10.950992994873623,-3.888634758388124,-12.22404300479968,-2.536624475387949,-2.836807763502116,1.3824227385268306,-7.27054214039136,-0.5139028143092269,0.1157636641036357,-9.284918327798794,-8.30755754512246,3.7751093487618728,3.835707942222628,-9.88105239206641,-10.341616138770453,-10.070231907308195,6.906600233468391,-8.0897384262303,-6.084368084034906,-6.195619960588109,-4.8162286948418345,-4.774381837762165,-3.9739373503593605,-6.235033705819215,-5.694915589070085,-6.403998958878219,-5.4247590519925115,-3.316016979072606,-3.3740184346509228,-9.964409219413408,-7.591458359846798,-1.1622502052213821,-4.314407491363676,-1.2566959809841265,-21.525873719441993,-10.16108778836887,-5.287899140927305,-4.751406389348233,-3.4992753951242426,-5.801669015798988,-5.524882137525554
7,50,2,0.4021457398946342,-0.46110891838907264,3.1900551938338273,3.4468936578529665,3.7672337021042686,5.151801382341971,5.836637418580861,2.8574342012871057,0.8745296341225091,3.775313191297582,4.382855200186014,1.435225533866664,1.8310202076667692,-4.10224354994006,3.004984103143215,4.2625886534408854,2.505352293890785,3.061026657426093,5.737821662298786,12.638979356599645,3.424813486510751,5.264644353309783,8.730037231180004,3.9480235287465324,2.802770104440974,-0.29117751480421034,4.963167060987897,1.4282007580963765,5.494629383015464,-3.5433737027981334,1.211303512974666,-3.192834159177612,1.0036202556930673,0.42485532683899513,3.0985700688438422,-0.27476578707829447,0.8869390936522978,8.254258407370711,-3.486130121164024,0.5036605270579457,3.279067397878576,4.59580807224279,2.658889810827263,9.287214083915078,2.096992918676356,3.1450349886606372,4.1621285942950985,2.9538832209868033,-0.7921876848062008,-2.675890941627144,0.07877419607305158,2.7573065888136625,3.2634977913893226,5.075074850036422,2.7243149083493856,-1.2092071971061016,-5.454927631880994,2.321322641608012,2.51489431320167,5.853146651373583,4.827348632893449,1.8264108847077123
7,51,3,1.0629868412435783,-1.6573303851594288,2.736750999454229,-2.01113637698042,-5.592439071366157,-0.9717764931435623,3.4440438908910953,-0.8561014031491625,-2.14785890424874,-1.836617762800349,1.3068040597263892,0.45181948855155823,-2.84122640415373,-5.501308383755157,1.064905876691294,3.4908545964203017,-1.012705900694994,-5.758084758923101,-1.4338073277527976,9.651767613547971,-1.5851907981105318,-3.7452952975645797,-5.8751957106472075,2.7956167573688493,0.33759375157334437,-3.4167915758869896,-4.6529496171797025,-3.505546655596759,-0.5179625549240102,-6.040775000503882,0.08377349831265994,-7.5908998711795626,-1.284994279079867,-1.9853598556946963,2.646692944963165,-1.6451645852861603,-6.550542790846254,0.9268847498985966,6.823620030680589,-0.2343814623600337,-2.4739383398753985,0.7437637291050789,3.9647587052870823,0.14462921213608482,-1.7125795868497984,-1.9825500162281453,-1.0038419342713378,3.114175107814202,-0.5001237824468348,2.764920807432203,1.9701447564676957,1.2830884731828998,1.3534950971058228,-3.120145008689151,-5.810404381510324,-2.8493147899720412,-4.17283188041708,-3.2684040320582866,-3.7119401680368074,-6.35085056160034,-3.37388986520215,-0.3021378631635385
7,52,4,-5.9040790678728845,-5.596724778254762,-6.4218112005988495,-2.536296418890717,-0.8461604809910959,-2.0497434611301633,-0.20081359673598073,-0.8416753030558151,-0.8423888403979098,0.17066275820749435,0.23232503664657123,1.6421108954336225,-0.2879288277845047,-10.837857550237233,-2.037360456022549,-1.4536315397950037,5.818501717978858,-5.1960194384020415,-3.210296211547003,-2.917088867508714,1.2999477897282334,-0.04148347036367911,-2.09847322946823,-10.931913269030652,-3.9799205892287723,0.4490317644142524,1.9471871232011964,3.581985240200216,-5.392219354307685,-5.346060149587422,-5.727504027564438,-6.446608166477261,-5.433060190617678,-6.011740965655121,-6.821395153866895,3.225887893966013,-3.6269034820427066,-7.236832433499443,-4.227358689767356,0.8433417424548235,-1.1139725372081686,-1.4761815112731536,0.42142489467032007,3.8402152933895866,0.32423127304035726,-5.389320795404408,-0.5125688731147937,-0.6537987076700102,1.83496020432837,0.3743615354888321,-6.317295922425356,-2.632652393597242,-1.5960004668109267,-0.15929026439467942,-4.558211483610026,-10.09041524109454,-4.84277634601188,0.01973122969360593,-8.23521854095275,2.524454169492124,-2.5858239582853337,-2.83242448601338
7,53,3,-0.09332002296180575,-4.347948801340301,4.640925701821177,0.7840727040226165,0.3635253187314367,-0.19904085503686864,-0.7280212604872329,2.023333178333394,-0.3900376385270934,-1.663535110663806,-0.1731845570455595,-0.4595045681088811,-2.683979304257509,4.213477744573226,0.3620937601549611,-1.096882725799622,1.9631068284691477,9.678231101755689,2.5205495906880175,3.550323103568744,0.3871566962064584,3.0842724618978976,6.955959238838858,4.098578333389014,0.14111911766117508,0.2837938277914028,8.758153772549472,1.6439856027434698,5.476950218942213,1.2023685966425286,0.268614277073252,-2.6059363944269274,-5.219907993067439,-3.9895600818052213,4.7898228907469305,1.6388133823610374,0.4259809897247177,-1.5171862936964833,-3.013918982754834,2.1799908285753276,-0.6417303814825313,-2.1317884765520008,1.9039619180101257,0.9885958423312726,-1.059875605605181,4.586155140250013,-0.08209825191993103,-1.7264561080714562,-1.6322851834688097,0.478947735300694,0.9437484844678607,0.8661310988160347,-3.438450740809302,1.864424109788294,9.537537421687599,0.17945580693279795,2.6668983567506075,0.7346692684946989,8.792027591318801,2.167368537564648,1.6053874280939753,-1.4644855100650171
7,54,2,6.766850640679279,8.333608823419524,5.774279249979684,9.857478573259593,10.701352172849209,10.188703534783937,4.912119325965912,8.440264704989316,12.65572352816418,11.917911928113012,6.208836162845442,0.8230077153889519,10.74807415831629,13.459921907156518,10.109366534147178,2.9839986464854844,10.420044785104228,11.112477162648457,11.186956752012136,7.771636588487588,4.8922418108573416,5.3081844015183295,10.552942468052194,2.30262844314481,5.2747937084698115,-9.607824399703881,-5.606905048213353,-0.21699031333370927,-8.226753452929053,-9.668192582954534,6.17798943417828,2.173706385011714,8.322936562775844,7.631248776119469,6.218923484815692,11.004168037143419,10.292500905283703,13.289467423489853,-5.352158567368437,4.279492246458401,10.447097608637879,9.501434364151672,5.199339018362329,-3.8395106253872915,5.205623587758117,11.817904095347158,10.643860267179948,8.084539683958761,0.6923082685552369,7.937371023846846,9.738040637065914,10.18258738365001,2.0454576878947583,2.1332909089126977,10.416029365914993,14.564542804310864,6.882711750580136,-3.5459309424551924,1.5839099390318663,2.0826509687254537,2.019889524047514,1.4793238230958208
7,55,6,-16.271382994904393,-18.89143079061561,-6.298699346166558,-6.095018270016625,-1.9794963668235408,-1.7952406141089208,3.3922605303048012,1.9793235367709192,-1.833528584914235,3.6944648734316567,3.625086408835358,3.329233106822004,2.5663630672526088,3.8071260143344006,7.178813179338023,4.596588010717996,3.3602836742633713,2.0924855692130393,3.517911867147718,12.884325763823954,8.23570606734876,6.49000618020754,4.025131267745316,4.105669513889922,2.2265223145098783,5.724968889092167,8.493528405579227,2.1674748860504,10.891590930700373,2.5861475184480303,-15.108499037238163,-19.613690505576567,-18.588486420660747,-18.51575315120153,-6.80472200945383,-6.269842615214792,-7.024641839196767,-5.891540936898532,-21.651671468848125,1.9281738704842741,0.2895642822926404,3.7819745135834344,6.415375914038496,0.8802956858729358,6.260779165850234,3.0648824897844564,5.17065514374252,7.214960578556461,5.906100046071341,8.77281932410125,3.632944147715846,7.158310820075978,1.1288329477751333,7.482200806074562,1.902884893193161,-1.3237741636793794,7.624210768810856,7.9746306140725425,3.0083036206480926,7.351833725348115,9.468247642945027,6.134024124229089
7,56,1,-13.779907315904156,-13.408054274938463,-8.604133229248411,-10.311642554475041,-10.43430681628879,-9.635440152570062,-3.9957117654564906,-5.156370845816393,-13.00076745007196,-8.788087443539466,-3.8759991840896664,-4.083921712391625,-9.335447517814254,-13.123821716687477,-5.408001718202199,1.9460791208434913,-1.0423115990919671,-2.9225357348190215,-3.7374462447492642,-7.409126249800728,-1.2611102197410133,-6.280678741202305,-2.336280658273253,-4.652852137686638,3.0491710941466277,0.04589771338534107,-3.4052285421866815,-2.502843814970153,-3.7987451512649066,-4.78282482191784,-13.959779852845074,-11.407652189955115,-13.138948068306664,-13.025196631938758,-8.781093872299916,-11.321906370996707,-6.232516197646721,-11.11904533366423,-1.1843702748713145,-4.474522088631627,-9.513910519549762,-6.873776926783985,-3.0668990262727265,-0.8555297104374886,-4.241479059028235,-11.283130981618678,-9.922549111927609,-0.05126927618118968,-3.943245797378308,-3.783671845909116,-4.634955773470786,-2.308691504922492,-0.7382458550003711,-3.1863722532828587,-2.7667998750466953,-3.407457727302866,0.6512857901209987,-1.6739060217741792,-3.445205061262753,-2.4088634333414283,0.7319125318672607,2.127272257717645
7,57,3,32.03222282630642,27.4079835666798,15.119596804128726,14.663416352418322,12.800202134786543,10.56270609246339,9.154130196266971,3.5329319663791585,2.380228230809201,2.6713925287490943,7.665818283379798,2.731663118491355,-0.72858856049673,-4.532213356845628,1.7525029569046513,0.49258049990891045,-7.70899477660111,-7.264838196200933,-1.3340919341937436,2.10030362079283,-3.046401082049692,-6.149079575316934,-6.823956954453735,-4.282975705768544,-1.2745657684054348,-5.3416679838626875,-4.537416520846508,-3.1084091095992075,2.1727621655615894,-2.5148721979930997,31.481006753517363,39.6636751659396,27.477184521250148,27.89017992882375,15.040472493745481,11.718392458301407,17.286371353332232,24.959870348570917,3.2754952065169634,2.9536571978795814,3.1806860479821526,6.320925708587577,5.951013815134949,0.9897437436604117,-1.1341070297015152,3.620020637774224,-0.8018007482651913,2.404231887696901,-1.6347316426066003,-5.115600966178334,-4.994430293578928,-1.3100483140499297,-3.656695206536027,-7.36183235780677,-6.63513627056623,-9.500818458556127,2.205926760031684,-5.9023549655316065,-3.498411107478981,-6.438209587515036,-1.5518002046226727,-2.9900172823676603
7,58,2,12.606258016891731,15.503819550739648,-0.8623549308366623,2.376580670294236,0.8497902454571272,2.518639360426744,4.154478953941156,-0.3561548845865199,0.9179543411137716,3.8507679450019046,-1.6921037948497282,-0.26886685457216797,-1.0666254314980133,5.925427880229022,-2.980590501988999,-0.5802231885481455,-4.3536217405301745,-2.9555008287836855,0.34431269181119967,-3.844691632497242,-0.2480276092182751,-3.1188597240735145,-2.0402589526890633,-3.9635930434777986,-1.3239868767786687,-2.2997166737402988,-3.365544467125222,-7.094042379369319,-1.4482732537137228,-6.02156674140133,11.731422496948202,12.66649324231122,15.618000905814934,15.95005472701769,-0.9879000193791505,3.187303074294834,2.9485604723989294,5.697273419806505,6.764998058850948,2.0281729272952878,0.33580315678107986,-0.8208316201798445,3.672105339764641,5.932975664519045,-2.170134117508808,-2.8696088397012276,1.1282657485727854,-2.9802091984566643,0.7759266940297611,-0.5891669594296589,-1.3836991042693738,-4.269427009108594,-3.9026443478992103,-0.34030611170228653,-2.6100846698462195,-12.42523335311108,-10.736595275720997,-3.353263378608972,-2.5576984809268613,-0.9209504185539729,-3.4996653481574036,-1.3180657525251565
7,59,4,-12.658409333117767,-19.264587001363953,-12.678295609427662,-10.912948775127896,-5.500625854199072,-11.054457891187287,-8.787817152171606,-5.6023888865588,-12.299497697933967,-10.700798135159948,-10.17257110751234,-5.998507062921571,-11.325917409028765,-12.110553100228124,-11.604268699339249,-6.727144399248972,-10.574575027002295,-12.062926733571034,-13.529504210199793,4.149262567118899,-4.560990299430403,-8.777180378969828,-13.178149149301696,-7.27717692473131,-2.862238490193082,-3.315059627781097,-7.249259641467839,-11.09415077036332,-9.131708696995654,-1.1694300611923651,-12.527545860412014,-13.873745902586258,-18.803677374633356,-19.583216272112804,-10.286920990794897,-7.6216800880743305,-10.109836284587974,-5.771996782570169,-8.90372707086002,-6.914728445171309,-10.009664262031635,-10.671777386189913,-6.488242243939056,0.4770464019668168,-9.527281847549602,-11.540004803265283,-14.828379439116203,-7.8600902368382695,-5.936237584844957,-17.462986305628604,-8.658132582590577,-10.710251562104263,-3.317333273498748,-12.092749594812979,-12.198572384670562,-7.1135432699740635,1.7164221413251828,-7.782268906614127,-7.005894570429693,-11.054564247248553,-9.714068184623768,-7.503478881051174
7,60,5,-1.8362366457515193,-4.05375753269281,1.8374598549633492,-5.855898867655126,1.9266447864086722,-1.7407981005934534,-0.6465169397103254,-0.3594257283853598,-2.5902204620190488,-1.0002963931389177,-1.1965759954381179,1.2980509086671037,-2.8062004856669462,-3.752249129349366,-3.9554958421305364,-1.8361568548603038,-5.022670964744489,-6.248688550779549,-2.2144496302097685,-14.410460297909866,18.105394829110033,-2.8485303088204876,-1.3283789207727275,-6.213799925600518,-3.1397034253118683,-3.296569327125326,-1.887864931032242,-1.392341480533616,-3.0594267644805893,-5.3695763000627865,-2.005029080117621,-16.325648307073394,-3.746469791691821,-5.071351930013542,1.4539728044509512,-2.338186435997713,-2.9185647291653787,1.5401706695159116,-6.296421178520041,-1.7385067714508855,-2.475095021190611,-1.414306452054895,-3.7327039848115824,3.2149497355538883,-2.764326919117238,-4.397330028924905,-2.9088542089235316,-3.8963243315087226,-1.4761903638974179,-2.482421154494217,-5.541963120490861,-3.40193551776522,-5.4594172092109226,-2.7455662450832667,-6.550852934801497,-30.36051064525256,-14.016438395284652,-1.1131924909380524,-1.5349409585341638,-1.9565475076982177,-4.24567613010181,-5.2465796593076925
7,61,6,3.445918636984286,3.109587959672623,1.3907858861735247,5.454497713459339,5.5646859355321965,4.591712816095934,8.534555371305567,3.0289789228018655,0.7116317929381999,0.7967969101240371,6.01623950021841,3.1635253667411174,-3.401168823844141,-1.5079234273104762,-2.226969933818753,3.676670293829106,0.7158332768282505,-14.344113329834329,-8.022248055047648,-8.660180200129842,-3.0738749850879254,-10.42078926167437,-10.597519392880223,-12.026145667746295,-10.188610483687828,-3.1978334061142704,-11.85105980296687,-11.915673849604485,-10.487477424452317,-10.213917169447353,2.5430197934109016,-0.3216695874225257,3.8909438844406745,3.2136511472167375,0.4614635438675342,2.223490868854086,-4.783033093028679,-11.10963618451916,-2.995060871321162,6.5631916974671185,1.4565655648163163,-0.9012989109927193,8.351425449307099,6.5686164327510985,3.3808037666149606,-6.255030815625879,-1.9781179804349234,2.876106206850125,2.002046345897792,-6.434349265000665,-14.196426007862598,-6.267781696529358,-3.136490206305141,-2.5616696218473014,-14.760166589216116,-32.73870439100554,-4.737574150067436,-7.495829201388603,-19.218334663023306,-13.135265132457736,-9.679059821294574,-6.404459873254118
7,62,3,2.3484286427690937,6.734935901479843,5.870542142949091,13.643503807167082,22.093173358135115,16.83783160468063,15.22151933265168,12.420486659720172,18.427272733300924,20.304921744527622,14.789825522136407,6.721201102777454,14.357874633653505,20.745559502665596,16.75173573304967,11.317882284522057,14.062482348620522,11.676106977072074,15.042103402560764,4.838246891138758,5.207059479454848,9.486299145058165,11.320000702810544,7.2476597642469205,9.967808566987514,4.8152448177428475,10.069141712153284,9.750853748100512,11.78650341178405,8.485599548533196,2.7360463706810556,4.837431284349143,7.286510655974468,6.911400057648017,5.929456649847876,16.913729371730145,17.995020494591913,8.17914938578019,4.568812744146803,7.686591047929916,15.183266779907585,17.616342066401028,12.687190669083336,7.809179966266987,9.709702640936548,24.91655207211832,16.702819742807527,15.129887854362394,5.458030031147843,19.630682771344016,16.477359852412857,16.56581355049843,7.2254377558100495,7.591582419680114,11.362977704919153,11.101255297183805,10.08339498501567,6.472579515857121,7.292812948047022,11.559532107749492,11.438645135384148,9.154170174850151
7,63,3,-10.61634646969416,-4.000409731959423,-7.545263639673952,-3.8578899982271784,-6.962297074315023,0.016416145250109565,0.42516997370232934,-3.7569070949798404,-1.6598478269013686,0.6985397399545135,-1.1895557082280872,0.969436353771016,2.0234750733460958,7.298618873831149,-1.5077815688635425,1.7991186808454025,-0.633438134929392,4.2171296339209565,3.8961869225178494,-6.303459238877135,2.2251750120847724,0.5671443693146756,0.5747275448790399,0.4380359871585559,1.5288025459229242,2.384110664931783,-4.601804461193885,5.35651519599302,6.224060024946881,-2.3282985751766985,-11.251814572776599,-6.564091462460231,-4.178464952515575,-4.081054266939712,-7.443190517403732,-5.432780944537826,-4.727252038059438,-6.108252117569309,-14.39200544048373,-3.876597468423226,-2.2023679516675703,-0.9934976560052313,-3.828829494223324,0.42825902966930013,-0.5818408778073589,-3.2295842148681606,3.399068000340241,-1.5753385038228656,2.007533119196393,4.851370037226694,5.373573944222447,0.4707707012094905,0.520741413387175,3.9303797501729907,3.7543852775664286,2.406399167108733,-3.8703838901980423,2.5775804262517434,5.540717647933377,7.510211074702081,4.39529585778123,3.6802957066357482
7,64,1,-4.682028001512221,-6.840155747355663,0.3103281285659196,5.219956680200994,-4.1441214781754265,-4.059443776745623,-6.050525378160426,2.6189885305286147,2.0589132260008713,-1.9658324954258959,-4.56314862587648,3.3781002650304286,3.0270377067279775,-1.686182612848536,-1.4863174999950495,-3.4239270449985124,5.647502133080444,3.7340867675715943,-0.04611048616877822,-2.481938072465354,4.722908667126878,7.189605059444685,3.4402324008619085,6.428800408847677,0.7801813912306768,0.37413109754916374,1.9335587179606273,-0.38735172729484924,-8.740572086228738,-1.2311632603452336,-4.293501843209947,-5.2068645358994265,-7.27828930847619,-6.731873320949423,-0.8942963180881807,-0.7738746542528998,9.2530300539532,-4.110970137765768,2.715428725952602,1.4852715093392592,2.8403577578095014,-2.7779198076076255,-3.4030346951061285,-4.087609116005054,2.3046362070684725,3.489374335991535,-1.0495135781764084,-2.321606288840086,3.345946182642365,1.7645801412986533,-1.5963151598655867,-0.7145790416071558,-0.41511816910479393,5.095302423371408,3.7360944731342727,1.088080776804242,-0.45886637515774586,2.7179860120480184,5.998152516146261,3.733333386617098,-0.309862770072025,-1.1203811958108505
7,65,1,-5.258417513017065,-10.758267750645546,-0.9062272714416884,-5.782890687787499,-8.52238510449121,-4.419108920299065,-9.51457527606953,-0.9585469626003805,-0.9213847121132961,-3.502045443644981,-7.191275972765082,-2.2054969729605767,2.829986866024073,-0.6201332993635031,-0.6058666597052297,-4.178504862016202,0.01766151987958864,9.317621989607265,4.5219444638663315,-1.8171789921456711,4.051701092127166,7.575020061794486,8.273063371321417,3.8560374743736734,4.962785795208906,2.900588525121281,7.075649768375315,12.818834144803814,8.259536947464433,0.1499210245390538,-5.959279613501228,-13.034140393012992,-10.40925720350805,-10.168511476387591,-1.3314016054287847,-3.096300935100123,-9.98025797698193,3.5893733564099835,-5.45050441689517,-2.4509584150367942,-0.11330390616501648,-3.6803976447298785,-7.59475124318425,-6.794656958260644,-0.24739825466034507,1.8256175624342945,3.5967215592632202,-3.3779451949067583,0.697063815927633,10.84086239633786,7.092447015178596,1.4394092967552012,4.877359205175464,6.075960553579158,9.15145763894543,14.37114409065987,13.19489751826893,4.88705648513647,7.119615139513529,9.01689808657563,5.636014389041694,6.0662722535567655
7,66,4,-5.79476833648173,-14.123883155697003,-2.1014470435429087,-6.768619006752351,-6.4706340359478505,-6.149327851388963,-10.440347663694757,-1.5815521911916695,-3.4355787668751963,-4.173705047973228,-7.300635406929187,-0.3240141230113603,-1.6540462487979184,-2.9928138911406106,-4.6462706500300905,-6.152204127255374,-3.5114810827710645,-7.350552968413952,-8.52373246839497,-0.7965797746934487,-1.261690811305193,-9.051330114283214,-4.013652425429713,-7.616078090740415,-6.113747792693261,-1.058878394309432,-3.7851389251967356,-8.241525294849788,-11.560507284579563,-7.051717030986141,-5.424993895136226,-13.094827563047597,-14.205555884531003,-14.02269640128361,-2.1187363175345886,-5.4749735581132075,-8.94981534541698,-10.795811193722596,-2.02763666193251,-0.6507627791327584,-2.4275442394921294,-6.234887412703805,-3.6728322659051282,-7.536984733379693,-1.165804636255816,0.7587127944840703,-4.356338612723915,-6.343493345670588,0.6427541492143419,8.256447912977512,-3.15758209813261,-6.163900217978378,-2.844953768795763,0.571997407528503,-7.774379972189593,-11.462892634476093,-4.912837289216952,-2.2237833431217733,-27.559934385484322,-2.4734596111698144,-5.460706910527335,-4.840090603749386
7,67,5,-11.482176182882446,-11.1687721877143,-6.015375298826966,-9.833754179823188,-0.08284272691916467,0.16658975501408538,-4.024958517078717,-1.4534498294417908,2.065742900887528,-0.5610237739321488,-0.528200475699922,1.1920863267534036,-0.8734349752549166,3.008068786207133,-0.2467289789602542,-2.339267786546814,1.1131082633623786,-6.396898914605561,-1.1679586069090528,-11.782430398365953,1.5218753761089412,-0.7534298923366316,-0.9842126500031865,-9.946003185312561,-1.7006974248896993,5.036011205929355,5.271239226466044,-0.31842090607416407,-8.797935288126876,-3.1055194215065356,-10.953984586157116,-10.529882834769971,-11.797118062073952,-11.595373762761898,-6.3585798915407485,-2.2062814003396074,-2.157844121985298,-11.438241847277919,-1.2173930603454297,1.5714339172104135,2.14897127985449,-1.4990595094717631,-3.2542260939329157,2.227284624246971,1.275664921486523,-7.693801906050708,-0.4382088821290476,-0.350247102522676,3.262159352020432,-0.2558234321952967,-5.5401903288098175,-1.3097957036225134,-1.508291353244425,3.030738401939391,-6.0305725752025365,-1.2046067351702516,-6.109005522846084,1.765466560178052,-5.6508837807866765,-4.610353790246313,-4.4260980459043715,-2.7197056415649823
7,68,2,-11.085184907131806,-8.122286965985351,-4.510961952437531,0.8030726607298331,0.018645408540600483,5.734369117834769,-0.5430786523189977,0.8447289454250977,5.766917734134302,9.929626961579403,4.507855047721689,1.2493654242262413,5.618392849091173,14.115847963022022,11.379176691310803,6.3866964526383665,1.188678161224076,11.588171728270524,12.935736785029505,9.473282385526636,4.320067140864345,6.602228724170572,10.371966470396384,16.807769323631025,14.210936385865622,6.084735959915945,9.054906720636273,8.890129692625349,11.919365616083685,13.333517008165758,-11.378875216605463,-8.787648735329414,-6.996747049874987,-7.903213672095725,-4.50168580468744,4.193724363357988,5.266377347294335,-12.270880375829778,-6.555595276042503,-0.773497957100229,3.075120402749902,7.134932018180448,1.954322634242111,2.207863626592769,2.6597097192141343,5.580020609141399,11.645136100944226,8.477670682548755,2.7027842546983574,10.508653545752168,11.614821252293838,11.67668305475991,11.376588372195632,7.219250771285199,11.70561950315903,10.304254522501703,10.992099730797655,6.4987505540342525,7.931547259843743,10.607393839532833,11.148216691867614,10.877878445405052
7,69,4,-10.223689722328832,-14.774238124580641,-3.968388580308272,-8.222458816076653,-16.96488344568259,-7.895945105974268,-0.3778495084857803,-4.441596788575692,-14.623067505540195,-10.202593449378252,-6.156436803727979,-0.5561884479858431,-9.579450804870806,-18.86284007380785,-8.680695977061987,-5.488632952453703,-9.349851426963765,-10.370087300313683,-10.693223945776614,-4.00727479405156,-0.5591756960763259,-8.82220499884201,-4.310932782319624,-8.953564786079633,-0.5082033361967018,0.2364556159051816,-5.293904489178849,-7.083680480991199,-2.572377289406861,-8.6323472329688,-10.854668017989663,-14.214818909264558,-14.58868392379727,-14.750615755334591,-4.073103251980571,-11.672530265479555,-12.7431135482876,-11.739533142436565,-1.6734406938236888,-2.447536893137844,-10.063960719762779,-8.761047925822796,-4.505395374760576,2.7441790518010154,-5.175783023130286,-9.29887902457267,-9.454224865929017,-7.450201840389792,-1.7362242902333782,-9.74940889144725,-8.361016221066212,-7.425334015872511,-0.5620121563977851,-6.875882165642773,-9.259802227044798,-15.10586201208758,-10.847652189689123,-2.26921568979032,-10.313871858959523,-8.519632799596318,-6.786014604172098,-3.426169686950743
7,70,5,2.3841815937073387,1.0619852374784824,0.4915788858935881,-2.4309745591961525,-9.229287962133926,-6.873307059155545,-7.092978820204735,-2.9438669806141866,-5.938763882983303,-5.404469334770264,-7.761070682485471,-6.229396193484185,-8.714529766701162,-1.6255839956106557,-6.238189233359088,-7.1049141409329835,-11.031757246725627,-9.308403389392103,-7.382489952028776,-9.276905287102585,-9.485789485332532,-9.665861367952173,-11.945926569175068,-6.061432539144669,-12.640114065861649,-7.228877030054632,-6.023583275118343,-10.866532446396326,-5.905599272048961,-10.755245191840135,2.032374459704974,-2.3008867454908146,0.9611618698960753,0.45312250859285863,-0.37252669256725623,-1.301999793348199,-3.9418586137368807,-8.625792408907195,0.31687861962652797,-5.103900493588299,-6.501609160485338,-5.86041948587702,-8.454992200276337,-7.3762628791240505,-6.6597781267724105,-4.656419949154598,-8.24131699585038,-5.593569228574692,-7.783159768117998,-11.14508321718881,-4.167876950798772,-5.0431200470888955,-9.079951974540586,-11.846543592559852,-11.003928660324258,-10.385714491954214,-10.18289767660019,-10.24005264142619,-15.69422241268542,-7.65537652974982,-6.08478025904652,-9.288716529064425
7,71,2,-4.8642804123441366,-9.69879990729799,-0.17779827834584072,1.420072418186821,3.7303994207120503,-0.06004027904170184,1.5512195440440835,4.115362209642713,4.597181982474354,5.098435845089762,1.0974455785415163,2.6550428243155193,1.2920366167204387,4.237623256086033,1.6426870792539126,-1.0046751515644554,2.069935551185796,-0.578202142661281,-0.7388176154572397,-5.884223697411756,1.571030668993821,0.48742171690413283,-5.249221122596508,-1.9893885962210778,1.3059486815387877,0.5577441048354081,-0.3525073812712314,-2.8076275037942358,-3.7235165233155954,5.824999015835091,-4.815302490483878,-0.6607391808363731,-8.829756928528319,-9.312498522967823,-0.1369795299975607,4.328514585816639,2.618518835615095,-7.591985634982399,-4.652701490899411,3.63371105378255,3.6862478398309078,3.516639956659299,1.4758934961268442,4.829533624803511,4.215104234245853,0.36910960618860605,3.2258745410207013,0.6397049249967616,-0.12977318075008526,24.44036990529061,1.735355642010888,1.8940342376519705,-0.12562933034922394,-2.2133903517842124,-0.535960860130174,1.2369382047526007,3.291570002269908,0.6269319187367073,3.318197428464615,-2.2812486348365613,-2.1837137890979648,0.9802504310202664
7,72,2,17.939687040554944,10.99836211162051,16.701897898211886,9.856210981745559,6.983996066196655,7.924434002142446,5.148663602462727,10.140687442021207,9.415183411201273,7.231722416288054,3.481020022865118,4.56346770218096,9.332384915653288,8.590500408510984,3.995521140807284,-0.2623251800925076,5.557701131862753,9.371559334964278,4.577530436535796,-3.0708656558346723,20.51584048423824,8.055403723350235,2.733635284733481,-1.2894705968977132,-2.29311295053013,0.5228909684299694,-1.575994458776421,-0.5238172307712724,-2.6990702052248587,-5.768699409577158,18.10470787902568,13.823385199940786,11.171218676873037,11.888930997697683,17.178594097540504,9.692275987529172,8.29959780995438,0.8558621873806531,6.666607785992683,11.563028962351382,10.81865810512044,4.376402154178695,-0.4799227090325322,0.7609421617419634,8.954123178451535,7.563297362208783,4.778667639958009,2.8771831016851226,5.178929691051026,11.050305120669682,18.547025123838242,4.011697931993159,-0.7565500304790038,7.3433686899384725,9.458098453992022,3.1008126135097807,-5.846002168692195,6.332741379283554,8.970831826776433,6.44043440439898,2.851131941850595,0.11993417814771527
7,73,3,0.07654061346356258,-2.4195576822612335,-9.224931307896195,-7.613813350669947,-4.901376197296312,-7.810638070112188,-4.66764618431377,-7.179296301098588,-5.754782956295147,-5.04063384344506,-7.866277320473736,-3.9103072820026896,-9.48780605135622,-12.455481773227456,-8.712894294887967,-9.430269916837174,-11.691716344794258,-16.7298815345119,-10.866492624175969,-17.859241933488033,-10.016374372774969,-11.250134794450387,-16.63230246646193,-12.981953601905143,-15.207669273677585,-5.148114053487052,-12.577334864905517,-9.895549366097306,-10.750644784999965,-12.657686960679008,-0.4887291464582666,-4.810830543411856,-2.4280449867066807,-2.7579625491507174,-8.454039379715827,-8.397495915399864,-10.459334241425076,-7.386757856280332,-1.988298266399198,-6.633749085143439,-6.852826905542939,-7.8927052485055285,-9.259726862232887,-5.258395333853886,-5.869181527832818,-14.481061851969224,-8.175524050619721,-9.534040600231778,-7.178786647630993,-15.117996833764206,0.6003178512086955,-10.142203121991239,-13.088906493367304,-11.513053953754087,-15.39898962665722,-11.969553540636808,-20.177072132233437,-9.84065467494869,-13.5194524109602,-9.092924402890409,-11.885837637438877,-10.963464665476506
7,74,6,15.030287700512147,17.13087487377499,2.8048486197480886,1.941478752394821,1.9437877278684108,8.915533856034465,7.692795881865231,1.3418744179170299,4.0215900935255355,9.740983652189469,4.659930088466441,-1.4806622620671988,1.1692838080840686,2.519880331249159,3.8459325752266484,0.7751067667041063,-1.6671871284375017,3.8832676393638654,1.33075894107588,6.712882312832447,-0.9196650987468318,-4.643558315932751,1.7367870605028246,-1.6315672081872488,0.04014941898356272,-5.161113089370754,-2.601796936334636,2.111215181097889,-2.172203827794164,1.9874739193175799,13.84066561246063,18.880860618701792,17.64624926650601,16.670058568860057,1.9084648250022949,6.906312124758232,1.7619342216483618,5.692296285531484,4.080238741833897,0.7144460568712777,3.1209738379480645,7.698180734353826,-1.7227066769946102,5.695083970419791,-0.2903176480677079,-6.551734993058234,5.266576830683869,4.210295561757847,-2.1471852010524817,6.333929104537409,0.8706560845191529,0.7803542887246822,0.0838887532775449,3.005303201606356,4.297233378917841,-3.366098429644248,0.556006805062658,-0.9093563017866948,-0.5875270088180556,1.7616861195462534,-0.5857233757652882,0.008886128834381973
7,75,6,2.1668588546354592,7.595070407385141,-8.514021943141588,-3.3293528904593197,7.854328699614399,2.9022992642698573,5.353630015887774,0.17576396581148895,-1.8515534884319051,1.7244972194567674,4.850186629731936,-3.1089586529471913,-3.4992044929006134,-7.533346092782729,4.333416215166809,-0.8417462158164504,-5.362059626936285,-7.172679360819667,-6.006364982870477,7.10557454478041,-1.5479000315251878,5.117107722306303,-1.4153479928059909,-6.0760581241693465,5.667503713516566,5.399939905502833,-0.04619468371497382,10.327043760590621,7.7520737325454565,11.491257335422794,1.5208205743692815,9.496572493700446,7.297581751217565,6.993755346073244,-8.544788798022013,-2.0032074684050043,-0.6286470284117616,-12.869540534396775,-7.5061868246497125,-3.0297146407296767,-0.05810327348072353,4.6950934553382595,7.150625736111911,-8.44275986977921,1.7274533477498264,-7.726439123609801,-1.0947420222730155,8.439524543448924,-5.283316446706746,16.52638217659167,-6.133346068581973,0.2407501765140681,2.1590984190428055,-4.629832441441531,-7.496764458466054,-4.9650948396543155,12.98553460479498,4.340365655824228,-0.05454894722291548,6.67674375442425,8.185496069689664,5.04673666261681
7,76,6,20.405497000711723,13.466645258297094,7.872632814162388,4.607805472917901,16.92011598495925,5.036064404645714,-2.2345442472411894,12.746840885323591,13.522763109970374,10.469864731881673,2.924960045115568,8.341041278162203,12.489962529254756,11.617852754345753,7.6123639227958755,-2.428505990177214,7.699594519214657,9.26351618707725,9.703147700283584,3.889131225696649,5.24084019974419,9.753628099723379,10.52146654103587,11.921781134178367,3.709050437844382,7.214570586637755,3.784771061797696,2.343628894932364,10.258529489161447,0.34448107400988576,20.385327064772927,28.1010008963143,13.509910302020891,13.68795237658408,8.458932273544184,15.124387748221451,21.195384566410908,6.873333728997176,13.128688047571874,6.815212541430186,14.467096653971357,6.515946670821531,-0.5833699262059258,4.3658673532204935,11.68148722983443,16.61347967239164,10.666516641472903,1.4831175435925035,4.901172331118354,16.754004916221625,14.442920086223909,7.108561736963142,-0.3955863874519918,7.671770519417958,9.150487013161182,14.665964529736014,1.2967079794034357,9.13584815360969,13.438457698504465,11.069127926304818,6.286728483528218,5.339771136039551
7,77,3,9.592848639480957,3.6960292298278583,-2.292217767837161,-3.7579929598169866,-3.123717127140704,-10.732695178742084,-7.905540405204752,-3.805783131174039,-5.430126165766723,-8.462836831217494,-8.458147834855831,-0.9836497277336582,-5.826754045675556,-9.276231636983205,-7.79571115039147,-7.428830778112682,-5.655661433128778,-7.940903197587806,-10.891045866142278,-14.304943398867804,-1.2860667617173824,-8.437352938373095,-6.945663822334257,-13.522656685471112,-7.651161686437796,0.7039334210169662,-1.809143847340104,-2.0313506444416394,-6.725890158408705,-4.624518463706097,8.444160451330653,4.717998083953451,3.439026851547748,3.668856713829968,-1.8210215769799019,-15.330471171974764,-8.920041160922779,3.03721809098724,-5.0404254937794315,-3.494493270111155,-5.177635556745637,-9.657139192891828,-11.076609008070989,-10.660763972404801,-3.051599842371284,-5.779517901436672,-11.010691890152309,-7.4786685084378925,-1.7982366899363467,-3.347781027366249,-7.863720025594641,-7.159458767520494,-7.414608459840186,-5.886067376256261,-7.6604113827925175,-8.63686343297226,-9.975303048131673,-3.2673935658240225,-7.109173350808458,-5.748219204674723,-5.749508831178675,-3.5481513643285187
7,78,6,3.2450075552645496,0.7658394923115646,1.0404368249455298,-0.7025949449005827,2.336231888022001,3.494745903506468,0.8935428861210617,1.8387052212648738,5.859581842382507,3.019662898124719,1.950023585697636,-1.433598928326717,2.33186195855506,4.39209137500332,3.2251477752494195,5.402763096252226,7.809725098925212,14.780212508741672,8.07357931845231,12.042854272510583,18.894058994403704,8.671419785096784,17.87861859235095,-41.61520122386879,12.029478589481698,-2.3440454977666723,11.351379214672418,2.1204248508665606,2.4296139537742945,7.060332782316682,4.094496447729266,-2.576565606986662,1.7734796589285864,0.49960968414855245,1.1248087378604914,8.210182258450402,12.463392752722447,15.93834988597962,0.32282635483538596,-4.302888682997989,0.1306773184276212,3.3765668211186814,6.187336579964658,6.966813266657794,0.10615072532261657,11.227669018207164,1.185584589538005,2.7927891594477052,0.39657023200401725,8.676746912028005,9.545413071244232,4.687962428252098,7.0452019791686675,2.091182557553643,15.407171080479541,15.034418343112062,14.411421954722659,5.80535194548642,12.536352225920046,6.447401437340535,5.038728050705861,3.757057833882112
7,79,5,21.631661129252205,23.052216686194807,18.75463298908095,18.06992550341912,17.963150101145967,7.689374346906469,3.8801697069188457,6.408679142821487,11.629566526869546,9.388325560741446,7.53847832242935,6.967540151487875,11.564478232746758,8.988870018922794,8.432779064674568,5.605717320347252,8.868554738967426,5.819605309470763,7.377082915590483,6.756798847782903,5.044671353750591,7.080728819559711,3.429506965435861,10.166490381310991,0.15730918186330503,8.250637444133709,5.1066217393409925,4.430020480922127,0.23402692738170813,7.1219286055165005,21.552510110161652,20.750917770013942,22.862132931775516,22.447812405914615,17.936004016366674,10.232779756949354,15.251665706337405,-2.0685837911157985,13.965988959525802,8.281094138431026,10.206107989612333,8.00514493783845,6.782389215577011,0.39412378623127603,9.733347327414357,13.826815636266346,11.146013921830898,5.712980398192731,6.550245872766872,5.512100258089672,13.076488009812989,7.747278315651159,2.6051917885339293,6.946581227318723,5.475452166391399,-5.267888644607968,0.6616610392258023,5.865339029285057,4.343268671527323,7.786089226643261,5.163634861751299,4.0178096658300335
7,80,1,-13.23572512717759,-33.46253753471663,-1.7517318180290178,-7.013171938531915,-10.310219875582282,-18.84608268737793,-13.635903070839795,2.7862696952226282,-4.813175083024474,-11.769679595216568,-12.913470439522014,2.9777805517142286,1.5203020221485568,-8.195915734190947,-12.280892241337312,-13.159769682531687,2.345667584640225,-8.529316706168348,-11.42287172767811,-14.691049597214718,4.279642956524453,1.8034354795008982,-4.742214445679565,-10.285928173354131,-8.321571538656402,4.488518269142001,0.6934074451919731,-0.42087093979778956,0.161940584307047,-1.859726175484134,-13.12037799094247,-24.01271814046846,-33.34143766433727,-33.244372700772615,-0.9072200065115235,-8.734690834495533,-20.476732436930998,-26.34701313732602,-2.681639226153493,3.8484986474163936,0.9713421089109033,-14.823264890055102,-13.129853665101809,-7.983960042139749,3.6289067382117843,-4.829888161703396,-10.358346956623034,-13.441076982493813,5.635571229010367,4.3937091715946215,-6.87098474864189,-11.585858096709334,-12.566910856244414,3.8619010255376756,-7.944027813301969,-13.608903356577924,-8.433417314618104,4.373778491814779,1.9554926282612675,-0.9648802565728747,-6.012999651054552,-3.94188077571211
7,81,1,-21.24165896067917,-14.407224885803133,-6.658550481715168,-6.6095991366111315,-5.724277519814031,-3.8326675848717398,-4.409061521075938,-5.703682097895979,-3.772006891372544,-3.735101746091416,-4.7635322919331236,-4.803841310814477,-5.477446578478894,0.11853809069796697,-3.0547288191766016,-3.3992763468484624,-3.8028846061447767,-4.914587977427488,-2.6868423817284635,-5.302586747361801,-7.322467422799955,-4.206905071373757,-1.5949367837548811,-0.21792554107449222,-0.2756344592596245,-4.823231256430651,-0.7427133598397546,1.4544071041206565,5.539445724838029,1.1133608800524466,-20.26198019463251,-19.353293235515938,-14.015724831973438,-14.270373817493509,-6.4343093573910775,-2.962667451671709,-4.773362475129345,-7.128798171514413,-13.239948763966371,-4.516306914088157,-5.085188638078188,-3.5941554921020464,-6.523268280712679,-1.85790019691354,-6.873315965200249,-5.195580712031212,-2.007985180950859,-2.99275622182957,-2.910711205303215,-2.2338926854611545,-1.4929300315746268,-2.386136128726165,-0.6393814278857375,-3.7311572584908523,-5.482565524154515,-10.881729852845432,-0.8217623283314274,-4.673416635254398,-3.3024151411827485,-1.4021938099929065,-0.0868936512710119,-0.7530708539288318
7,82,1,-16.343948042974247,-17.098056046837353,-7.387489183465158,-6.214779427275062,-6.936294562614906,-9.204801102157495,-4.672889207918539,-7.610972411203676,-7.839441567795665,-9.042802964425189,-4.2246994823671695,-3.474837387684826,-6.573535955618928,-6.943585174544379,-6.309823572425531,-2.2467632435103195,-2.9683803016796877,-4.100071890546557,-6.663093309327052,-3.9213739294876735,-3.1710065772825096,-5.71617584861815,-8.525088653252341,-6.14304764518832,-4.77790085221187,-3.8957259896042418,-3.545354842543371,2.6813023667555393,-2.2432620015727176,1.0894547386106281,-15.888161976072125,-20.483021549151495,-16.390187070239335,-16.97096871314342,-7.918153810155832,-9.260883646097222,-7.234643075510116,-7.703858039932468,0.47798597912599383,-5.348728197808496,-7.465102248473046,-6.699351394912464,-1.0212241798389439,-0.48587492915443947,-5.133976001837626,-4.162345796153403,-7.305071844787501,-3.6714937407505635,-3.393284320856851,-7.715133095091977,-8.050821045504476,-7.3133773513201525,-1.107240289540554,-4.921812147946981,-4.046657515783434,-2.8681596473268214,-4.0152169925319745,-3.0398328411847184,-3.599513719840788,-4.762331235790391,-5.415793139078631,-4.019737608117482
7,83,4,-22.10938556153872,-19.072624004105247,-6.256670634222511,-7.299496359487136,-15.930908475542536,-10.226246986418916,-6.358517893567322,-11.31956640994404,-10.594261910641427,-11.791196980309206,-9.369728960460284,-7.462979300083907,-10.662222130632982,-15.406949547096714,-9.330399346924047,-1.7764756523254448,-9.539177335707882,-8.329992302398127,-9.974146389652319,-2.0226594984031676,-7.7890675838854975,-11.139680633457699,-4.439917090030888,-3.7522491399176072,-6.611863880795881,-15.834286587812542,-3.3067053116221965,-5.921926721203618,-10.184014558780751,0.13667820557198157,-22.04481581482673,-30.43749422925273,-18.58130213945378,-19.48975883533315,-6.144164569993934,-15.310052786147365,-15.88796247796314,-14.235055260723694,-6.542884290630779,-7.290100560273708,-10.964718913886601,-9.682051359017084,-3.4565376774521477,-1.6059591435733593,-11.553916833408897,-17.522649763311005,-9.6978514585644,-6.946519166628668,-5.115361597973901,-8.90289377775497,-9.801334061251,-8.250433631604771,0.41716574402753165,-6.833459078947583,-7.971594786680327,-7.305842985421779,-8.898834118801288,-7.463231895959411,-6.539165851069474,-8.089383827068099,-5.932913582056493,-6.564547933183798
7,84,1,-17.259899092795585,-14.086002983766168,-11.571263657110487,-4.5233138077097355,-6.499415331792723,-0.4971056239872528,-0.5093467964722613,-4.720626222878335,0.34467159483507814,1.4364354063120728,-1.0037798555795014,-2.6757358379275873,-2.851096468182599,-4.659207578379348,0.3324083259056607,-1.2077446160724437,-1.858631525739527,-4.417163218257994,-0.17080891909214205,-2.284275601336889,0.04071232865042118,-2.555433838878101,0.1264979199097499,-3.727593789513152,-1.8000981170576216,-2.7921021868469103,5.261196353626102,-0.2487722131446383,1.5413849731941323,0.8862832832610152,-17.61178165253978,-19.320305958412963,-13.27725730993126,-13.721471519203762,-10.971960738856017,-2.7917742223774145,-2.634504958936126,-16.469936329929624,-10.327433812079903,-3.0428244689388606,-0.899765431576426,0.6456482599392854,-1.7107757529039407,-1.4169833905534903,-2.2229767365511734,-7.605915469114621,2.7867971535306424,-0.6061724769178694,-0.623975818011366,-6.087652183614853,-2.2366406116180304,-1.4376364667195745,0.36746539882520485,2.281811434593865,-4.769945458440879,-2.557069193844387,-0.22351427715862482,2.024959755720705,-2.0178064971696594,-0.07338934339492076,-0.3295807128363259,-0.14024159104120276
7,85,4,4.902072003679121,6.87845706135295,11.917167380861029,7.83102975558012,8.296548586883919,5.045624226013699,8.712012382417278,8.274171304673223,4.306567262471991,2.1671780599508335,7.288181480017443,3.776713681787754,7.1782991893549735,4.697739346384456,2.7991578954658123,9.051130681832483,1.2872722748121823,7.914399969845823,3.170758425916842,0.3505838921566205,3.6748709400729633,5.068143146407862,6.782477845233387,2.2130135951518284,0.7035301146892509,-0.8081738938373038,3.7122902243920612,3.725626087128528,3.9758032225981004,-3.510306638300634,4.809496503346027,0.9891099722647092,6.198141750306032,6.379024673026151,11.886728547558906,7.6069525580671495,6.314348628608194,16.238612816282895,17.647663007558485,7.209354051473981,6.982679849871004,3.029204894379689,7.866866815926101,8.995832720089975,5.611244049831866,7.342335986189271,-0.3679086196168162,4.774408535662719,4.583500304717922,2.5152976807297733,2.0986017290269956,2.7057137937120332,4.067510028165287,3.480186815805185,7.96984413325242,5.855646317915585,3.3038422182804297,1.2623910753896865,-0.21239439829638873,2.227630330261024,1.9863748416452232,-0.7072485188453839
7,86,5,4.587081358273991,10.58372248442299,7.926760733195746,13.22348831767938,14.842025622929906,4.898889848542187,5.779637545602754,3.041960190050304,6.764758688068327,3.369094458476799,3.741860498094979,5.346924381546407,3.588903586561911,0.21019605467686736,1.9267999956429682,3.996092933548113,6.034025050956672,-3.281491720935377,-3.472324509554112,-2.493106671310848,1.2447029902236295,-3.938144609735276,-4.85662627866969,-6.668828236234444,-1.8643310444742553,0.15590420079690204,-2.7591947017112646,-0.003448044517782106,0.6487151316662383,-6.337851422004087,4.4231597319154545,4.969757409539169,10.583851061397926,10.975838644469786,8.843092935682252,16.910037584500625,12.120414216343942,14.761996951226774,2.63993858279541,7.077223098405255,6.430395901021428,1.126120601116296,1.7444455934200098,7.972317159334875,4.688901975932651,-1.0535733184703377,0.6012219159250565,3.1588496155724504,4.674356212777014,3.5950198038821943,-2.771502301023091,1.0255630929839332,3.4524159339574587,2.8427687286876324,-2.993150731094361,-7.256182454072124,-6.1925042569750905,0.4584232408144502,-5.083987509877215,-0.9563132075609931,1.7966057150425914,-0.8299171909187318
7,87,3,-7.6136138954586,-4.871739422152867,-3.9663940926533887,-6.412047456949949,-4.4512496304402935,-5.622128984323005,3.1481862070902076,-7.978349143298483,-13.550237118879819,-10.247564883039496,-3.4910230340844945,-6.365112654881819,-16.047483189928744,-24.63473489371743,-14.14111033828203,-3.8018829921692086,-15.618958223917783,-22.485058986570497,-20.740595676209306,-10.382465795363954,-10.350861282678462,-15.437321940118931,-20.71759359343206,-21.24755788158351,-8.718336802293985,-5.219633192618994,-11.73479084027703,-5.3417035131942345,-10.295807125247734,-10.256721404608244,-6.924988554438529,-10.029249333344938,-4.802808633982775,-5.205051914493483,-3.310769413348013,-8.245744582719913,-8.153869324250193,-9.10009974670573,-3.390412347198166,-4.066122872595923,-11.55810508247828,-7.914080770254683,-4.619288691069662,1.0398784363528761,-9.013232749409786,-19.629574756992692,-18.31438545579738,-6.304367751638382,-6.79435114864623,-11.694575028221422,-24.310578951793815,-14.250726764351597,-6.549740605158499,-13.073345685332294,-23.879780550589548,-23.209937892286344,-10.654736447670475,-9.000938418934616,-6.808063716196072,-13.770112704962681,-12.633621202918096,-7.006430786716321
7,88,4,-10.41387982116785,-10.191983212330717,-0.31254409780589587,-4.334258367466489,-9.006159278484656,-9.813530957962316,0.64839607020613,-2.4170625645939903,-9.143480154617524,-8.361357477289147,-2.1213245450905176,-2.4127679535836593,-8.44615932601709,-6.197915724924445,-5.3373069859495965,-0.027925969595543165,-5.379978168028884,-9.685924979608238,-11.946963657534164,-2.8492882423693437,-8.755033656409603,-9.374807979082453,-9.050421583806953,-0.267209221518075,-9.545745537593598,-10.55991401505179,-14.70439003544247,-8.791593181151084,-16.65923993916409,-12.655900801418396,-10.393302010099696,-9.21687838921278,-10.567497096683189,-9.762243894723863,0.44167914863948254,-2.647042997817439,-11.862578457153237,-8.018986103650205,2.5922326080092235,-0.731677673791149,-6.583179950685717,-5.157350356985886,-0.9542656353300027,3.6881669272907196,-1.5932349038406886,-13.651308647379649,-9.294996719580238,-1.8834993686958599,-5.717483310119774,-2.156266294487911,-12.831859759168653,-4.67607133332413,-6.467194798584215,-12.957032521505186,-9.263046410934233,-3.484853673022147,-11.699942194447829,-14.573016799077761,-19.450189948990566,-13.067158698428004,-12.223218688695905,-10.912722715153926
7,89,5,6.042809284871397,11.647179315076771,0.10788357640948806,0.7016775185560311,3.1779691788343767,5.414831377520437,5.766563189975499,0.8102790768621726,3.764521318033519,3.5397173533125277,0.08888804452016763,0.8147110305499371,-0.9028013567269839,2.370588634133327,0.03312470350505305,-1.3063564062481983,-0.11938904316687152,-1.1850483651023067,0.15439289658353061,-8.438376710136852,-0.5589717822830834,1.089268603975455,-9.563757267757888,-4.552755714303291,-5.768850142613238,-0.593200106219185,-8.31968787013803,-1.881948148434208,-3.023009004661947,-6.863166766877216,7.4110319254545,5.3561473811448455,11.430277599430667,11.224646368518282,-0.5840169788315528,4.146235524665382,3.663941672066132,2.9316080563287135,-2.6782354477611254,1.8940873995303351,1.2419950415312144,2.246803100039135,-1.281546123944814,1.3109036747865932,-2.416716855465116,-0.11918515136193034,-0.02667172071410484,-0.8413651110377248,-0.5051718376180796,0.3190636372693416,-5.285270927519332,-2.617082764780741,0.17642439467968613,-2.868181857621162,-0.8807035337951847,-1.6914256264614647,-3.6383646611669445,-1.430478787787893,-8.163318349321079,-4.114210023612872,-6.091135761586996,-3.7344193171891504
7,90,3,5.944485533454384,8.877019836408346,2.138724518897263,-0.25666112511237005,-0.38881872776078,1.9395242020851238,3.007138008660661,-0.3490371821216094,2.62185163507465,1.2298203658017275,-1.5376311156035563,-1.4574297813644688,-4.882305313128883,1.4444351428722206,-4.607074128759164,-2.9392488294496864,-9.19152294505364,-9.032179471775436,-4.497165132115212,-6.62730051030613,-9.854863691637753,-14.202298407647291,-11.664468515493978,-10.924724514070874,-8.827682919671794,-9.775411333934192,-10.03931439495305,-16.769898008100878,-16.900978530143803,-1.558953442656232,5.967589500723641,4.313459054317054,7.359474551810023,7.139417278262356,1.7527467253015985,1.8355053114454924,-1.143627012943531,2.010121375254197,0.8365474917085435,3.680260257613729,1.5812552352322307,-0.7059632762187591,-2.4732690580961547,1.6158557988748683,-4.585202259797017,-5.769457321648103,0.6619092305304435,-3.375082102888147,-4.032390938833262,-10.500990606648504,-7.972241841336116,-7.5223768968021485,-0.8993399429125086,-9.460079511582133,-8.558133542867063,-10.846495457342826,-8.667497406952178,-11.018789177397029,-15.227608823285605,-7.46803177484856,-9.595383829133374,-10.074171980411355
7,91,3,-3.0104531947546045,-7.688288469946513,-4.363562714422075,-8.943424432887696,-6.845921833567869,-8.153253241305855,-1.4088152482787641,-1.841501828694784,-4.4985523437967565,-6.55697358296276,-5.350882147450185,-3.0302863466928187,-5.861527473029751,-4.413821487755675,-6.367160193815189,-3.271891951555294,-6.900816462173056,-9.573791143586627,-5.244297162663739,-12.044157311686597,-5.475882081860083,-6.367204507080292,-11.098201622698088,-10.096708653914952,-7.60583572210063,-4.334976361377348,-10.244152197534806,-6.957647956408014,-0.7276977704860629,-3.081183375407395,-3.2442230743969382,-6.442761156708002,-7.712801923475612,-7.542338537642874,-4.639941779663786,-7.401370154682361,-11.427933004429196,-9.128220724410424,-11.158029148974112,-2.196291710139343,-2.4325302317965685,-6.374433111950254,-6.7311243229522955,-3.4953353215185,-2.5267322007680257,-8.672150955592258,-10.238904760968754,-3.0618953279861256,-6.049865040564679,-8.476429856972906,-10.255502513695015,-4.277520014336563,-5.1251341955418255,-10.420727141752344,-10.138440383430687,-10.23580234644299,-2.8641929568313986,-7.443177133395406,-10.248065711203502,-10.132736305410905,-5.671598873351039,-4.472913264830759
7,92,1,4.189044177282329,-9.52421929898513,10.114826705874638,2.7250948571372895,0.5638070585796726,-5.711469080015203,-7.712154749831999,6.816267364408553,2.1410823641685646,-5.222921597884921,-6.983433242218932,6.059429266058457,6.575641144714438,-6.587297390623974,-0.8311228364047307,-3.3712794261462062,5.204515610253667,3.7374505905389084,-1.2858894918023083,-1.115953656873188,5.918283547805028,4.7029426422015534,4.79745039683426,0.7595061565459713,3.947793039163896,9.392522595164069,8.365723039773174,6.241522021577463,7.780518227552135,6.23029585216739,4.467674676862704,2.5600253884884987,-9.64557171058727,-9.837419339955394,10.569451610818962,3.8385089690138283,1.5784630532172044,-10.572460940732368,2.526599256617085,8.172151313981088,3.824645684339201,-6.336242675258802,-6.581584430833509,-4.1281086731327274,4.1252544505362625,3.765850815547224,0.30002374102066387,-3.339408973640786,6.385207275382991,9.275806095116078,4.058034520323684,-0.20201917682354067,-0.9661034917463867,4.481023835290859,3.039221245068603,2.2451145312998717,10.412027190371251,5.884963859949494,6.689131195986325,4.635133059138839,8.775163862627094,6.568430333026326
7,93,1,4.816561090115388,6.259307732249086,4.521164361183054,3.640686962770571,2.8552536550545833,-0.08137585607175662,1.1076081570510463,-0.35602195901660016,0.4952397094358017,0.1364698669441586,0.08610476723236124,0.9240483127295883,1.0251996505880583,7.786213388848235,-0.43263785470640487,-0.19475950097747552,2.3663561118528165,4.292411491914407,1.196190404137824,2.7138376879483106,3.8467613390487854,1.8218991275473548,5.144759080792983,2.3088333070016933,3.753552121225611,1.564435766146676,1.7413742332435331,3.2978546006559606,5.437682689962592,-0.1086546797759644,5.227460018927003,3.9165874246689607,6.414418586912403,6.2816803941940424,4.865082561152009,0.6588866426836612,4.586948459570455,4.13215065470374,8.089086883142729,-0.48102633269765005,0.4082485925769668,0.11761180724857805,4.298283936234373,1.9431983426826567,0.37218096515550003,2.0490122344004105,1.2834873128875453,-1.440583755830076,2.5270867629839873,-1.5667581529265675,4.1186153606920515,-0.950573769534325,0.8994019971024697,5.139028477391635,3.836235419554612,0.5433401110150464,1.2403817791264586,3.783982181989745,9.881393519127972,4.047176068148962,-1.3749592224499452,0.37834597323884867
7,94,3,4.5630777449029045,4.791227829784562,-5.6094180043764075,-6.722747962365333,-5.242825654948631,2.1769371178546346,1.8581484153968981,-1.6551320954430389,1.1832134135680783,-0.3868951757733766,-1.3479684157660463,-0.27215095166302916,-2.3598410785766086,-4.865844882411381,-2.0174518966615738,-1.495473995441344,-6.134250164440857,-4.369816174387095,-2.0283856675743603,-12.778724596313225,-4.16608640888107,-5.385385283737491,-1.534253826756711,-9.576765038924886,-4.258067976251794,0.3839124793743305,-3.3880678651422773,-2.982110573648953,-5.798025872989941,-2.294305248989544,4.721862715762679,-1.6168973076543436,5.180968422578962,5.864293145898893,-5.5415819395793475,1.6558190807700157,-3.1382762507603683,-4.6931656880031625,-0.5531658766522902,0.3825031501970749,-1.622485987012979,0.1489193866983397,-4.015700016602327,0.3834516129331527,-2.518143093610954,-1.3771087336921832,0.7875517928041518,-2.751837528708233,-0.9940294737405173,-8.441900197189396,0.31200788052548334,-2.942665917867019,-2.250127090186609,3.0008358093767953,-3.9200754396208577,-7.976438925033673,-12.224707755413498,-2.4512952465291424,-7.575286024204667,-0.6141988408166861,-0.687725611542148,-2.528380892103218
7,95,5,-12.207414120072261,-4.950070496748992,-10.881654503141972,-4.682355997629651,-5.021013380914208,3.154333386590089,4.302312558585003,0.21993762285948318,4.460087025469939,1.2649793602162742,3.27951058351276,0.6581243597107326,1.4409161845176686,2.591372773073978,2.3365642690077078,2.3388467359515626,2.0855140511752928,-1.3117013337181471,-2.684036871963518,-0.6601187177066308,4.738877092050843,4.047464106436364,0.03107708574431478,-5.786219163695572,-1.3445336710570785,8.032711955559689,8.173839875905799,10.363257593657009,11.036942663386734,0.7233633140851614,-12.212409056427818,-2.4974146352672024,-4.891905002704846,-4.561402391678174,-10.365974347220687,1.5447622559760243,-4.38542573567389,-11.094279381310246,-1.8579134844305976,0.20674361494119986,-0.13386833107826013,4.747368787301752,-1.570800154856066,2.199629005311604,1.9355531445272796,-1.3593986004409269,4.891235712506785,2.738302242010832,3.7114969554198187,0.8529767774772374,5.410261971316659,0.015015568357048203,3.023775742860606,5.993667301472001,-1.701415472121612,-2.727492678501619,-6.310612426162127,8.692267788710387,4.22560811975812,5.210126468843622,5.535820350681272,4.161069347437973
7,96,6,-7.152912650592391,-4.435161547701258,-0.9414882229572935,-7.224693210568374,-6.375674110723707,1.2137410541337617,7.186263395178062,-1.097099907821181,-0.14898148803721856,2.283384788386727,2.529706071517089,0.5072238332614654,-2.248691158335111,6.2950916481772206,1.7482881774762407,3.0621346690033273,-5.114320107275712,-9.151692602550611,-0.453428320413478,-1.084154019279906,-2.8356376533941714,-1.6926710712496278,-3.7241413733388122,-5.6146566816662435,-10.387580362512033,-9.079867700174475,-5.988176128452237,-6.791749591314488,-15.5770359911229,-3.8147756843941227,-7.889571898645244,-3.742241658951813,-4.276877343755435,-3.8881073942913384,-0.8047213487372531,-4.011330091803358,-8.22092098024924,-4.2536936186072305,3.7433363642464035,0.11073335033746343,-0.9029032726738057,1.910831524067695,1.6856685384835404,4.0442642473797425,-0.8335071287242835,-2.950537049143417,2.5967089816269175,2.6140602209446278,0.5151615109658108,1.2360561784674835,-7.46924173211815,1.410583598868604,-4.195811792978133,-5.3870295007803985,-7.486929727513797,-1.434281472309787,-6.42909731613699,-5.8236073645445074,-2.9632968356741998,-5.116301142866154,-4.050269567986904,-6.337714108002442
7,97,4,-5.382934340025959,-3.6706561649490794,-4.266346970607142,-3.828652248331684,-2.0919403688209837,-1.9264542207394435,4.033197565697039,0.3296915236782427,0.4401456406538748,-0.6699887710373588,0.7736175944233614,1.778762538781073,-2.3166557206976695,-8.153372983629932,-0.6175937511753747,-0.48654415653791405,-5.204502359668654,-7.524907508524275,-5.274013595610133,-2.676657679240877,-0.27003689521424046,-9.738031853580988,-8.699500796157961,-5.098533332186026,-4.231928116369356,-0.09221201171962329,-3.2527590915560722,5.219234307773593,-2.0400506611459126,-3.672074413074682,-5.317159136802683,-8.775412073529257,-3.6172728032702812,-3.7126891293176802,-3.323152392250824,-1.2230305934279428,-4.979742730700796,-5.58516616294751,-5.53170304838568,2.654909875581793,-0.4468024579876262,-1.4375434202999553,-12.045797108661198,1.7385023236217911,-1.853782871760792,-2.499506475755992,-3.135993822773056,1.131873302014044,-0.20858289796586535,-8.691545422257088,-7.048681012627378,-0.5960808229155661,-4.7380440105320645,-5.126831633106969,-7.496476386719172,-7.123205017872015,-8.18325784624122,-2.890576672990144,-13.084071145006806,0.2697754351013333,-2.168259388676319,-0.36456239602823526
7,98,6,-8.329943516405253,-14.06200810672897,-4.099823691461958,4.710344038403977,4.219522974556084,2.6971689516723902,-3.0404223272258926,4.306376725208105,8.194586031911218,4.938857563456135,1.761508792990865,2.807636325821145,5.95967397366355,4.228183016608678,5.949090392215225,4.003547464088513,3.0948871302974936,7.391429213307249,0.6200447005287906,1.0927033594514184,1.1178638065779003,6.17148331402824,4.409393911227222,2.7966095525317063,8.95437589330917,4.5578169818717695,8.820955055970245,12.85557540216507,6.785726615046031,12.281933663821803,-7.985972072497559,-8.081370778449978,-13.37837763004596,-13.112449282678082,-3.568777954387598,4.227828476509849,6.979905364532361,-8.703941684874996,-2.1668544649260046,1.5518577988373052,9.325573090940898,6.613109232880536,2.496896054027829,0.3913892600685358,5.31657403126918,1.8747550809710487,7.373975999153603,6.209598482069676,3.374262166849093,1.579969868609091,8.145993589173733,6.711007574164285,6.2722979088359265,3.193303927682659,7.649592719790407,2.1981974691152573,9.904081045581794,3.2518771760301983,-5.324963872116513,4.5418041265774045,12.270844776637663,13.12587370323699
7,99,6,6.016780189488352,10.38661412647131,7.974989688042028,0.632937326538944,-1.5887098500232504,-0.5724139996554429,7.284689091827454,-1.0415758776149104,-5.14194030489591,-2.5637216498711846,3.1281935302086343,-1.3535748821592366,0.42478433260466963,4.099003859863776,2.902964077424258,6.626201347924956,0.4118207659083989,14.669780583047046,8.500025680708912,2.3418870844264905,0.4580109790620597,1.6885360251294386,3.2054120341951893,3.0684192306305267,3.3801390171255443,-2.8014226908875055,0.47136459567743066,3.043298691017099,1.3180923668735802,0.4047827649713931,6.486943688402639,11.097005006436978,10.955775112549704,10.881193565715824,8.685708437867392,-5.800627454059063,-2.107080112625959,18.56173059380637,4.052658432495506,-1.544943910341984,-2.11575796030371,1.8833620134122095,4.9188692463198445,8.039417555873714,-0.12967566191218793,9.621022869702193,-0.4320040220109371,4.199490374817357,-0.12019566067483112,9.294681940659336,3.760674289586708,5.222864070907235,2.2632413949340413,3.863230659649137,13.593887710103344,16.28590232524567,5.08624347244821,-1.735714572612423,7.190456073367734,5.37932225060081,4.849043167474468,2.563154306251376
7,100,3,-6.242572529556615,-8.965819239837865,-46.5624220807378,5.990019809602329,2.7297706418307257,-4.765566626063935,-8.829167694443976,21.85536156649553,3.7353986877942322,-1.011597901616792,-5.476294316260552,-0.5294901598244905,2.295785526540585,3.606037785730707,-2.6005560109369115,-10.116541794217309,1.3226307047553707,11.350102746450318,2.568911401705434,1.2653250179548818,-0.053445416309574,-0.020387165259749485,7.625243396975289,-4.460330789999627,-0.14787341739482507,4.167996601939841,2.387536641275629,2.6802697672576774,6.107910860727376,-2.4172442476719445,-6.835706080787067,-8.354687381263188,-8.748421147181768,-9.396090404240544,-44.90383756742245,11.48602312116134,-0.351873585082614,0.6808028579916701,3.0112864217641406,-2.772237986502261,1.9043785336983916,-4.045686975558766,-10.688131517662503,-6.603633658352832,-0.5011210277812879,5.459740839870193,1.8403139972559526,-6.946581262640839,0.07049526194700984,4.882198985211739,6.246339771056137,-0.7403909907244697,-7.702874235717987,0.5244997869949903,10.192745542948739,3.270611205274553,1.7805619578746037,4.397214832227318,3.9577118830596323,4.047601479400952,2.7300898155606337,2.3397020942662143
7,101,2,-18.795132503038413,-18.468893548700866,-27.042880442493214,-21.042529488118692,-25.921067665989796,-22.621094463801953,-9.837082510132614,-11.338034536008067,-24.16035676547666,-23.551422965962725,-18.98166183200551,-10.674223972847921,-22.11247894894787,-26.13207922839536,-24.068414956694706,-12.706944063805581,-16.284368726175,-23.661429412390394,-26.020251253210937,-29.00902749834265,-13.846932352316099,-16.55366551185527,-25.38917982741827,-23.503606264002432,-16.561527879863256,-11.839284003689517,-13.349569758627469,-12.269165057734373,-11.132788907905134,-12.29655043049375,-18.767264136994864,-20.794249254210698,-19.263678465856287,-18.77557859224517,-27.30329537460162,-24.634375981804812,-25.029798265273968,-22.014390149267346,-5.50232778416333,-11.594695599885979,-21.857980753226986,-23.147194200717834,-14.391668572340437,-4.212272224425361,-17.10183216195281,-29.071828878143943,-25.084360441420134,-18.64412119512151,-12.07449423550719,-20.41979914031378,-28.447463074471894,-23.043999754801018,-13.652877578849017,-16.472032551903553,-22.901125552269026,-21.395604145417867,-15.131713872252988,-13.543810655465112,-16.04709762966307,-16.79152618277045,-18.981666283227693,-15.033766903346642
7,102,4,-11.676284212255615,-10.754833041951517,-3.9022189315192684,-1.7307197117223962,-3.865096529235883,-2.4744170076531793,0.6651889244094491,-0.15987088494733914,0.6721959600729794,6.0471259333511345,-0.18146347507789012,-0.12925904453732073,3.2913927462565242,-0.8563274386531963,8.218408033342616,2.446003465617937,6.7151647333918945,12.542579234009844,12.802156583837629,9.250322259917134,7.774096275725192,5.103089379646431,15.241534219327846,10.495065084363263,3.986072155902523,10.321091595287553,17.8888343506061,7.848584765500227,12.584629891258546,6.635473125404108,-11.91371034989815,-9.423121139498019,-10.901465575051743,-10.643722942280702,-3.6633211812345183,-6.641318885677651,-10.142318303645707,-6.781072925253795,-5.788643332306158,-1.576770030291434,2.577726731417564,5.937296936226007,-0.6322015722725176,-2.383552264212062,4.293656890212396,7.081712735771411,9.129444053271646,5.42036253840822,2.6488424521053138,9.813615108045143,13.401419501297363,11.039623933230969,4.727424832719671,5.297450052778714,11.935635658299054,17.889078028954376,11.40159379716441,12.819193150581256,11.550557501704944,13.886820336122344,12.139777487476076,10.887633282464092
7,103,2,0.34047902655992157,-0.00888619083547626,0.872934114809784,1.8695917812675773,5.7829393564592815,3.897215166310896,5.026947800576884,1.7663884295690826,5.887498880302102,7.185505566425715,1.446979152947301,1.2709936130246735,1.7426019248825209,-7.071448256909036,-0.21331176400275398,-1.7318454675898851,0.8119410226666712,3.6823255820994847,-3.7296503174300426,-3.6894610376301675,0.9995871996961356,5.170424647845058,-0.5036826650498487,-5.0804109839717535,-4.837608686875459,-2.2953556227957743,2.213815769220405,-0.8189214358799064,-5.424391191248304,-0.024624114015663015,0.4829808201629499,-0.16370009687706477,-0.5448869242809881,-0.46867430833077584,1.3213676105146213,6.054939692726405,5.696187506946617,10.848817859594591,-0.16001268765866397,0.013841118053078971,3.9486660929283146,3.11186603558386,-0.7331845569239769,1.575573401988438,1.9407562613714389,2.0858198075055543,0.26668184656840255,-0.5068205196372086,-0.20220083984114767,3.165462131895943,1.9884711418687013,-0.8119764863399841,0.04008295652229421,1.7393355300059403,2.4425288001075387,1.4471075893912153,1.1748636419964371,3.2243677577708025,-4.177343689081282,-1.156364494741599,-4.011166035867774,-3.2488368044766363
7,104,5,-17.22540932870328,-4.9083077723700566,-6.610272787959975,-11.429413365858904,-10.747320883521219,-4.17520743890143,1.5947949621122246,-11.268523083908896,-8.032153458879666,-6.4085905568208545,-3.362871988923516,-5.12909193171711,-9.43769790181073,-15.037268070958365,-8.584712307883159,-5.1755569547460185,-8.515830152372759,-14.320650294150528,-12.67444874670515,-8.610918548048996,-6.771654869713702,-9.924512420213086,-13.547427227334468,-13.804903825608687,-8.683332937883167,-8.10634060119983,-4.009823278115107,-7.773263061873427,-13.276362095391615,-1.5500716776984558,-18.025423968687843,-21.992629237268588,-5.422755889208395,-4.683703247537244,-6.863100190336033,-9.238293713140418,-7.2320414856984865,-7.543362291950008,-3.520265288915055,-5.81097173158977,-10.370229061437408,-5.750084968902762,1.222613939697424,0.8153226671558687,-10.54772595815905,-8.64488538838469,-8.661062167185108,-5.943709905625591,-7.848899466735192,-15.424300668658924,-8.752791168088688,-10.254509770913371,-5.592013579265144,-8.62191878486334,-14.717570731961517,-10.92530961773677,-18.271501460635086,-3.3706102392624895,-7.245053741087134,-9.809338228050153,-8.82341041950304,-8.65177262424515
7,105,4,-16.200710528416604,-12.55347739754063,-11.849973965227527,-4.098418634884608,-5.463645390734626,-1.3710368659983292,2.663228720920614,-9.062405713595357,-9.366870334667224,-6.277279359265802,-1.706157656250202,-3.4045548572818327,-9.270891001402607,-13.464513407565837,-7.458959527586292,-4.416241340679912,-8.459202524956044,-9.923923163265897,-10.516334175518374,-10.495530383684105,-6.5359127603857425,-7.886912714281095,-4.6378054929919905,-11.151004454234569,-8.75728511143612,-4.866022188352739,-5.963560817944933,-7.519420733862763,-10.119356148904647,-6.241043463306749,-15.521755834246376,-16.84839749799632,-11.896004617395926,-12.706678072036036,-12.248618437139108,-9.269503862653835,-4.792238365949656,-11.022356907905241,-2.4222657180940677,-5.435178634260565,-9.059010766401162,-4.498636475332628,-2.809666232592086,-0.06605882461114704,-7.44784407079129,-13.836694398376002,-6.660225733546769,-5.08606616463285,-5.766625182510059,-12.708530632750605,-13.849418613923394,-7.41878350628767,-8.138131332631994,-8.8630945481553,-10.288773482869857,-8.46188850165735,-6.918996469776439,-6.147302397174717,-13.442987288938973,-6.296904257714473,-6.103611773697705,-7.40953395624997
7,106,6,25.843339383772527,23.450577459616074,11.422370897765017,10.169247084933263,6.833361518046842,11.581089386443912,9.78284825162007,12.172228582430536,14.703188961280935,12.727472998088272,7.977272121144865,11.189695668310248,10.688295433025175,16.687786518562053,6.220363761474402,4.133679667987478,13.529326852371288,12.57386909170849,6.422812756520075,-8.758871731206368,10.658525823913633,9.860093470472595,4.372382405458202,6.504711578168523,1.6172385750858065,9.490660313903014,3.6188505329418796,6.0025357336896255,-4.761396111738753,6.622456248174561,25.661782828273203,30.676994790141382,23.626221768035553,23.438172259969967,11.002847367397898,13.004095828115224,19.446325251242005,9.206800016765857,7.997340192416371,11.476560868231996,10.970444951757298,8.865616286377893,7.624441212588325,0.3724868361406574,10.879447361954096,8.59357178381576,10.260510778100016,5.079347245122596,10.724987927903763,7.19660776105664,13.429044214031874,4.81514728276866,0.768037721491988,14.541274911019856,12.524975245523196,9.039199747497262,-13.208388623736079,11.072234569662596,4.912407424329302,8.453946308357782,1.5161093728753112,4.171599776736774
7,107,4,0.5884800354145173,-4.835884563318203,-10.445214045268097,-20.788917610376345,-24.710318193203076,-22.87861102324253,-9.950656745264803,-13.970350053524836,-25.796559546778862,-23.518772525758287,-21.54385436271749,-8.324084445607012,-24.533579175792084,-25.74934124601324,-20.794931888580322,-13.82915123120495,-21.35953665015901,-31.7499314401208,-25.721849576365678,-21.02669854244082,-14.851988604360427,-28.60977158023092,-26.607787092829646,-21.855427826253955,-17.35046241634593,-8.143157183652649,-14.230751883062512,-16.0630748734991,-17.798940124149187,-4.495157444991578,-0.8174500219160457,-8.379076611091634,-6.050742499553027,-4.718299454191652,-11.263209173319542,-23.246382259741047,-24.655662718706022,-26.346818200698724,-3.929555389734847,-7.89791727879244,-21.511226083611977,-24.584999160795665,-11.134291314360937,0.15928136536896922,-18.358333045753046,-25.761205568546192,-25.96226306968345,-18.12822402456049,-12.788514917716384,-25.948000830848056,-27.191875047436586,-24.677991222226755,-18.68935412095813,-18.8945997944329,-31.738284151728543,-33.465183404160705,-30.265444311654054,-15.033381233250214,-32.70587232242418,-22.910047105854236,-23.00548574240971,-16.04031221305087
7,108,4,-3.704578607822995,-4.206311186798277,-12.273925087687264,-8.48756726788039,-9.503544090945336,-8.298166145201458,-7.799761965683452,-3.160635736356375,-2.1695313272179986,-1.4946983686489304,-6.749034000657183,0.7108517306215827,-1.4478743642159706,8.498523251153529,1.1236962777130863,-4.6422641820206145,-0.5472358831760998,-2.9843044603277544,5.039126950179841,0.6100416418573852,4.438565332810226,6.745585962255461,2.351482278775288,5.935785513479122,0.17394240653687507,5.512601163641479,-2.23962328366072,1.4530199359614053,6.072419440887707,-2.243080233587179,-4.641049792399497,-6.377181004732847,-4.474553097062173,-4.254983352576722,-13.313834578514372,-4.572757159859488,-8.959880378256306,-20.40800116640492,-13.481891204773378,-3.1743659881829496,0.27686658786700563,-3.869639301320491,-10.505014873022446,-3.9797210987748173,0.7018060405659138,-0.8385463777940889,3.7947652627623114,-1.4220935574437434,0.42431896321316565,0.7473758633430236,3.5641731027195758,4.988571201428412,-2.858865752089315,1.5417617175887102,-2.4589715137248627,5.625701100451919,0.8293720868262806,2.918112647787824,1.7183811009475383,2.649214767998586,2.4425775506874423,4.436916611150255
7,109,4,-33.82943562872525,-34.69218506918447,-15.629271512203731,-8.380592463980996,-6.44829236288987,-13.504024626144838,-18.103085697696702,-5.219176621744179,-2.1770924416472894,-7.108982737806465,-13.607786397676822,-2.3323272858780424,-3.227926612263772,3.600696978204676,-7.000992827412741,-12.305516317668488,-3.181705365536688,-9.673386840967508,-2.5730554567786275,-12.743698609765712,-1.5158922150617524,2.093083906282739,-1.5865735527945755,-4.679568266530139,-15.562773820535256,-0.1971483145181731,-4.034358757406066,-6.033542040372044,-11.76898379356987,-7.747681648425037,-33.252722581167056,-28.793796611995248,-33.717793625847584,-34.79386832510553,-15.743390933860377,-7.615719081606809,-11.44133090858189,-32.91027580776889,-6.565075311622373,-4.0598293711295055,-3.3453744176502624,-11.008475980187603,-12.780071950882464,-16.423799286755482,-4.566011640197802,-4.621340853230254,-2.803191113194857,-10.410032895325521,-2.4420456779814077,-6.443288549048279,-0.19922252326477058,-6.247350148902067,-14.082900436924447,-1.6129483929380939,-7.837119364474971,-14.662254962082043,-15.155961309900366,-0.22629752205457698,-0.5775462843295998,-1.3972521202195822,-2.5668728221207857,-3.7531576738124945
7,110,5,-14.979306490603467,-12.508045123499626,-6.873768035915862,-11.886378321240135,-10.091518759477616,-7.378696035139447,-4.512894272014905,-4.745968359119327,-8.681201151208722,-9.869919140346163,-7.815061200319264,-1.4309175933921359,-7.36306890825991,-12.979843980837156,-3.408836156538711,-4.773601850085869,-4.071574246919737,-5.132464582131745,-8.192556275032102,1.9104902876949865,3.93225447913041,-0.5053580494756553,-7.598593879309365,0.2612260285333348,2.0965807663231377,4.597177502598753,1.4284623030675339,5.489062847069848,-1.4462877302998447,-0.42887952187802736,-15.196540556541388,-17.401142324775268,-12.756866023908064,-13.280195734696463,-6.141035525503045,-6.9445957338676,-12.037863880464041,-16.241320816345702,1.205010030094944,-3.238452624586387,-5.857055634231784,-5.853128820930313,-7.560545191878639,-4.455132121572318,-4.573390926308249,-11.306806698140523,-6.228629445770708,-4.231254459290606,-2.1800927995681425,-1.7115381123588946,-9.093327777603607,-0.3536286956017344,-4.251273749282631,2.1381971670496394,-5.450907833906524,-2.14224796515049,1.6176286311593013,3.48210138721937,254.23014898997994,-1.1649315211575524,0.09873151724658345,1.5823277502190085
7,111,4,-9.640718789952926,-14.612434946131197,-6.566790467605181,0.6103606823740928,-2.1980557535297973,2.6758731690394435,-0.784413992682834,-1.3786156355409063,5.888846233810822,2.2806457821734076,-2.2770825083234043,-2.508100086266582,-0.006838591309355713,-1.6365222255812912,0.9764477207279967,-4.180206743943528,-4.703097620456504,3.097253789716377,4.198143060841574,-9.689457337125695,1.776697154543022,0.2024356714086376,3.1790815428979755,-6.57026081250572,0.7625243053657981,1.1158338818335671,-2.3228605156991513,0.05937541012720307,0.8826623140165594,-0.9064090211773523,-9.368022573930093,-16.286212411050386,-13.947848907683234,-13.975473458628818,-7.69316365783353,-1.9690501986116875,-3.4254605572034706,-14.340567671739283,-0.9788277544984118,-1.5853814056239715,0.6648564413189888,1.1378919035877761,-7.574231132740013,-5.376188826406511,0.8036798113366446,-3.6665166698214477,3.5300378880531698,-1.3661971707507505,1.0447625168315255,0.031453876233683786,1.1406044151815702,2.338049026978452,-2.719696737121698,-0.4910514896974077,3.386525507698336,-3.8292549614476523,-5.072885416766128,5.081018244802224,8.087114596909773,4.3904161731280915,2.7699422765545894,2.8895971854842024
7,112,6,-20.883859826219574,-19.983890545520385,-14.235591435555088,-7.334482547895218,-13.038527978016301,-7.922674487776512,0.6400063404694143,-5.135327797155923,-7.675830230934593,-6.793876998944255,-4.844447165375528,-3.606897456196662,-8.865815796503208,-7.477436449855755,-6.665282668977427,-6.642324975623586,-10.706227353365136,-15.20706656862551,-12.965431145494566,-21.534591449924363,-9.58055000575032,-16.18592530575285,-13.842651073695949,-12.096024853586242,-14.169550354342629,-6.291825195638149,-10.916591879798146,-3.9670190388086892,-11.246132690175555,-7.429743795099143,-19.849937975860943,-24.31795375429238,-19.289782819270005,-19.465320765449672,-14.65685684482634,-7.527340744360824,-12.37770911014252,-12.326803170757854,-1.5381984131910469,-2.0252434090716895,-6.84451232950499,-6.011816339595697,-8.873651539497986,-4.55094295296046,-5.57282750685585,-2.6773977840273897,-7.898280729312545,-5.262583655918518,-6.247895326692516,-12.919121246921227,-13.573722165941096,-9.07680965329679,-9.321677297285595,-12.180330250503076,-14.635357379992843,-8.599430847609204,-12.813396052894646,-10.34553852650087,-12.50152124069268,-11.413396147028662,-9.472914646004844,-7.466223547428206
7,113,6,-20.043624855873237,-25.557037153985444,-10.630768228651638,-10.041588055151633,-7.178795483315411,-8.136083763456204,-6.724804346574606,-1.0664571168628048,-3.2017025650456215,-5.164126902443882,-5.041130216383352,2.7180480531007976,-1.9222615770995617,0.7987470583217917,-3.8875134470531836,-7.284033154918264,3.161703799822845,-3.820156068427536,-5.01186127626769,-1.1267189149767516,5.904513400383063,3.0859344720317985,1.8023053144627235,0.08157962419819598,-8.456902357871739,9.46883714814647,8.71893506186515,3.5108650528666803,0.7301929823418222,-1.2569131256967065,-19.42278244310035,-27.47115704526263,-27.459523126482964,-26.095404467204727,-11.433366640221056,-3.5253001887169546,-11.259552802981398,-16.7774102773699,-3.9068148712479913,-3.250020083244436,-1.3720827945621623,-4.544339259700255,-12.236222159662626,-12.077539070696782,1.8711695763134824,-5.035412911325693,-4.335503730286915,-4.712400403998158,3.844673882079561,1.8396048901557218,-7.86403032837481,-1.391716622043311,-6.558759795183817,3.510231269716582,-3.527586981756386,0.23700522990306788,6.225216824538645,5.566924078094703,0.8176406249787278,1.3420162639330813,-1.1193884213614018,0.0977299227719984
7,114,6,19.385371917449852,20.218821521791646,1.834791794532864,-2.0647679048522196,0.07720525400633649,2.183430103988319,0.15898001075881202,-3.338283296117965,-1.2142418142054645,-5.871645722719959,-3.5049306411159797,-2.8124627827144235,-7.078978213160752,-6.5833262619448805,-5.8094959463356295,-0.20364564689012465,-5.508705426507247,-12.201599410394348,-10.000538831667564,-12.350731549284815,-8.068912489146635,-14.729151551634446,-13.745213662955631,-7.678972484589343,-11.038219042758387,-4.29257992546006,-12.041081528202067,-10.253153568996884,-15.482399754953107,-12.45626174631279,18.821875137657422,23.0983271365758,20.655744954066293,20.502500100231668,2.226615425085695,0.7429526975014944,-0.21657378928417875,-0.47786627623547884,24.648358902189788,1.1215112983907862,-4.422588074733162,-3.928456233343015,-0.5529265390686338,4.066016469360899,-5.165225992887851,-9.605506509269878,-6.1502009134089475,-5.660053549181074,-7.480915509096183,-14.23395605058204,-15.984766044994675,-9.212597021424187,-4.799028141787504,-2.1383699542592933,-11.684217440100708,-12.078186174173183,-10.613297304093118,-9.802123022288447,-12.864226565878026,-11.409894845516586,-13.332630694275958,-12.278197522366003
7,115,3,12.792503566890046,8.742947728350392,-0.15281065930498933,-23.803501378023626,18.575110619569713,11.800858655308444,5.195731364576742,9.635537604188057,19.499912513567658,19.460317166294995,5.11874770768634,1.812458918747922,8.42201368802898,15.181312025683672,9.788210964738951,0.4839736037864927,-0.5832236144470226,-2.9194820255790717,6.617860262350346,0.4424768453435507,-1.1767073687075111,2.5887713087949766,-0.7003168065396189,2.6023596623321894,-5.7519774400265655,-4.680476798253949,-7.778107299264974,-5.717855620061664,-8.90578343699936,-11.568600047303065,11.930392399430275,17.419162803965563,8.830825175635706,8.539966800954288,0.6692486249943959,19.832927989796183,15.202244664474224,-3.5304367596556148,-2.7903870222408607,7.794687339871354,14.990794252006541,12.36576033901514,-4.372369081440677,-6.168420817277099,11.173842428984656,3.6087056898977607,13.72865587745497,7.304149946334153,3.218136359403682,7.355782729278247,5.550255577738685,8.70916252601438,-0.015409981127738129,2.685508332487833,-2.894698385467252,-0.4338078554265372,-3.389313207712116,1.3394324354963691,-2.956147915530359,0.412618376445252,0.5473909794307539,-0.9941535716473178
7,116,2,-20.067863451089803,-17.24476380662129,-15.223176943637965,-15.261194524423384,-15.428342579704971,-6.187314392010705,-3.360478646638688,-7.131102894773568,-9.953032328406492,-2.2900947689919207,-3.9098684457017177,-4.754522102714586,-8.408243575065235,-2.3342329993071735,-1.7803535218827597,0.2627506378765514,-5.4228089489355105,-2.0103962690819337,-3.4811795508352743,-6.4508939011067845,-0.6294227828919073,-1.4913344791431626,-0.21931710926370013,0.6141456000325152,-0.03597450856028568,-2.2458811915911188,8.419514124895015,2.9702638923531297,1.184720349066505,3.107216850831745,-20.04787071449001,-24.68572918016738,-17.061190757747152,-17.40135062006642,-15.650319109057522,-9.977550169214512,-14.256532731602295,-10.757288270152916,-8.386850341018745,-7.670126248196488,-8.711272197389384,-4.344216955598538,-5.431260760828129,-3.1396678789552817,-5.736217301880525,-7.103770676000812,0.40668413088452515,-3.2609937710732964,-6.304092968388167,-1.1908719788941482,-2.0888957363445453,-1.097662878563491,-0.875167873165594,-2.2406692138259734,-2.1551273466519465,3.8524165685038714,4.532142372222665,1.2561907249434683,1.6730994362747529,-1.5539009251430191,1.747632223113282,0.3801985445273341
7,117,1,0.20530760873154463,4.886001593007415,0.327284939291821,1.7695174094036838,7.167179236074957,8.622215712066772,3.5451242861269843,2.7362812788753827,5.64880512461702,11.03727946094261,6.366123116643332,1.0042053519538028,6.857382918583089,12.800193113570172,9.958372888496003,2.3815977651535025,3.766320679668994,18.132230578796797,17.949299996605188,6.9813502264470335,6.302829909808479,8.114832355095668,16.339325498335253,13.112183361791265,9.725267810429012,4.492312143057039,4.190324994326546,6.6297026196631,4.673913041493151,5.919320758545724,0.11071559732280178,0.6343378259050778,5.003316391284984,4.688002335259738,-0.2832575404516811,8.651121151906148,11.28837848720481,21.887249713332007,-2.190654204743801,-2.2485316021271364,2.4572296914823406,10.275060988599199,-0.4589372527581177,-0.019802159913699935,2.201011797580047,12.55410682328227,12.79438281942885,6.840142509332162,2.3670608106569015,7.1532628125760915,19.01793322069342,13.235787153931145,6.074848160465678,6.38876615748627,17.42917472444952,13.925702138548349,22.603557142678934,8.63519696173508,4.848232232363574,14.79560044656575,8.252782532354676,6.897674198958044
7,118,6,-0.6386368333293896,-0.614017121993551,-0.1992978034384836,8.017013836470316,12.060320740978074,2.75949157148645,7.118755298277656,-0.8796929159462902,4.374124166595453,5.709093525835382,6.178024948199805,1.8781056698729723,0.640693320756459,1.657800117910771,7.3454605627282525,13.25782303548441,3.2500689215688383,1.9127283738443357,5.696249643119235,6.089828347764548,-0.8791034291044046,5.158648907252382,9.144073987975949,11.202424374499877,-1.1411406268342983,-0.22393082890364188,-6.6712437351376295,1.4663602288403523,2.073042417899138,-7.5034168186205665,0.3594789212433298,-5.616987823803979,-1.0169074090947279,-0.547302348011105,0.10307040162918293,5.460259293115173,-2.2935118965645556,6.2279247686653045,6.105965198789968,4.178806257258146,2.73463255173822,6.975078933673527,8.369432562786132,9.484149641016637,3.102629780419037,3.4886607391668893,4.61739622756112,9.74239305569222,2.040737625665781,7.226098111637574,1.6330297304482033,8.940512520851703,7.949612077643594,2.7054877284028356,2.0918030627582946,8.22950129446619,-4.601135251301807,2.6781556618786073,0.8367557784587873,6.324511136064623,7.150944856469655,4.621167801184262
7,119,1,8.884434620980407,6.680302666318485,3.9597461235868505,6.3793216349398,4.5332903253828825,3.8883644977766205,5.848244776267829,5.034495520521887,1.2228843020048081,0.24812066951403133,2.666738881542144,1.6400012521083167,2.495624051639447,7.127916152838887,-1.1006898050219167,1.7036490841291672,2.6538372790077465,3.247972563386144,1.5107289179023802,4.880315351782639,-1.9178251698613167,-0.017701392771857616,5.491735313482376,-1.239069911292127,0.010862787117863926,-1.4303414540183614,-0.7170875004163333,-1.4991392654752944,-1.3531626951199296,0.9695914680388098,8.962052059518852,4.008444852184325,7.1723425307924416,7.319918985957023,4.751517212336382,3.535808271492784,5.327893425301625,10.0999617430615,8.60497967703779,3.0663361841409524,3.8928097659404686,1.6297766813776233,3.3771739871888538,6.277917643955047,1.8232154099656848,5.491721976349677,-0.857634894884896,0.3410640150626617,0.5603368227006642,3.2071804845579255,0.5873808384952475,-0.05764688983937205,-0.8658740011202849,-2.512895500048903,3.695156138731031,-3.2537740094178353,0.3926302112820676,-2.5308362731976963,-0.6880713143136078,-1.6009864900374735,-2.1496538512136145,-2.6502385483657167
8,0,6,15.958214551755573,10.995118846980533,-8.642472591466934,-8.50502134031593,0.11716528016528552,-7.581004355579806,-6.795743251401119,-12.974100898474266,-13.589594422975875,-14.904255143571177,-17.63486765476125,2.946319894859475,-1.3388506445079682,-19.007637850894803,-16.16769795375308,-6.326375290501592,-8.590696871110309,1.2457059367173704,1.6220290141588996,-15.038619275000418,-6.211510489388118,-9.16822730721452,-6.741945845358887,-9.924857038731984,-9.097788819299293,-4.367639338733948,-4.705451683641029,2.523270210307999,-3.811141805314435,-2.3024438759851527,-9.390129246680832,-7.393081882991255,-9.010300833777311,10.899763389422395,-9.186581408633376,-9.553463570756568,-9.747769656136823,-8.09956871908975,-1.5970423924225585,-1.3817531862608496,-7.581781140256032,-19.939571972868247,4.255572992944859,12.996328963051988,-10.35080463877629,-7.795696119241207,-16.103065248862723,-16.58428429433417,-8.046199670958716,-7.550958622156118,-10.251216571721272,-15.753899944531613,-11.410191452085254,-4.847733116413396,-8.233683944702507,-12.687626255494424,-8.226782466761955,-4.855729911340079,-5.453586309534928,-3.8380803647451103,-2.3376283224944636,-7.12993068120829
8,1,3,3.8846377205875937,-11.525594096074293,2.524644506322902,2.9772619052176807,3.152795703332054,-9.399739523668112,-6.524525444846736,5.752848120269984,0.2825508623940465,-4.434990643319196,-7.722907338615101,0.20323906836551497,-3.817545295613481,-1.9049484607899827,-8.658157679547626,-3.68772243891229,5.0192135237157345,-6.02039129586845,-12.341398689078119,-5.934416840216375,4.9741998069363165,-0.7678132569190219,-3.153203928161687,-7.228522750935183,-1.8641771903579543,0.12118862192260149,-0.42779008671641316,-4.851796242249447,-2.9288422597981065,-0.11055263900765891,2.696005548236939,4.205868651681557,-3.565328833715215,-11.483438396326655,2.8877422089529468,3.3030439385826242,-2.707657336370973,-9.076377401331428,-2.44903735938005,2.5876538234467565,0.5968705390284714,-4.007091115546843,-3.86756832979438,-0.24140122405639491,4.140787941244687,-4.103283055671831,-7.068873315322691,-5.2532551750177285,5.888497005404184,-0.35828773552415727,-6.286241242662072,-8.462567034438706,-1.0564690147208562,2.185607386071509,-1.6293487830950695,-5.856210519264382,-3.0751070477886175,2.3290438042363033,-0.9294545715277235,-4.396858354138846,-5.711708337295706,-2.1161945578528636
8,2,2,-8.522737993733815,1.2146943327857236,-14.244126309152316,-14.038586824996068,-6.4385014503467355,-6.3209576501352,0.558797988359159,-9.6346775189769,-8.04335143387874,-3.6607739291176538,-0.6996652000561022,-6.956976191129347,-2.9899196479889794,-2.05243816529969,0.2851303332462566,2.774680107516782,-4.21748056994161,0.4547484730563409,1.1419053907710586,2.0940062055994577,-2.589635662234772,0.969140319994127,4.220219262465323,3.764843294749083,0.36421316271511667,-3.785229015578633,2.089624419146808,1.1290885715222942,1.903833079731045,2.839382386039489,-13.51411668479261,-12.761769469236812,-8.420152485029915,0.6919371609507882,-13.427086762220766,-14.007833940363136,-5.791239347218011,-5.900975413893062,-7.78566762167256,-9.846272021395766,-3.651661646492755,-0.8840622382193077,-3.383879496420662,1.9463670829413227,-6.009147766046226,-2.3885475586895373,-0.9361867049464747,1.0257759462224256,-3.9660309613341562,-1.5548768625935434,-0.3162514805657455,1.7956007444590796,2.4881256447612343,-2.8642096432612982,1.6357224669034895,4.174916698483796,4.391102184337086,-2.707687176673149,0.3070297568536752,2.8837189115697464,4.180244699756545,3.8337581903196707
8,3,6,2.769391867653013,4.858309208211011,3.738820992909921,2.6229975908744807,-7.851236239473173,-0.5277066682351765,2.3528054558513,5.481331509890082,1.777485845996658,-0.7052520736143377,6.679773216908825,22.844752178868138,3.6119559039702516,2.5984192835848523,2.373808657307541,1.6922883118570957,10.325041228064855,8.487902208435825,1.2658626201857865,5.624409638152163,8.264436761064955,11.241110954524537,5.694628991368345,9.887172847997585,7.011829291288624,4.079123045353325,4.989237588170134,8.803018359796761,4.976450415089632,0.8997075567703422,2.358531773770395,-4.196138996630907,-1.9921177709020852,4.418170287569123,2.7667329011927957,2.0512332355648994,-1.3210044285714075,0.5000410907356659,-5.046460756537982,12.094689532614703,3.0818690826616626,0.05297087520224808,6.970231386128721,0.2677820833604321,5.541552368341374,3.3287177591516484,0.8340591167713078,3.48752077278204,6.6621560144079135,6.586897389724755,4.047583476004262,7.361582197589662,5.887262078848236,16.57504237279659,6.615040951113145,8.253581646738981,10.909990977132457,4.683960564815009,15.927172943904278,10.039353157211908,1.1436383276269184,5.97704056096149
8,4,1,9.047526731042238,6.113575809907812,3.3039403117897845,3.154797386332621,5.069266410862526,4.442688804301553,5.120564178611917,1.4859819505818015,2.7852662677263336,5.059775609034687,3.8407991500798477,-0.7589100515015601,1.6325754420150342,2.9934549150852146,4.0441178106816515,-0.026092051256522197,0.9310875869378795,2.7878356601861185,0.13541972182872664,2.244324246614534,-1.5603342793041435,3.3971246454592157,6.736817118961637,4.961522413145113,1.3432523596850103,-1.0941132360532666,3.625001925515103,1.2254099197367694,2.7424334982728062,-0.6637936815187869,3.7145613975732092,4.066913444003683,7.259783442154885,6.310471098631525,4.094947509058728,3.2729983839615233,4.903412569302881,4.735895637604528,-5.074405195282365,-1.4618616710167107,2.0705732834956994,5.299035780858702,-0.79412436916808,0.2613586465396545,1.277484580511,3.817485584672994,3.7193416569654474,3.6507952343445407,-0.8465973248409979,3.9683613037554197,5.205283729404931,4.561208496824266,1.6218697214839863,2.6815055818126616,4.946723431893961,5.735888417355904,0.8917603962231321,-3.1536322171663524,2.046642270552496,3.4746141281978367,3.845061337847903,1.3900487831816415
8,5,2,-76.21952928193828,-5.625425479116443,-5.956286467202917,-5.065312869665095,-7.216721537227672,-1.630673266674689,8.356864290641305,-4.799821227788925,-3.796422639089386,-8.466570371000957,1.1691128963926833,-18.226579300468646,1.8774722144234808,-6.675789567903138,-4.95529793315885,-3.708038384347545,-9.109560121577687,-0.9506268324898315,1.0836066681800816,-2.1922298603259573,-7.142399049170953,-8.104339165336219,-7.1777328778648855,-6.551971931788474,-6.012633317309181,-5.744363234878134,-5.27534387643284,-5.25971845651,-6.1305554460098115,-4.077808530138034,-6.633643934366908,-4.049525474289026,0.14513946956068957,-5.377969271344375,-5.4524709741789374,-5.685755730402178,-3.8923956532735504,-1.9122781473916148,-12.452070797305185,-12.260503463403092,-5.225888454400726,-3.4866244777037614,-3.5996668148081614,2.273254624249914,-6.718891299721536,-1.9996267526705802,-6.226498496204777,-1.7488742056870592,-7.23844164875677,-6.894464815262612,-6.192558969395153,-6.066689689416533,-1.2933090735544872,-9.487317152274489,-5.305877395882842,-6.380043103207021,-3.7060465839941346,-10.617670504626155,-10.018051348138236,-5.54404208609244,-4.887050290401775,-9.708671265940472
8,6,1,-9.589355055515352,-11.19946333936348,-8.533364136226286,-8.69380030208607,2.800821943821886,-10.66830101266231,-7.54579003341496,-5.139963942693499,0.1560245140387539,0.9053143312041532,-1.8782389680173555,-8.34460501256683,1.407148094950017,3.3606756379509863,0.00858442730656972,-4.817189394291944,-3.4005406096963786,9.8148022993445,13.978146843975642,0.8168403901068899,-3.341166233626852,1.2692087209306488,1.8116145834167723,1.4945464340470176,-1.37108733096137,-4.934573702718609,-0.9616711200214922,-1.7270743950474543,0.5011166547107082,-2.526188187460164,-7.840570420844527,-11.271306096871454,-12.674560203285122,-10.516419513639434,-8.115413334038921,-7.854074536254867,-4.467356718860833,-11.385374158950196,-8.845084370341057,-6.03852620840118,-2.9915427760016646,-4.139632715275747,0.20265156679457214,-5.0913649728953265,-3.7275874453437736,3.0066304959288623,2.668160736799334,0.802987707619806,-2.5772767368158918,-0.2100110769998752,7.113877070572926,2.7431405099881103,-1.1831050458841195,-3.723962487244023,0.9654555874081674,3.0609356353014014,0.572780324873037,-3.7064648870969314,0.6283403242733798,0.9941368219101925,3.216233160187741,-5.499825016856647
8,7,2,11.993079884546367,9.151357240861328,-1.6521643653239413,-1.8148414143588296,0.658973565325141,1.2538622758683462,6.8802935248184,-2.901186528252211,-4.030394687520329,-2.858722363757651,1.7836901241879366,-0.9308387245982885,-4.64812884452503,-4.86031098324215,-3.569302394370002,4.98115103175614,-0.18484528372972875,-6.979443364935674,-2.780645261473225,-1.4566632095076957,2.8398602730367446,-1.2434155777346638,-2.4211029776531046,-1.398374396989622,-2.4476730225653185,2.3995819453905316,0.23207981108755874,-4.284164716017561,0.1414846806309945,-0.14104644372695818,-1.9973959776731904,0.5711270174261467,1.7051452084603484,9.39482979508254,-1.530866251247594,-1.4505883422566637,-1.9860329805396324,1.2463832406508852,0.09174040924167087,-2.122269327241199,-3.6943948305688967,-0.8773599855556367,7.934641239778474,7.396786567720967,-2.1161645865294987,-4.207541788133181,-4.165515655151954,-1.2095057209456779,0.5684182381742948,-4.138049287494364,-3.6164175104804164,-3.181596469588397,0.6087712418833162,-0.08417172321095734,-2.7207133903099976,-2.2700279971993536,-0.11244480075632413,3.0091599111513414,0.4273418335062331,-5.6773805316742045,2.388059577018748,0.862222594822327
8,8,4,12.461342533823197,-5.202465303196776,-0.8834248780068472,-1.0279767946226572,-6.065196049580688,-4.830743291744643,-5.092928454893211,-0.04157797667402241,-3.626924087043578,-4.23550607236784,-4.8786749668510225,-8.721485764313512,-4.5131672456996865,-3.818710422552215,-3.2972081222048963,-7.852102699575993,0.4058508979520067,-6.8673171858174,-9.492455953289186,-4.836330166109267,-2.7618730669704887,-2.6901795980179775,-5.629538408594159,-2.1023417486377607,-6.475926458858313,-2.349947314186976,-6.708603854541002,-2.526775739292004,-7.183698110782158,-2.3333062030624863,0.13125696266070008,1.185106678343402,1.473513442284725,-6.3268234565649655,-1.1664638818446091,-0.3442954810835978,-1.3021226080997672,-4.365557946264744,-3.785687082895735,-4.998519175208923,-1.0402262037642651,-5.107856791585732,-10.0795370501398,-4.5270597622956945,-2.464274385432917,-4.9832025106723705,-5.149195645904599,-4.686649458664584,-4.66157322515529,-2.3725439120402045,-4.345241927612777,-3.5891602189711724,-4.256797938993792,-4.97367192277892,-3.1182983308780625,-3.2134746165219217,-5.787883252711833,-1.4244664372739995,-6.062028970751099,-2.470926843788021,-6.523698889582251,-5.328015859942978
8,9,2,8.968045481889533,11.385284590302035,8.432820191039001,7.5747303010487,4.996158795113245,13.772428017314066,7.575646458852399,6.2701976745298555,8.300676946550968,13.33774630275623,12.25550402622534,2.064767175217771,6.649966369042313,11.229867467247857,16.44112654973287,17.635883328391287,6.366090986786817,10.156199875855588,11.543420242191084,11.632133278245439,1.6752488663102083,9.977000922918686,12.66409371672312,10.70425231673005,3.9532737850052553,0.060659025636752156,3.6082512841718968,7.750403479650256,0.7696655601796872,-1.8889447063116762,7.5164016110867955,7.632700410549435,12.84409889082492,11.17905789337734,7.886460585474243,8.00885411728991,11.40614825539453,14.274909090454457,5.011385853832485,7.818780566386809,7.080843822053843,13.872125556942354,7.473001204203907,-2.8357174909878062,6.031057091986353,10.347020048466394,15.080286721221919,12.571835271673416,2.308409245707456,10.956966768700353,12.320594794503071,16.52533801681385,7.768219769682464,7.08289523931538,10.34013859956048,12.349604635749285,8.891123860972233,5.302282284218364,2.7657867780000664,1.284654913776805,6.250439555861238,-0.46561356468080817
8,10,4,0.4538522121019489,-21.20515571789043,3.7748321002667313,4.791087313895901,-1.091514017251203,-6.155352835157291,-7.458610721477645,8.493538896249394,10.882883276517811,0.43524924524854924,-1.6602508536335547,6.894106340713846,9.365511185580447,6.129669105713598,-0.015485960172443913,6.796619668239494,12.544926744863012,16.427244049019922,19.344484227732206,3.8231221630078966,13.285154098781156,13.489299419994776,6.852558155612256,6.568015316455837,8.258571119183992,6.3554947541986975,9.204168580608757,7.6109803495928645,9.76378333941102,4.264286973956614,4.541270942813383,0.5043333903999981,-8.948616092570314,-21.811427485811095,4.6322545391711865,5.021026001232341,-0.9124248184081978,-5.280811210821675,4.713538183785252,7.4624846942223,10.92277819031802,0.7178600055120192,-4.297768342217838,-5.0940637994080555,10.41911206068471,9.918124789752548,2.7060441531016655,1.8796730350430395,10.165869720189315,15.252623725320463,7.247823053970933,2.3502064092289183,5.642086392768276,13.773702793459337,12.651346204575246,5.627028862468711,9.061190147128912,11.686916522977013,8.03522519194862,7.916048089814626,9.045196171441091,9.812073614448309
8,11,1,11.407801279582358,22.715576609999815,14.307125628539708,14.765897637505715,14.653781371350144,23.588016787157724,18.278175962810604,7.334932438892929,17.853443297353106,18.195836536231358,18.634412004044513,7.759217037296877,14.90024169429955,15.142021418583187,19.36943099581815,13.613664930677833,11.546776378084342,13.136927362679073,13.989111525892488,15.09078348924906,9.512034926819046,13.399262004702281,14.905709073492673,16.459948791156915,12.189188427155516,9.863530665221505,7.925987127787864,5.143688531774211,10.551932419357797,14.811767784583312,13.743776526529249,15.26644664889814,21.781710466664563,23.223126613194264,14.33837653057105,14.572179021075275,19.718347313473142,23.558050976066703,4.194605205775934,10.006847677684226,16.573907317434685,21.0005622941819,17.293241049730916,13.627975602554743,7.9139667426849245,15.769066971249691,17.83547729944311,15.12127730061822,6.577506262536453,15.987174788444513,14.558993795294619,18.1449969856114,13.890121091205463,13.844300558404413,15.843748056397937,15.80365395207503,15.522327818362628,15.372965987172632,10.617989082786645,9.245198835204238,12.297191526331915,14.774292806640455
8,12,3,4.167158797928468,-10.352368164830276,-5.859377403993432,-5.8694457702066085,-3.1221324088642475,-11.895184845004867,-12.970963939388353,-4.121029610132298,-6.881269368084672,-9.800162794250179,-11.316907484618177,9.686313859209784,-2.1397469892370977,-7.463311258612608,-10.673957594920228,-13.917687060268854,-1.8245510972529437,-3.8543231445932533,-1.0645852564129847,-11.564393588046475,-3.5902657036317462,-7.1927407982123155,-7.047302557655227,-8.379948690124763,-7.738154085898177,-7.433006719634985,-7.289480543167261,-11.44947890369449,-10.82812970340615,-12.14140612395799,-5.923681328073144,-8.991060361936235,-12.154223130879602,-10.776234369225259,-6.073461688691522,-6.549402568125869,-10.185090217830204,-12.14257128268662,3.133067220812895,-3.2606892461729466,-3.751408952947071,-12.788050638489059,-6.620617871104578,-9.989847923089501,-1.773143832560447,-5.888666195567791,-7.866712422360006,-12.25646020587897,-0.6669903554749208,-5.162211779913888,-7.805326244816545,-10.074487832079571,-10.15665783378773,-5.253295016543166,-8.068865929707524,-9.286358632658404,-8.849944220628682,-8.101919086935373,-6.358143818655575,-8.12480447404995,-9.740021689420157,-8.162090271146305
8,13,6,-34.55602794706184,-29.09994207239686,-34.013402912606026,-34.252105404804546,-22.265299637188633,-28.381195675922417,-21.956357834270083,-30.270110415249317,-19.955277042189433,-23.810377037277586,-14.10460362279015,-20.27712545539365,-1.7202328101635351,-13.601206341508494,-10.882355345765177,-7.247952287193252,-5.401262781173898,9.164223953258107,5.450897448060172,-2.0225917543163923,7.172703677515795,-0.2651230426868663,1.3295591400095788,4.361186158729764,3.22729739169704,5.003329213127983,1.9825174394177214,10.043964129213876,5.344935915387442,9.991152545936947,-34.48225318960474,-34.59674941575746,-36.1387892713225,-29.507007711601066,-34.07783644327256,-34.49052882194519,-29.963090800169105,-28.18436997702983,-20.158247295926078,-26.852181807205824,-28.360800100808447,-18.739995044701523,-15.566654522835112,4.49150685473095,-17.11718935663698,-7.428644716149053,-15.500438450335928,-8.297151368030454,-9.925793014841576,-5.180685507269887,-3.3506369830518006,-3.4682107078047766,-0.28084803995017527,3.3198147032001044,-1.5054811844368001,0.9900935801518395,5.118403185885853,2.3775332862874734,1.9959021874337162,3.8533471360796963,-3.823450808617764,6.736647809151467
8,14,4,37.05150307923918,18.939888028382523,6.482021297441748,5.756174466033224,4.941146454069669,7.558039543411998,-4.996019618355715,0.417323397191401,0.18120027933179017,-0.010745529244407415,0.49026151346724034,15.993418794341107,10.87277505394616,-0.10164921221936851,-4.3295370313997665,-1.7341551045637311,-1.111571014131897,3.6144356000714257,10.662753985876702,-3.7087853135677373,3.872567734794644,-2.022542040749659,-2.7803964096053324,-3.0988089212375463,4.455804584530137,-3.4354262507702344,-1.442790625350005,-6.390121549595056,-3.9408053283397924,-2.034223580284317,6.680749105425864,2.2231918558841812,-1.6097298763328936,19.26669603136437,6.4287914827568216,6.6459031582514605,-0.17403997944259353,7.832235018609138,7.400053006914875,7.121734609963688,-0.2927586661833459,-2.763456489845385,-2.9790544577465363,1.9675892938564474,-2.5189282228352456,-0.7904894517325801,-2.9940423981809063,-4.625940666034271,-0.797221616523841,-1.2681133161049063,-1.4229925536755008,-4.685623643692675,-2.8178613758134867,0.8029179783401661,-3.9715980133268873,-4.330313955865253,-0.20995134748688882,2.3678133760283635,1.283011702638934,-1.878637307800533,-1.0301775659275474,4.592230108066845
8,15,2,2.6911356303977163,-1.4737025883684816,-0.7229688076029819,-1.0629820269986814,-7.445186370279548,-5.194348897784948,-3.798265105635836,-1.3401751024421389,-6.287585772803938,-3.8095882800975582,-4.119625602394524,14.015880731065064,-4.05795063358652,-1.6348359654771099,-3.0635647380315696,2.4924078729208086,7.020782271263806,-1.9103262565303125,2.36931717954576,-0.2602134014865968,0.6985796834115047,1.394301214300824,2.3953793334161357,2.020590072861168,1.9158334045148453,-2.882324612154283,-0.5195504027168911,4.077101407106966,0.5429435801442426,3.665753298541304,-0.4567702413116368,0.6487359335275475,-5.242937872958619,-1.4545021434655283,-0.47168842667256744,-1.7414051536924964,-5.566479283884714,-5.228149082284514,5.112746558152139,5.969840375547548,-3.9107894641120104,-7.336027855144406,2.0529262097098133,0.7167445720150721,2.3970623772205193,-3.8086022964973982,-1.4633455127875137,-2.511459003679635,9.318684861790842,-0.26482423627749085,0.6718801798344403,0.09616204956475496,1.1426026501995215,5.817361315683939,1.945072526975379,1.1131843617753825,1.68632306636697,-1.1829159506710192,7.142279387247271,2.2576093289592305,1.3159653754314298,-0.43110644771921813
8,16,3,2.6297198672574487,4.522030521820229,1.5089766797496016,2.014465265055523,-0.24132162859527234,-0.1379690232073435,-1.722732475708899,-0.36681229207755545,0.6005353385173728,-0.3735644137713931,-0.3393559120595455,-3.3655254965337136,0.2440899565884059,1.1349740962884027,-0.9648082370460971,-0.7104804292207647,-1.4309993629548243,2.528369147892727,1.605846041711279,-1.0326575603926675,-4.481348928881856,0.7869540588566797,3.1963853636620185,-1.3144914310698066,-2.50338253742311,-0.6613238267820591,-1.3382332197095193,-4.554147616392228,-3.8765611430493783,-3.553896126638325,2.0655937693422555,-1.6190811785437753,-2.476165054695367,3.501951113320527,1.534033216944919,0.8158346293721224,-1.575501404475514,-0.2718351959909613,1.438259315517982,-0.7257074609387495,1.061298888403829,0.7624155888106805,0.4784106373582506,-1.3748019039091406,-1.6273768167124993,2.1338115241151434,-1.9629684646682015,-0.8819609639666393,-0.22903241900863408,-0.550681603027555,-1.2170148137502586,-0.31799441257990957,-2.0598475765436888,-2.5405886117368937,-0.5974380684698497,0.7906586798135058,-1.5812477794271433,-6.160521425648939,-5.6853973014143895,4.443405931804141,6.764512445959382,-0.19560076458743136
8,17,6,5.89214202016592,8.449281914977403,5.73713321206955,5.207962664752839,-1.2586425674465906,2.3732210245982888,6.769143331773221,5.6076190886882715,9.1071900121595,4.645021694235318,2.2047979077437834,2.478784257171267,20.44375616992348,9.479499631811214,10.31985261309438,2.628504844484624,7.445724063234904,10.198315621058386,20.921409942720825,6.60092936224509,5.475794456884968,7.810992752894666,13.311724144465687,12.325753410051506,1.4694802094387212,2.9256155529973746,5.484149964401359,-3.043069701891667,1.8625141106000749,6.510383962767152,6.155392774517032,1.6971880899253873,1.4420435196015848,7.791792307185334,5.074415126077191,5.25673078018718,1.9159629488159435,2.9390301027948498,8.628560119399394,2.4944494494305167,10.60538130555665,6.789708283979713,4.936047626670635,-1.9680573354275028,8.225627266688319,12.51461198118448,9.572146306859283,4.761898198187712,3.098241376338481,9.482308064002497,13.663678029234083,11.137997659479781,3.680830891312259,1.8979175782665931,12.136128177775488,12.067770866540867,6.362685056359274,7.228701977672556,6.399213831587812,6.282138183769746,24.16213159833285,1.4724181665607334
8,18,5,19.72011011296092,24.419496788901704,28.047366808645616,28.19400022351522,22.507388073723856,27.232020270374644,20.65765106568976,28.295161449781983,29.195297525332435,28.03767705965493,18.5416657001507,28.675936253048576,28.022021590493527,28.10262819388652,22.588103982654008,22.434190795756876,25.646500005273193,24.541053940292162,22.26604661172848,14.127837597506074,17.80719459967662,54.26582049801032,22.907333225693268,14.138612873920406,4.82516635209322,-2.2842192702760586,11.623110454949765,-0.5466780368147846,-1.6407018031061815,-1.4571213046111517,28.005281087022464,25.35734651548355,27.577779880951997,24.07236303640073,27.5432427083483,28.084951181238697,27.05937463757243,27.48946523584607,39.42215463591787,34.40551078265034,22.551395867814907,22.52229636005712,11.12327863366865,6.450242770142946,28.183274643609256,26.324534733575316,27.401818163840627,17.876199012473876,23.63664585292884,27.17419929047139,26.687582898067262,21.749184853192894,11.831378957574692,19.78201380846793,22.07603287801328,21.729536254322394,9.847536840203514,16.101720968034215,14.6853507622713,12.842375951432976,13.665779115586757,-1.5881093003682034
8,19,3,-10.601079168661332,-8.272792023288574,-22.554881297744718,-23.278407801351506,-22.552670643097027,-21.101942709669846,-6.9407234940132705,-15.692414171630283,-21.139567099239024,-23.354054904338444,-13.148369877871753,-12.194795313279888,-17.55346426915196,-21.611813370774456,-23.099627890442406,-11.07756774451174,-12.107516425525441,-5.829919402862385,-10.121752089525502,-10.00230642017431,-6.4703596274527495,-8.065589484474739,-9.3795531372108,-8.630741028251457,-3.4009390338295598,1.799713830497661,-1.6852773954274123,-2.911175287351371,-3.911705786157853,-4.1898449453661595,-22.30587177859368,-23.92200517836138,-20.598625411620223,-8.963205760912734,-22.741668726022315,-22.4900496284273,-24.79123896270674,-21.493253828367077,-21.0010603411924,-22.95407988260524,-20.388385173734044,-23.440925504512517,-3.8792797978002,-1.7314562645808955,-14.783465038258115,-17.994658896926698,-24.03572456247923,-12.53960871083729,-10.619582464124168,-13.320646993111726,-13.881795409521677,-16.460964433019747,-4.543451930509834,-7.410529757054848,-8.771399313265963,-11.50801677633894,-4.152200725974469,-5.570492583667718,-9.515570432720034,-7.171737548872459,-8.023931704189,-3.26460307450375
8,20,6,3.2252159302191057,3.586799981039181,1.4759931816923895,0.10263539437295371,-6.815342207234811,-0.4387248701361993,-1.5580935480709135,-0.718746257400728,-6.999480395100821,-6.633763543046198,-0.8966302616215069,6.204101208813217,2.5085710104009715,-1.9235116810447024,-3.843517883760266,1.1063127485103905,0.40754379368409843,1.3490981809261071,1.499187196718481,-1.8755898837954152,7.220894283456046,7.1324999806153135,7.0495631448106835,3.399106677076441,1.5914554742800946,8.849565841530156,5.636011473243915,7.435337085390416,-3.739020204772074,5.9611961282108235,1.2211974187549672,-5.4638338999868115,-4.185861473766775,3.3985489080887192,0.6221161227809593,0.48062141453165563,-7.459596702033968,-0.67714829104612,6.976475546079712,13.469381939210907,-0.9704249304514855,-3.1249408659684255,-2.8200324112322286,-11.378472734197253,2.203533101601175,-1.386961602503661,-4.153893677529131,-1.938330383323243,8.548491466323355,4.006991484588605,1.337446445411799,-0.4647074080890099,-1.306494529789212,8.63931577205204,5.27165906946743,2.1960540151268964,1.7543216497614633,6.066849001887731,16.087808277003653,6.483694352141419,13.37616749361111,5.116750003244704
8,21,4,14.341384120103784,17.653510337474014,10.89615817549753,10.907322093867139,26.981178058947396,7.661142682974657,5.104490767710092,5.81287987489344,3.6674461313409727,3.226400985257563,-1.0897313540846834,2.8943151306451824,-0.6030150100634195,0.09504671126785647,-7.160464318105719,-1.5168741038381475,-0.912434905835586,4.800020330926261,1.108334406381243,-8.462646628843574,-3.7231060170295933,-14.882923458401885,-7.273506769967242,-8.720908270103903,-4.133229213244306,-3.4767851300747723,-8.521911449957546,-7.731571470796155,-11.770192023014603,-4.157030725192914,10.815521792576815,12.206974961408765,9.27423873895826,16.873856071791632,10.763746167919248,11.405042852899731,8.348140295981086,6.8861491494448615,18.752513387944642,12.258262724135767,4.067272017142037,-2.0552067104840583,-6.760708217213791,-4.358616671235325,3.34694240042349,3.9450080382024426,-3.0128048335815354,-7.514529491962142,1.1329625077636507,-1.2597379571099472,-3.1553750071538236,-7.915878913433453,-8.518625017824839,-4.230825459312011,-6.912350875484507,-8.457229294064572,-9.014194711929234,-5.178494553638216,-6.7097590117738,-11.70418517943542,-5.637903791835261,-11.297418024867957
8,22,4,-1.1445744097823405,7.882905355528299,7.582259162351854,7.049951705675595,5.864804908223648,7.394944206788775,-3.4083681658773535,2.5779339360391225,9.254510475436179,9.16533918392549,1.6968296110720873,3.723026375581581,14.491801778240715,8.45462966755759,3.4512308673342584,-6.616933055312894,4.159719621150032,7.662736203613774,3.028270891004404,1.507024895127226,1.7438749317534095,-1.2646079430265824,1.521395430105125,4.285758203304397,9.043055270446418,5.911093478400552,-0.7369011856172589,-2.544900727185719,2.9966615952733084,7.729430299950764,6.722695559263229,5.804853017157991,4.9130327551818755,7.766965002673337,7.87178120987132,7.514598890003273,9.667531567375828,7.156849297104265,10.423593438213416,0.8461192724544836,7.063625091854365,-0.7299200663479404,-1.769947063450409,-2.066808781279932,5.289863631458638,10.60822940094215,6.73690681186755,0.8902068374133318,2.0852624068218404,4.981200753119856,4.549636266148857,3.5354325760882817,1.4851852398729184,-4.301054869017493,1.4527693639918229,3.537494092770828,6.8773855080419235,-1.311613292183453,-4.037007178747794,2.869308541727635,6.818578836644383,11.14999797514416
8,23,4,-16.184030204204984,-9.106213921090447,3.6019572183978164,3.9976600499982697,-4.564753731485551,1.513428395273301,-4.005069412063901,-2.4621431616293967,0.23760691504334866,-1.4611545806727961,-3.9820646525519674,-19.9110301588094,10.63225019255244,-0.11913705271918529,-3.5851269088765028,-7.050339933371219,0.9964771914500284,1.167141078676029,8.12947508775084,-8.431087129733749,-2.082902140733669,0.14347641283600812,1.8145524453508055,-4.108182778263966,-3.4981766957108236,3.1964052275856725,-2.1024015243051606,-0.4622475307480205,2.679961943317478,3.2293488812042277,3.457265894314866,-0.03190800645204073,-0.7700839174411646,-9.52878555863323,1.6466769814809286,3.0180331759457175,-1.4967971392339328,1.7292752542828271,6.450870185379192,1.9497730619978293,5.484428745620635,-1.6824490833891201,-8.416527458773245,-3.886619509268755,-1.6804174543244819,-0.41845878886013566,-2.1768037048054913,-8.281854680966491,-2.953042018116547,2.2905928042558266,-0.08289707069307894,-2.49358302494511,-8.930341568559674,-1.468115807306475,0.1921351529294391,-3.041008172375035,-4.753731910139322,3.169038462566165,0.08650209875095882,-5.129875681681058,3.060676718471435,-21.486193061329235
8,24,3,1.1800277164509752,-3.8306709935025443,-7.705788148430793,-7.400889603557377,-8.140579209958274,-6.819485039563802,-9.837956429504578,-8.429742778446986,-5.919548420417242,-6.7796996937121925,-9.066368791223622,-19.649342897160714,-11.55463382974267,-9.773493199177631,-9.239562205674988,-14.96561129366206,-7.753689862594651,-24.930223778333136,-9.562097815779703,-9.94900695098246,-4.4097749573354585,-5.8060181875551375,-2.0736405236373945,-4.1853236677352195,-6.038954467081083,-4.937023579451063,-4.481637689693855,-3.1987355721705586,-4.949631430503984,-7.379766916594946,-7.272550534002672,-7.469694932022628,-5.884792292944898,-3.1648556670946295,-7.396587349542583,-7.3674479119661385,-7.909863754629899,-6.544094437459282,-18.70677259830166,-17.940961210466003,-8.429015865549445,-8.554138165422305,-19.079311264974123,-3.084069972710893,-10.34148310163489,-8.461342044628967,-7.622681979135397,-9.453497235072636,-13.782904623167166,-9.142782647693648,-6.7752282021726264,-8.049535905749249,-13.275892339723484,-8.329846182610934,-6.037629889469116,-5.1373049313452395,-6.2141893638252546,-6.5338966890419945,-5.577931877202927,-2.363989279060284,-3.75518325198351,-6.008789293649726
8,25,4,10.03525016758954,13.284845373343394,4.712442790180809,4.663535161625323,13.813607644125055,9.902210649738949,0.9992058696338889,2.2899256940908392,0.6804446609827111,3.5154153980859837,2.835239435580177,-2.687540574340016,0.591104312958872,-1.0427058673940837,2.111115495697028,4.660049532790003,-0.4217451264763703,9.512164257466793,4.908501545648748,-1.4706553834513172,-9.100557336186219,-0.16576420979165235,0.39386036201442987,-3.3289467888634423,-6.924649820186016,-2.2715317726862145,-3.7912440232523696,-12.247556943293073,-11.089040197846598,-5.3647438529538105,5.594851904344275,4.643697132674482,3.2836142635745222,12.889301832220166,5.7259793216362596,4.638090378752478,4.018175261912916,9.725730890924924,0.286385152199329,5.675279124321917,0.07377476490489299,2.103735970832952,-2.8420612402941727,-12.000339847376061,-0.7731610751006639,0.9951825756799653,0.736164268344734,0.4277005407663882,1.5692374769416517,1.9731463093946648,0.8526423034689807,0.705690323488741,-2.2454794284592325,-1.9384098803033913,-2.1340804482673867,-1.4776462341954104,-5.436387340651778,-2.9208055593090405,0.7826119566836036,-2.9016347496611288,-6.083081829066319,-10.975499904234663
8,26,5,4.17367190831318,0.02892029838545751,-4.738863494871865,-5.757249978484539,-10.684922168031335,-3.1838670086922,1.6842615008127049,-6.156298935152137,-6.881199755319735,-2.610449540701399,7.289141901973181,12.949124226903129,-5.748326973381976,-0.8671422259564077,5.766949898358888,13.65467520655564,5.415145354084216,4.453802904307916,-0.04144864672477072,13.756464029673674,2.111424211202553,14.156110593185925,15.510068615807633,17.9103876115845,21.224227133638607,3.096598106038205,7.211742170751325,14.9977782183304,2.0529860085012706,-1.9542245667927507,-5.3740653118527515,-8.83276533817009,-4.643189377219573,0.12093964913610322,-5.782435796916393,-6.370781582098726,-7.561007170086134,-3.3092084858430226,-2.8168256616265324,6.0847649379837785,-0.8774894276497568,0.5839041023310737,10.964326274422248,4.823592858495495,-0.2155879675978563,-1.3977967338954536,1.67663310537478,10.351481815959069,1.4830639555747918,6.305023516301159,5.625465221612189,13.80613846829014,16.980046861691445,15.2047319295021,13.723958550520782,15.527765527354807,19.328261423549364,4.59737884010211,15.471040015120249,18.52290332253749,6.9121118713988015,19.350359918492863
8,27,6,44.74111806764835,8.930550703824288,9.564995843644551,7.859263047167077,8.561945812382012,7.012606063993965,-3.8370247255647314,1.6611372403255305,4.410641447112116,0.9019582218876699,-2.9691653568297625,-6.690100431050421,0.13522054861503968,2.9581908241039256,-1.899869506298447,-5.466164334790734,1.8518183402626307,6.795335069736012,-2.8420014793462123,-4.033710971497359,-7.877965650863361,-2.020709539241181,-1.1785737984450297,-1.3006784960105078,-2.8618493465388664,-5.576119407151101,-8.020396365556959,4.677168686306331,-6.555009267224767,-10.24232340888006,9.314900673835018,12.582013216051392,4.3420452790380235,9.58092993479676,10.032451789280987,9.440152271946031,1.1388979217991588,7.270349723173353,2.490306617090157,6.532960555471471,6.535988100940678,-0.643417953127406,-2.2098370065185695,5.735938117981364,0.28278004300848675,2.660293320125744,-1.3023515550033544,-2.7308712742950165,-4.443585139767424,1.746593594119501,-1.4031047881666079,-2.759632325629002,0.6165988760795905,-2.684801973129915,-2.510841506016557,-1.77159032629939,-1.164282860961265,-9.237211994554213,-0.33645799292660095,0.04153812594609613,-3.2667840473444705,0.03148965219535188
8,28,4,21.133293088638403,13.046401881908137,7.0020297403311025,7.44116294561181,0.43661334647274774,6.630009162444168,-0.8154860211815975,5.177697842009366,4.463612214366836,3.0085426247337956,3.7172403002112384,19.31830251316835,8.28294011487103,3.5897975172961107,7.254764176723431,8.745167673451872,16.488799320306722,6.495296261750344,9.49929762168265,6.874457623389345,10.513909844136453,11.971309879147332,12.712901699788329,12.60190096511165,15.246190458036416,7.894417655949551,5.304343773213942,15.803454809401906,6.886169152856781,8.609967134569247,6.842230839700234,4.507361152640927,4.0996182362844324,13.259908445633764,7.063993463338148,7.642968007704104,0.11132944429793223,5.645482262959931,8.592081088459166,15.934751513539025,7.929492484323863,4.095674548988091,15.282032290896652,4.238712767650167,8.139314338326363,3.3605161787169755,3.409194846523973,7.611109787552824,12.920333461057984,11.116855055423136,7.4842646853748445,8.821143479063743,8.817737508156315,13.526465681029437,10.318547987753938,10.302813077027475,11.002110016668533,11.270210535333653,18.27457088950975,14.25772006242683,14.839005124721135,19.045092858669413
8,29,3,12.510967136738351,3.880544686371961,2.125276991143461,2.269609772770595,-0.7893242145911206,6.561631941560248,2.535967712983397,1.9792611146482055,8.403770266237057,7.7711278122009295,5.987576999044242,21.437663800514684,3.911148071311775,7.999234001174936,8.085935241366712,6.17742157196229,11.201305772813898,8.280420601277095,3.3976922681237136,8.185164668472344,10.385122647917854,12.153894450242928,5.9756961344974115,11.497171580564325,8.732201441695127,6.369367381557822,4.847404310298035,12.697355961154512,11.304299673258623,9.867802951871079,2.0623870886771414,7.389516548776044,7.141771619548883,3.525772481929603,2.1037060594776755,2.126442017260846,7.2488983810606715,6.895859101162544,3.3542222182788892,5.923850719794272,6.020261743582971,5.92590212317683,9.075072857517206,5.415523755628185,5.372053596304682,6.969384859747639,8.53330431869481,6.9378951106038755,8.85118905409444,7.151282217399007,6.825111657335631,8.906420546981341,0.22324638750131473,15.48202472248415,9.15506184621283,8.995741086148822,11.968830257994917,13.505562167120637,21.36407825171311,12.19250462618699,15.822187231535581,12.751860447863978
8,30,6,14.16698554175815,4.307607752421487,4.348130029739764,4.310784633771132,2.270675320041975,13.107140535846494,5.112158956369617,4.11761386438114,3.138554569833529,4.334844892799129,5.2512335525598495,2.9900191196825414,1.7729645744647526,2.2293264156252857,5.99279543409896,1.2082011885146,2.1349867048741498,5.08394567181197,5.858690275106485,2.635306675759395,1.6442769373335488,3.828390425854793,1.1833540289549178,6.887105289903445,4.00247021401074,-1.308038121947547,4.210320228892491,1.3243705914015091,1.239023647986626,5.529611784186808,4.301014950476224,5.209097838520479,9.402747138834949,5.322548517002584,4.951782628802989,3.7320589652830156,7.639930564853387,12.835713487721142,-3.4902294926436213,3.8738124614422453,3.8329118085150604,6.383727970010625,7.647180560144328,-4.3218089794774155,1.2529261869537391,2.7183231276164714,3.778536608385877,4.277582000958073,2.342906491785513,2.8981691653295063,3.7276273553789245,6.426232129358116,3.002029449077003,1.8672643278657295,3.2770813706717097,4.2827904188051455,6.092502896083379,4.8861042031700315,9.446376504421954,-5.819034287001845,6.119979128991136,5.915714312958101
8,31,2,2.085551265081982,-8.419913468289005,-7.269343792120135,-7.639392722488904,-5.4806943311605885,-9.591217343127587,-14.993286784284004,-10.547919065941398,-5.837896267860766,-5.666634911036676,-9.614590675161196,-4.919466217343767,-2.6413417189586443,-2.1697527884800976,-3.830661022286043,0.42582819855022175,-3.5768411953638246,1.2924924262049728,2.512285659225975,-4.741492532085763,-1.0277378578995444,1.295758969149773,2.5633740985940676,-0.9969750996338336,-0.37669142049158105,4.799930782409432,3.395361989361759,6.038645680709862,-0.7050329728233744,1.3175288440387052,-7.632800057076102,-12.017220012480161,-15.020364738024748,-8.278189868870669,-8.19712510568703,-7.591978943838577,-10.204579602961038,-9.662153930198858,-5.41385073203412,-8.223167507114203,-4.741652006056251,-7.987871009186364,-9.281628230132347,-13.163248408895285,-9.104052880279175,-3.2734365277446638,-3.519647762713187,-6.449963972713546,-4.067700329986282,-1.0354259971801838,0.024050454802173715,-3.0428704391347177,-6.862238167421662,5.343342459735054,1.3565972741216212,0.5391692595510984,-1.4667713927877362,7.6110898994431855,5.426478464406248,1.469998046596786,2.7528801224217156,0.48822998891516534
8,32,4,18.851583428643988,6.0618995144826915,6.748817404891119,6.010731145075139,9.93642909986126,7.7903879684305295,1.7611633315114545,8.056925322031372,7.165483523899885,10.804238618807238,4.937999519315071,17.778712364515613,11.205319099338361,9.616114322073392,6.210584325216163,10.54635560881097,10.25803840259181,11.102076279908053,8.289831665776127,6.37345053741663,7.093571115830316,5.634637358666558,2.208821328061564,4.9994253843977345,12.364752246021503,2.8486241116756337,2.3334655967177587,4.795160486272012,0.6133921471447106,2.6796233257372513,7.161091700832289,8.181888325868183,6.543935110883381,6.2898962445814055,7.47855824820425,7.054980779611847,10.029583602979013,7.552412721887803,8.436554594540384,12.755963496360552,8.487105497465725,7.330789647133253,2.5277417948605816,0.8648219102675587,11.376520811500617,7.353664888557407,8.26247486347196,4.712104133352998,6.882325107095448,6.510025376706699,7.894218510610236,4.974448786321574,9.24057799854838,10.277189162309941,5.302451645807794,3.923616463136746,8.87660396928195,11.126943263022234,5.280353045727055,4.38684983632709,5.262407368804304,3.1459837773383206
8,33,4,5.3713565356745505,5.063470510743197,2.8655739037842487,2.065793008089246,-0.8268689193376693,-2.7833640681716005,-5.096055532550081,-1.808457655900318,-3.400709863116105,-5.325137814387632,-9.718022675809973,10.600860037767083,0.03333219980094054,-6.396863584895045,-8.489824159496754,-3.19709238074947,1.9954739291413979,-0.7151113268266218,-4.127004942107127,-6.310710096107109,7.93465120199977,1.1981129126797896,-4.401648627435103,-5.805092053851347,0.9828933680702641,4.058817074679566,6.5229220045503356,9.80135790501698,-0.621418940283859,5.515291018031037,2.658331366505747,3.5745008764561383,-4.789812654143247,4.543969838033861,2.1339110951393674,2.4114130317665112,-4.926766008558888,-3.2175875732493466,7.6985380810475315,4.247825080176768,2.8251114278668306,-6.699700658209622,-7.267979493444196,-1.8814257947478166,-0.8392576454434459,-5.017420907113021,-6.796938326879881,-7.66602257275727,2.8081117712256556,1.2902417227898433,-6.8336463942669585,-8.599470568639108,-2.0271130028839512,10.280176785172575,0.6146171182712032,-6.720534497690978,-3.344771385948861,7.864889751483758,9.50710534126066,-46.37345466163104,2.238936608227072,6.7434595686996825
8,34,4,20.217940447534012,26.7625726445964,32.27840128427419,32.46267892490709,36.638303012382714,26.29103363673314,21.85766615287014,27.197154724016407,35.48152890728171,32.073887248160084,22.69340835856954,24.73314912296925,23.374769260402676,30.655306633198396,25.549063618273617,14.94628122557953,13.733618529513478,20.923570857905794,42.41994176932229,15.265361035197255,3.703596714202582,17.64562295058104,20.52398414201127,17.926710028235423,1.8795933733898669,0.475612183817004,4.262235432227214,11.650576958796247,2.698037187412677,-3.1097039323890705,32.41048493536142,36.99994639626407,36.399819376923894,26.23304329024312,32.102688263647444,32.137384609023975,36.23921406917878,26.16949660081141,6.474890791630743,19.835512624258506,27.157090359709606,24.388545064208753,16.8926584921641,18.138264749380873,22.193227734007877,30.271494625295286,30.534954563964444,18.5470635322201,14.102721442218586,18.96082157687079,27.764855594703597,21.910856074040232,7.543788335785819,10.506191622534,19.79104682912189,20.696679761792304,8.903661932750818,6.411931327612304,11.895662974929675,20.78825080113075,8.455645677974307,0.8306731936953431
8,35,3,2.5338764477339453,3.1115064903548566,12.137940507075495,12.391819978723445,14.609793305147162,5.918373224722993,-6.885930070278755,9.440889318814358,11.972614559367663,11.046715490576787,0.959749183185945,-2.2915489595133507,18.692202942491303,14.532941338742472,6.380939530208707,-9.8626343428907,4.7834789158503845,22.214778441935778,15.363793852307442,1.712873254243919,1.1453412781446823,10.352258604127778,15.436582789120337,7.158064272141131,-0.32526424776751384,-0.2620258841481873,-1.03367329104917,4.327724534563904,4.054216088624898,-4.814241557926504,12.237309657355272,8.463901425484663,1.244411295223074,2.8011007593013346,12.543104207620216,12.568280154702865,5.6694431757872445,6.353901359752368,-1.9002179977293832,1.9089519842300668,14.395948203098841,6.023129942713353,-3.1866356395866475,-5.573968270102169,5.292233912149304,18.31548157425187,11.965563665939177,-0.48694542277513614,0.5785265251889091,10.654338841212962,19.14860463896538,8.319229957772558,-1.468185591761297,3.924751729908877,11.817964246814574,11.660725026595877,2.04985902303966,-0.3075774355412445,6.537850329697856,7.801591736843762,4.13379689239295,-3.586570940741408
8,36,6,-17.934069636482274,-7.355935704996581,-12.236940898092051,-11.265798948432613,-17.238089130827923,-8.34168720629248,-8.128319867250578,-6.261414091943238,-12.689827230736245,-14.074508206964259,-1.9224062658727115,18.05713039843319,-9.580660952664005,-9.536175070556942,-4.650927325528931,10.134798307607811,5.099242329722408,-3.362219135208824,1.2294831346073067,3.671549361175007,14.130387015175074,12.292989096502076,4.17737660913092,6.013928054582057,13.042717128867146,7.877178880408765,8.183700887713487,19.08552554792656,11.284043483367961,6.066281425857508,-11.776874361423458,-16.037506376870166,-12.634754862636328,-7.538948318603018,-11.052889833385796,-12.142541487905667,-14.653920754949308,-8.369432503096306,8.358368087785669,7.382734624482262,-8.32953729653141,-6.401773322055617,-0.36725057672890765,0.48647726895060694,-0.9860502950983439,-3.0675084375259587,-8.125382069134867,-1.454830761408296,6.317053843586334,4.341228622045913,-3.441082754240535,2.0602359641797667,5.6784061391457445,9.24437234314476,7.093322016571353,5.313376425606451,11.768339716431848,13.271271386842535,17.622379133341518,10.007584573065001,12.720141740879276,18.801441017935826
8,37,6,-7.200000729866142,5.122227288129532,-3.0815803379547324,-3.294140823367165,-13.601833788626946,-7.359630180023065,6.041932079373163,0.42197414472977357,-5.1717823601395985,-3.8335091900307567,-1.7956207205382406,3.5264297443691937,-10.387353353929232,-5.720691269354488,-4.487334071715339,1.3054090390186293,-1.3340206184856038,-9.649077911565943,-4.200739941616519,0.3895183813037004,1.399559530679411,23.496156967925796,-3.565478181091662,-1.83686007132254,-2.6880683446439293,-0.21601625983092226,-3.3683537303629087,6.039143636561476,-3.197381115565361,-3.46294239256531,-3.505317116224366,-0.5241911516683863,3.9306076593333623,5.0907476198655095,-2.857676641152399,-2.9610689063442925,-3.202400378928317,-7.350567723374544,5.010250586142519,1.3622837460985986,-4.754966849963773,-5.038314433268657,-5.315676989158753,8.9720589965809,0.5516674767997931,-8.691947841403506,-5.835396611654176,0.08737849321488791,1.721278376559297,-2.920078513098927,-5.0788069701776255,-3.772491631631897,5.839907975430123,-0.8590158648198324,-2.9937039133524763,-2.146170357503451,-3.9915454444225595,-4.877509836629941,-4.577730077273415,-2.3973213185715245,-5.084513372673493,-7.469366225653201
8,38,4,0.4554057616127133,7.134949788939568,3.2259728508524415,3.2911531783345094,9.063132187215292,1.0995706403060126,4.782184235728916,2.3232578102771835,9.084712901811415,6.5847662121125605,-0.627204946628432,-4.227638542016107,0.28201315737125077,9.313994215483339,0.3830850297903136,-8.41768255492775,6.644747955134,15.034317038101493,11.32122953835784,-1.8649140650423532,5.825348162432995,8.536152546225885,9.357285189737635,4.212272178199957,-2.870184906008772,-4.457417978905141,2.0494009066463996,-1.1530790728085312,-7.123915564041679,0.2974991762056598,2.6011480487792227,7.0293269442598785,5.014572613191125,7.327025106710547,3.118527488692139,3.9112077966423264,7.180371990381241,1.8269014597029951,-13.766143975166115,-9.07177642712983,3.6641998281929524,0.2309842777960912,6.898119772193812,6.193644428309822,3.7161149624280805,5.96115641623009,3.082237520738558,-0.04231498363178146,5.463256376999908,6.031216416434139,12.004452785113592,1.3365401177803369,0.9800850010999456,6.124311424110356,8.389917514945678,4.560172771262689,0.9950729745735473,5.098415776360326,9.282116293816307,10.039382989268475,6.264202483225521,-2.30862825245756
8,39,1,-16.12240510656522,-5.884463670050224,-9.476272984248844,-9.485753711165373,-17.043683380797127,-9.374115462517128,1.6887628953199736,-6.223610403061631,-9.656298021615553,-10.732654704462458,-4.8761554021734765,5.557536275285049,-9.333453818701399,-9.73527128308467,-8.528812912417717,-0.10581222176551819,-1.1437677846449208,-7.43103487335327,-5.78809236948487,-6.540648689425387,0.6641222923744194,-1.2762795009354995,-0.5504525786084002,-2.8286170756285323,-3.107254058804093,4.429045299613259,-0.9619500629785591,0.7538908961706039,-1.4898060432907836,5.694569229261902,-9.645911168784094,-11.360845695999332,-9.772258220649348,-6.048295750350856,-9.68936125831907,-10.37908754770348,-12.683662701761587,-9.647115975164066,6.086487764356343,-4.386043197180072,-6.863602480964689,-10.757482015482363,1.2757617200770213,4.586971855870018,-3.3543219828932798,-9.897081881034662,-9.985615449344253,-5.304463282852191,2.812832228998404,-4.231263561083409,-5.73637630805237,-5.306564602296704,-4.9185897893749395,-2.681117149660496,-1.1762733184732497,-2.7808346174083756,-4.399816170408639,2.35741642585433,0.8187226736918092,-1.3113942932814528,3.365953781199071,-1.4993068977009218
8,40,2,13.492048068608087,10.326893562814453,-1.0961347721835126,-1.661306438104409,9.935851439913154,-4.646147017071884,-2.2062817197293043,-4.311402003530687,-11.845351025280427,-10.707807723160201,-7.741789233450573,-2.2804648068892526,-9.046501062535006,-15.50557732959164,-15.687753722071648,-6.7969483486944595,-11.121296726928161,-12.896143436250158,-14.199730125914636,-13.472987084171063,-8.687058152312911,-9.360890133760682,-8.410342922025336,-13.610398267100495,-8.117644082493626,2.834173894646327,-6.538288639631216,-0.5645442739719626,-8.993420692660461,-4.96800540578438,-1.0293111851575165,6.029224719755666,2.651918024278991,11.360387547759386,-1.047595559664796,-1.9113917735109975,-6.164793805196518,-4.342662588488764,-3.205656949339133,0.4370816188705382,-7.892316319639004,-12.47016609079636,-10.954257953571293,-2.7234619649499066,-11.25216532428181,-12.055252576792022,-15.323122336824495,-12.370129775710216,-9.930931771242221,-12.29150495067148,-15.0149670808417,-15.576553571514973,-12.208010782419546,-7.714850487914392,-10.111843237698798,-12.662768789589778,-10.89775159668813,-5.056050896565094,-4.367788679352617,-5.294225759486232,-6.6775323909412085,-6.3049738735255865
8,41,6,6.969076205658296,-2.753666984121793,-11.916944696772369,-11.556486086420186,-19.971689271309053,-3.7608898202519563,-1.7340356181659615,-6.7490863924527975,-20.591564684532724,-12.708221000210358,2.545129813197092,4.5356341242767515,-12.687008830389338,-16.365310432866405,-8.447210584517293,8.464967054189975,-3.105202793529842,-20.533594380200967,-13.516945119765468,-0.05729299683759603,-4.851537312062956,-7.696307336002958,-13.945800771709626,-4.469328584879202,0.788009694709285,0.35868604043952934,-6.183795087312061,-4.543163157976805,-6.975111147706827,-4.2393601168537645,-10.9653918468734,-9.756294487248635,-9.816375786665732,-2.1922597378356006,-12.45391321900051,-11.905621695377654,-16.50058053888199,-4.601591310969257,-1.4901546154443763,-0.41144750894205795,-11.407462788518613,-7.398678553676819,3.1686500219128475,0.46551398371868685,-7.268885693262983,-16.702395835119052,-13.062236301067118,0.6066898697214895,-1.0498961667280413,-11.800835462741365,-13.842089641065515,-4.517738209287753,3.476625787628042,-1.724704350049536,-10.619044636353475,-8.618083521292156,-2.4268691705130983,-3.3852140539632405,-1.0987740008887377,-0.520366930198378,-3.935367999984546,1.2840673011023447
8,42,4,29.07908822661946,18.202090617250825,16.845174684268763,17.83943114372925,22.730634375134624,14.646093303519418,13.447243388441228,15.555550341221807,16.660877249907795,17.263832793094032,13.785215042157402,5.148120230519516,13.833664630789585,15.116556703908042,12.290738288279082,4.521940892596344,7.36544620736343,2.6036576476947553,7.657059692936697,5.904152166825242,0.7121335899502722,4.141883442587242,2.491222893592062,2.4692138743064374,3.2169402244886967,-4.192414324458049,-2.9200486092623796,-10.696105958184038,-4.984238322176853,-0.7750134857814408,16.99092167624976,25.39359679940815,22.6092663462183,17.512344416389926,17.244283566205965,17.909322060326627,18.7637073165033,14.981216715149044,11.856973024765916,13.560704013696176,17.670221255229013,15.131624351482044,-5.158995201493183,-1.8189941202865332,11.609427247196436,13.430661943445843,14.405229900872747,9.918373697028473,5.737720719254692,10.335109459190836,8.540663977130885,8.252954254767335,6.477320718783432,-3.413257937787507,4.087558143374667,3.879130422750989,0.9294045826692778,-3.7467880823036213,-3.1071843785211106,-2.2801262232497668,-2.745640140980841,0.36506956431833143
8,43,2,-9.36489376032345,-21.046542089114485,-9.645691992135765,-9.577484215859608,-11.302158436408591,-17.233488113153726,-11.189205821100973,-8.94723175003807,-5.74698251494911,-11.417530998945379,-10.72522558268479,-9.895329063508388,4.519082676698793,-9.025069628501454,-8.871335802145492,-7.408946244954704,-9.161027153363309,-9.58917579504877,2.756883624043863,-9.91081499771736,-5.35536259462739,-13.54475985463176,-12.405653014495156,-11.217907010236898,-12.902039212742583,-4.723287834581441,-11.356862315794501,-9.666236928993522,-10.834204454667772,-4.6248351656036775,-9.122197863554998,-11.79562678956995,-16.893345434036924,-21.298609183715058,-9.744015174872453,-9.475665547779949,-12.474049899636258,-17.46432321397133,-5.0356355616368536,-7.904077691525769,-4.679608560894138,-9.308148517739028,-5.547428100960471,-0.6618317364624176,-8.5661285293016,-3.292676853697477,-7.220157357432484,-9.695426059590092,-6.285235445710783,-8.170356046862711,-10.512714596010936,-9.156426140447936,-9.415344951061048,-14.567657699286029,-12.542227882528438,-12.90942861566821,-10.917689085892617,-6.543008916443444,-13.191302362375152,-15.467733822126943,-12.995632145644677,-10.35108348970278
8,44,3,12.971740689401209,14.32860682708519,19.22299679897856,19.999414479206653,17.456246554260932,17.427973475182288,9.844071155413985,12.818674085616347,20.51813818652909,18.191514594196455,16.93687535131851,23.910552721680695,14.457652825160837,18.755779845231196,17.809943169105516,16.02607374228309,24.79189607849708,16.68074506629689,20.460716055393803,15.309777351164426,20.208479438976543,20.32035654642414,15.671779570033445,18.733661360470816,16.182357165553583,14.245948902251783,10.944069904070805,17.583768929650148,9.830596889627575,12.713419465751317,19.930379947420302,19.737408499699086,17.87997342189545,14.245351335022407,19.755842160774254,19.447318727059717,18.86090494179814,17.762907838306894,5.810887971347791,21.243437381824716,15.70335884450185,14.877555651453925,14.783494796126892,9.020179860390401,16.44496066878526,18.106665524671136,19.03054309304712,15.626118637598676,20.27119990715347,18.764882213458797,17.42073346251941,18.32384699894253,10.941849200463878,27.021182567994202,18.96279332109885,16.78571083323983,17.10115568894076,16.619249515167272,24.855064595078407,16.7494806373029,21.976086055996227,21.197029487526603
8,45,6,24.94028226404293,19.94975986377131,21.2850153654723,21.455878509662856,16.322158681001607,17.56522553382304,14.400887756653846,19.14595555724213,14.871650405137295,13.61888321577686,12.053778652147175,28.421598593624914,7.720845767955596,11.61119978077619,8.730149921529533,10.733192457465409,23.0628200170652,15.511403009658919,5.161345414204029,9.646189962933985,16.59533846687253,14.385631006211042,8.876813166786174,8.418668635422364,5.131299776592286,4.485561446275381,11.897067126446029,16.69345255293769,8.825605053341063,-3.6394222694699034,21.312471925570634,23.544865455614733,20.114050140831527,19.469487022245065,20.624348871557558,20.874125522913456,16.49489398659546,18.30310277022966,-8.370607447651466,18.738610968493475,18.160901118058522,13.075999335272286,13.535109782114434,8.752596944752268,18.718703302577516,12.686441314474846,11.358485385684723,11.764236704968823,20.062592994024193,17.936160924049425,10.094186413306275,10.380491707746566,1.844518479414103,25.837550007329334,14.692411528218825,10.31909578561033,8.148964447537201,11.45829251260927,22.2675003886859,9.630445125512779,13.889832221949058,3.0687333783361948
8,46,4,3.018411556432,12.317109168348157,5.894711151650949,6.584019305320775,12.294462813337036,6.147744376269145,4.257903345701534,2.382671962764748,5.680965644080285,8.588236958503995,4.4049549186602235,0.15534722588093075,6.42002784287012,7.485021538987031,6.601984965272829,4.615464028550265,-0.4797351204267737,6.25042956263372,9.02547798832742,6.058105195986059,-6.357924787576096,3.167664165540438,6.449396220830885,4.88013900909005,5.9367472849014,4.885466865508066,2.3084391035571143,0.6250937320334593,3.514728176560846,7.71360571612604,5.194239324731072,8.28195422557864,6.819405319748399,12.447539672227116,6.319284427047866,5.854985590660718,6.8851931601671925,6.710715100061287,-0.923031083103723,4.457806315562665,3.5687745511304705,6.4507207541681115,8.267444246766587,-2.883738827210194,0.40544257620803736,6.209608241119961,7.755213583092683,5.043712202300566,-1.8725624049200225,-0.717103095634316,6.299566151829799,5.1031661205584316,2.9767041745618337,2.43177880001504,5.140093420654899,5.292632252886529,4.394548038440961,-3.368602681450017,1.6321571123241114,2.5679951815797777,2.915099065569115,4.027138154909708
8,47,2,-10.169395106525883,-4.877679082678584,-16.89584523930056,-17.151109123148213,-17.80240440268705,-11.07004877496738,-5.031054541082461,-16.520488210658474,-20.281358011839234,-17.968507230827,-11.311011815761654,-11.300963408677141,-15.011640966302021,-19.435029566060845,-12.293327570802719,-4.183501176854095,-12.744182253770369,-16.80322826481084,-8.454669693189603,-4.679967191411046,-1.932952525627956,-7.9808501788165165,-7.929104057663096,-3.8350927209163586,4.76794313623502,8.724712367782871,1.4621603348087995,5.8514701567771965,8.781626919750124,8.687317113025777,-17.014006300852074,-11.774105789616893,-10.315709802117652,-4.972148264122267,-16.629666533355206,-16.961712657405833,-17.062585304434435,-10.64105363724548,-9.552427741539915,-18.876540324673428,-17.645752482479676,-15.032066497792751,-6.983446674330566,-3.7375761735162176,-16.65256162969077,-20.55807313177643,-16.880229593777074,-8.275281894458002,-11.305385170549878,-12.521832303850335,-11.330292067774453,-8.999515476636589,3.476157821584266,-5.974261982207435,-6.899782824364108,-4.561019204829523,0.3346852852236012,-0.24128163855795304,-1.2034906838997856,-0.7469494910456409,4.708459094802778,0.666243486560697
8,48,5,-4.50017104479598,4.911389594216169,5.886465329948026,5.132943065314578,1.7177331728815333,5.878687507149238,-0.10342207918988543,8.089749515919788,8.512082016140942,6.917150952012803,8.650798247059495,20.734144570033358,5.682220363756642,8.059434845952724,8.46216863906011,11.501165075102678,12.119437084794505,4.873735356905567,17.326732463226094,10.185100169261776,15.849125928177335,11.495120127787581,10.103935946142533,12.260115036786322,11.684725608812968,0.667558015108382,6.579199126671732,17.200036597188284,9.385817120078856,10.583581431246387,4.5317802567761865,3.4044643782431288,4.476070762907226,5.402517584674968,4.7022051843161465,5.717026404105127,5.366576362537535,6.121184274440679,7.687224883563458,8.743942803453384,-1.6068019699873166,5.65808028191691,8.146903010664461,0.5383725810239497,5.919369293172366,9.708262973260588,7.266883969852108,9.529104388886827,6.262240613776643,5.1440171037414455,7.276095888100381,10.311078988969692,11.36995797504375,17.709110297308097,9.135652145989123,10.416373341457872,10.03373643937635,7.897584500654438,15.843648512188974,19.336487317957527,16.32792484442273,13.506996198226533
8,49,6,-18.855766236474715,-9.209715742731419,-10.248806554188091,-10.08095110607583,-13.526734557502502,-8.485073894148739,-1.9997562066617838,-10.015183255258135,-4.814888964884168,-1.883875713660951,-1.6569345895450867,3.6940561450745264,-8.96471936934878,-0.7583722902530023,-3.250551195241645,13.486451129832234,-0.5846809137771585,-5.634398297112143,1.045982297032892,-1.9951551571124935,8.021103535199584,-3.232605355110293,-2.5106524096847314,1.0493882324364847,4.655916599034355,8.258800038181965,0.25814196738846035,11.648595134386936,4.452597833425944,6.246525678806366,-8.217998888434435,-7.928596255437637,-9.530558260861879,-8.060580207665286,-9.991849760593082,-10.257610230138763,-6.803043010604145,-8.918480647739212,0.07506941654435527,14.630746791525395,-9.638531496589321,-8.186768099517991,10.275117775334456,19.649751194383622,-6.562787110938567,-2.9797715486549783,-0.2892930412256166,-4.465255433863889,4.884381334649446,-5.37658500194368,-1.2155209480807534,-2.3138864786114275,3.0582866381126914,0.5092331091419059,-2.516767089959326,-0.13301979209915304,4.017438264779476,10.944209448504827,9.66833822280821,7.0660350941485035,10.648283820826467,9.833674162580841
8,50,5,16.4715705935548,16.286307169942233,3.0775570466563567,3.173699146148004,13.426628557601706,10.77176281264642,9.981891004504956,-1.0377961754991887,5.671126264488183,11.728783561359727,12.000698563648482,2.7111228620874805,0.1926429964056835,7.943046596332837,8.7328587136538,-2.1863741459802024,-2.083101185969298,7.451480322506091,4.103780638063103,7.669219276845093,-1.734473799264467,6.714618827755817,12.002341503981594,9.624230550738373,1.9064820315206124,1.3673726919266158,1.412615491838262,11.476805787828821,3.2898187494223476,4.719931727275252,3.388530349109039,9.809822991399509,13.117766761652582,16.800519579249183,3.487570679201396,3.0686239734655487,10.242642277965274,10.637518504770787,-9.695097530964857,-9.021016290967857,-0.12372824413382899,7.88108286058258,1.2643090543314472,1.4910110970050436,-1.920703386797057,4.164948022220189,10.61153601714205,7.635508927016901,-0.9788401824331321,1.9109237485724275,10.751715901932425,9.49920802853615,0.024389182819370414,3.300962529713061,9.106861338019371,11.100353402199175,6.89460429728667,3.351762481351813,14.248916570256213,9.696312501072518,4.212122787835029,7.272799443061705
8,51,5,31.797909104969445,19.812746769544205,1.2826431040175081,1.3220598888015607,2.083858313084374,7.7603224039804655,15.639403407711814,-4.195541385606656,-9.342725265509927,-6.9528830398055845,1.813865355692986,-7.990619776725044,-14.561762316561328,-18.64444058647424,-10.362934423386262,-5.219435135402334,-14.126662620456841,-23.091740111911257,-10.97022179205243,-9.658638367112786,-27.55784220282533,-23.51528807565933,-24.827299582726532,-17.371397835815824,-18.147267545255385,-11.879927957021609,-23.983152129450268,-19.559793499955717,-20.919577466265764,-14.60826979597984,0.8343877900482676,14.273793620489002,20.643698911750455,19.727927737738703,0.9258592534901173,1.2863678836814552,7.493436921206186,7.894019117079137,1.1964596397720477,-7.466069891884153,-9.996241658349616,-3.1623062766724956,10.68606729830457,16.638161103925434,-9.773004939234477,-19.05447390577869,-15.451112586215556,-2.011149034222088,-11.941792085630501,-19.59858265755381,-23.016561220695344,-12.753144929446737,-2.094892632806813,-25.238040161262283,-23.436911966651678,-20.25346327682094,-14.711422964068786,-21.00307182077227,-9.573580130389553,-25.12191082824521,-15.939790790400851,-17.892919825060613
8,52,3,19.973810336257277,27.55210588551014,18.107472213939207,18.4160056995546,24.04812332206382,22.332511634536093,15.053427903174724,14.601418205059876,19.465702636848857,17.504008953448196,14.129420972849454,13.656398093946864,17.02607624732362,14.95615052370492,13.24814718416552,7.359630246033391,10.359598196157043,13.331014344514136,17.52143689202395,8.427661404081066,2.198603541726568,12.120522609627924,13.475785363102096,8.98406930266107,1.4830441019468008,0.764546698720262,5.079792854830439,5.118413104315104,8.049097669183089,0.25673778963888605,17.691991150180417,20.697585808022374,17.246305139053895,26.893421264501615,18.07918913135442,18.286013407192616,19.23936908228733,21.54948127707011,-9.87978334431309,13.62726855416577,17.44189582483433,14.89319083896442,21.777637124061584,17.84536670348267,11.6396720637908,14.61689400773996,14.50243760018451,11.394924631012925,4.576206484037204,12.447878129700781,13.905666787858772,12.298824855347908,7.947597619055245,7.554264993293257,12.151514351572377,11.490857700587297,5.417515601028641,-1.6897189188294295,9.12233729199392,9.014742379025675,4.026271669046452,-2.78334416359629
8,53,4,0.6436767782334499,-1.4774770219015272,-11.15911028811299,-10.439766525870143,-11.72322633202619,-6.336881754919887,0.9633442655932631,-4.366942193949733,-13.89539918367092,-9.947811943649244,-4.393233413382138,4.875996085678839,-10.341831673209255,-12.328522041644437,-9.634239340908037,-3.5819600011994375,-7.943414934706406,-15.78119698055615,-14.874060071187047,-6.59495413323819,0.08575513475168228,-7.223065330487927,-12.34793154790816,-13.559488868386271,2.429577863979631,1.5700042206544138,-0.7172125944783936,5.54249846508227,-1.2471599922765253,-6.52811043720874,-10.300841316489915,-3.5186520100730254,-2.137127871193539,-1.0364916256924221,-10.401554597643903,-10.6335148561019,-7.901179710170254,-6.518818944329167,8.615255342495464,-5.403403985632083,-10.690628718652926,-6.61823770645921,-9.526793806018627,2.4551720811940045,-3.319834528073504,-14.170989098811033,-11.002876696631123,-4.822716547812264,2.0444115751547876,-6.353572806547871,-15.664629365431098,-11.452984506048546,0.7971220331311955,1.2647770809963688,-8.749778641649048,-13.908763830527288,-6.957533915152356,-1.109131113739637,-7.677146548132712,-5.2295333583152175,-16.186988248512524,-7.79562628986996
8,54,4,0.7185670565359512,-0.6309994136596586,1.5848427865109058,2.1359925010531224,-7.5711153468525945,-1.2796257120534438,-3.5273558342397764,-1.1825573264007925,-2.225074058307741,-1.1059044515856016,-4.704137093462076,-8.060281399205868,-5.017112157784592,-0.8854166960979768,-3.9176709783964845,0.7340927554249035,-4.531919586784542,-8.343927841812443,-0.5128880174739692,-3.503713794222965,-5.035685240745361,-7.6161091046218985,-7.8285602130927145,-2.918933165146086,-2.660920731609734,-4.0635276554470385,-5.750428144161294,-4.809381720746255,-0.8136934834963976,-3.657318162754539,1.7764202452650872,4.329746077246056,0.24425942187265773,-1.2548781697888167,1.756711646641898,2.1973984944747738,0.04618884159660713,-0.9256999995559454,11.262512504236726,-2.359358362478729,-0.9134506927576054,-3.814109496045404,-8.49324006254489,-1.0254871110721473,-2.2308102035447828,-2.1030090116532283,-2.395887302143905,-6.047449279991092,-7.018810384977822,-6.091885452082093,-5.010987459114052,-3.818332044169215,-6.712188987311246,-7.1621473090064445,-9.391413990516078,-5.861598136675791,-0.15389335836942547,-6.588460955213721,-11.44515695113961,-8.409904929695697,-2.340466483427984,-2.128951721847419
8,55,6,23.759357963620534,7.737078656203949,14.774392450001185,15.652589013663727,17.832738783483094,2.203533074296103,2.6378561030028456,8.00779853517008,12.431496028708885,10.756316735170687,1.6720719305548555,-0.4693181858988612,3.4382745139300823,7.56773926294977,1.0790555367200838,0.33874844046020036,-5.273969427818747,10.157046214382094,-5.216965291603677,-3.7295294316122076,-9.196360942652083,-9.806237761680851,-5.335932952522229,-10.53992209301852,-8.348309780005366,-10.807574773275457,-10.660413610226499,-11.604079352720177,-10.12667191288115,-9.31440256384383,14.736937531247367,15.75047400230314,10.699820571306455,7.403080547001306,14.908437840049947,15.255631271840588,12.491378185225697,2.192199995423237,5.37016152369324,2.1631800586403145,6.047857584374981,4.208079528517842,-6.9950188087681315,-0.33338067263205895,1.2498687863088689,11.406964981292445,3.9600955127942834,0.8935730039346508,-6.268883105640007,-3.655107330882969,2.197816740142227,-5.584026610705906,-7.781146289212865,-14.743370707879379,-7.619574701481664,-7.28090595570677,-10.214618098365559,-15.928099123386247,-15.126306464906971,-9.63822281242506,-11.818940273985799,-16.52755883158887
8,56,1,8.827766040022043,7.333727380260825,1.3571749071408874,1.5249805595532684,8.153615269083062,4.988112211227417,3.6819263973313037,-1.132962494361692,2.385251213535213,4.011831465075026,5.19902954963831,-5.544818930963915,-1.4507178035223975,2.197119645002052,2.3722150841069123,-3.4893730489718844,-0.43347651841936763,-0.905045572940895,-3.192879758434506,2.252171813567146,-1.0480238680341634,-0.37248883280539646,3.6736803880733673,1.8727717017754912,0.782153918135277,-2.7558579261346563,-2.206699999140169,-0.2043943626851572,-2.6561704432455504,-5.135104090554593,1.232381113282428,3.8821877335629758,7.137718313805221,8.428368583026272,1.2253005185686985,1.825298037766142,6.342199784953422,4.8896495538377565,-11.70713298134052,-5.558910615912567,2.628903188748379,5.4079252751317,2.310570261327597,-1.8471475496842729,-3.381101055252482,2.328117553076545,2.6070435745414473,2.2129839712458588,-1.5962656180277786,0.6538248644338163,0.4226313290163535,3.4230973141313283,4.057243514249508,-2.170340356530575,1.1895384578624866,1.913652368162464,0.9271342066321054,-5.772974860899876,-4.555521943288425,0.2604523568255124,-2.1341999727869183,-4.388642491454759
8,57,4,-0.5408224212232872,-1.5213953556901765,0.7419303749210964,1.1573316771934574,-2.24968223329974,-7.7201585865057085,-1.5594181336360287,7.668711519231543,-4.857413057033426,-8.026969414794957,-7.411545560876955,4.454888326056278,-1.8294808098637512,-3.060915704589431,-9.30653519937541,-8.833870816748682,4.733754614731531,4.046079689046228,-10.264401995826791,-10.663660348756471,1.1291980447656478,-0.8039933397639071,-1.9420550870822733,-9.813099426876123,-11.561784231853554,-12.958923664372762,-5.322438830293984,-10.779809591973699,-13.163835944857725,-26.543638455885922,0.24833257207873927,1.4846374321410976,-8.310874638626093,-1.9465563434244302,0.5100198282076555,0.22024870157332596,-8.341667147398718,-7.405580154960836,18.643175779319385,8.083186714387521,1.3734575779824634,-8.14309878157815,-9.306774133787965,-2.5218262050028253,6.019056826881013,-1.6242696538840122,-7.5132946292983345,-7.918010024742863,4.706228356603987,4.052324045267769,-1.1713238696499593,-9.287753063322205,-8.44500970365707,0.5464989431656672,0.04830029497786903,-6.570176593777606,-14.725235820520762,-1.5144241688909366,-3.8227536568138514,-6.446727314691349,-9.80137799562114,-12.727282140767434
8,58,1,5.839230746235245,10.285783730819253,11.577519219822992,10.840309232473373,17.99789556679202,12.723567561246455,1.9856645865876916,7.205507874852284,12.944334195472491,11.875386840811489,3.7275874121228187,-1.497125829501852,10.08265412617021,9.830477417105952,6.944497942348106,-1.0302175679073728,3.963172750990477,10.936630784636128,7.672475975392978,1.9159229805738447,2.7091212191777996,9.455449052802406,8.23067641371815,4.365199495924683,-0.16383218061088128,0.27386694895557895,4.758392674758285,4.437311041553609,2.44042300934926,0.6489849032425297,11.86002042280829,10.735313615784417,9.542658133477694,10.761166756586514,11.631456048386848,11.15112342540084,12.437013135723234,12.815805920624031,1.331152565811375,3.97714499645389,13.59758141736796,10.676875504153994,-2.463895777353971,-8.021681180155674,4.8156557933586415,11.28238025725614,10.221350287939075,2.5271839847441835,0.7761685997247696,10.401584446339351,9.21059209996516,7.008523017838143,-3.816748677866486,5.803249718394224,9.821793238836811,6.453837911314448,0.326638568556163,2.725154876288754,6.208463128201848,3.2356628052288325,1.9058248059051819,0.6032439677907903
8,59,2,18.377226171924228,18.299617221300696,-10.749017037269544,-11.186646262808448,-17.488542868914763,-6.708822978069869,5.35958532841377,-7.26614712269568,-16.130401946740548,-17.42934795278238,-3.516490813208423,-7.204133612847679,-20.80855661370541,-15.200549430179802,-16.244858513154636,-5.21627810081785,-4.8193505145155076,-16.584801967528353,-20.20746359711786,-14.703545557346379,-5.89026958568067,-7.399266321575498,-13.761104900730635,-12.815168577504757,-10.038407083918775,-10.846284571944214,-2.734008320198371,-1.8212248427437037,-5.366725713014603,-5.144176559937305,-10.353015703024203,-3.663333203149506,-5.374174928020048,18.402033454488677,-10.72407012420888,-10.890272781775309,-16.636438311781827,-6.447633628540377,-4.078495678037588,-6.186872425795778,-13.391424563236349,-13.473654036387433,-8.970057271693538,1.601464084872021,-8.40127057213586,-13.362404359640877,-16.137572551725388,-13.040824986767117,-6.945155113282407,-11.32514336154649,-16.37789806469185,-17.491152088225977,-12.600217912755,-4.741283485711349,-9.073001373309369,-12.615504622331635,-13.20060389202724,-5.935562264889751,-0.1585041527159297,-2.4990005525192487,-2.368639910321049,-8.672100182758964
8,60,4,0.6703663844524357,3.390322832311162,3.6218848178254035,3.302107909120757,-5.610606640571633,5.679850153647724,1.1534874933749095,1.4478696614316444,6.904493459738885,3.9608523686212025,4.248950404012804,4.090386422896168,12.095117672914407,8.301573191882994,7.71624493485362,11.730974281514086,9.33489776521967,14.711024578206427,8.089281328703937,9.553443590996833,7.163432085046138,13.952532815860538,13.500264037968359,15.40462485401006,10.59883844478782,7.342560894060426,8.67403208319007,14.780437345979971,12.210360840743805,10.812793263029775,3.4865746501742336,2.041294340986938,1.964880606011918,3.0813014232667095,3.637350953751948,3.882655853223869,3.535741258889618,5.23023058762547,7.746688850485242,14.894017587120574,8.903502617849083,4.885566444681365,9.913852499286852,1.4340667011750083,5.883836228126465,11.568845221545642,5.936567938113558,8.490222593838288,3.1429463946033387,11.477174429904395,11.624753796654504,11.646732768089302,8.286704597426814,13.212275534907985,14.31550100204966,12.801206358413141,15.40374862684347,13.139197934146342,19.165474917058184,17.16434422271645,18.629791024004714,14.953591060324975
8,61,3,-10.276731040419588,0.31772540000881,-3.336385971253237,-3.23078290939263,-11.583255458804897,-1.815040459583805,-0.5363110330171593,-3.360635684030811,-3.0625689312724838,-5.661416408497984,-2.0965457760115633,-0.6562847185925351,-4.295169313778965,-4.896979244062452,-3.5230936259826295,-1.549997071548162,-5.999846148531792,-7.6212080681651155,-2.977062751743489,0.05879674699702586,-1.1501512155845415,-0.6829542779781105,1.0484023272377876,1.060691490133361,3.4368802362416933,10.236049380516867,5.593368086782165,1.8290823441248678,1.0810273373953831,-11.56589721265908,-3.4021240526401426,0.06416459040852426,1.8276182652064956,0.5381534579323585,-2.982659549247927,-2.352108334509155,-2.1639070861700267,-2.407867659519355,-4.386531185978462,-6.552868260480977,-4.949820621484295,-1.977418633160843,-5.650372109489468,-4.183680445092117,-4.271626374070963,-6.833038992430203,-5.736236903861883,-1.2333372415685109,-1.8927987709459728,-3.5236015386038986,-5.579604983069969,-2.631293237601159,-0.2900200662907315,-0.5672531502275957,-0.6490048640237246,1.6628600862331508,0.1303008862248648,5.6357925475643125,1.4846972475146398,3.520723461979865,6.164176317749592,11.21579568599146
8,62,4,0.8871295117750416,-3.567211044225388,0.8967596896946765,0.9383775606671924,-0.7979783842726265,4.146902597611543,4.497950207953138,-1.9366971000506565,-1.941616721519427,1.198929466148868,3.4888452374910175,-4.471688855348564,-2.41612350672665,-6.137287613526895,-2.4918104501316183,-11.465582297444808,-1.119129595732911,-8.616679250103672,-5.371217124777416,-0.21733078622918067,-0.8005081021295058,-10.529306067199242,-11.109097202013176,-8.378634349261292,0.9192764548210022,2.3336348082506797,-1.877163547465984,-10.359747707968715,-5.472816761265079,-2.216350131009409,0.7313242336598815,4.457995463060449,4.566785402868581,-3.7911644597287935,1.2551371042684831,0.9277615219854347,4.145856914769223,4.014789142804901,0.7328379620888796,-4.232388906771455,-1.4689523523848038,2.4587870304836197,-2.5818479074528677,-5.206697845661152,-2.359069652247767,-5.761263288466667,-6.210136124091905,1.0938443546751282,-1.2327994049027016,-4.4738996806668085,-11.156720202507039,-6.6360938698507645,2.702120264935331,-4.907047525320839,-10.162742675247989,-11.244248034932264,-1.5390323115194713,-3.3269252938831677,-14.117430433085778,-7.773577511929567,-12.130780226022866,-3.050787692866858
8,63,5,-11.718575499046086,-2.0084104624054393,-8.617286869415594,-8.616420364507077,0.49204427330959066,-4.155566727151953,-0.7844842710963849,-7.803155197761953,1.7527880405598288,2.1006984866973824,-4.169738181276108,-9.408831833159015,1.5810586131836577,7.626028036653272,2.5808420493664976,-7.662298083259936,0.6876648785518015,8.28462318561562,12.421577053042364,4.94345694272665,1.5241440677243046,9.54943020734936,15.76852920574204,9.194030552943495,3.9970326872497104,4.946434572959469,11.866653016018798,9.181163794633632,7.535900972136179,4.688661130781215,-9.172659032171735,-5.256372226901896,-3.3722177307098766,-1.9856047997955353,-9.045266180276498,-8.05333012828557,-3.2412695367366293,-4.251360418627086,-12.454231965559998,-18.023290514843776,-0.7831098582118579,-0.8440278995691273,-15.449877670966089,2.4525029651320924,-1.3622737422261797,5.7985291859453065,6.033606629228082,0.9860603094225893,-1.7238677036607755,5.736346359228401,10.57471820344103,6.932387929455167,-0.36149432951947996,5.299254825202434,10.560795918402333,11.198577005281276,7.139172459702659,6.480328329634375,8.799771828349774,10.391267216605392,10.906047373442215,9.331183095485345
8,64,3,-3.5415372217937193,8.297041835672246,13.199637886727372,13.743268703871477,16.619906855917467,9.75904296694051,8.401997620705515,10.073153505135856,13.663837278193627,12.882559749275075,10.659905712608614,14.451637839035298,6.276959687664469,14.022722328467873,12.021402731810399,10.09552088380996,-2.691872682184597,9.977797811442032,16.108881214940244,7.846495934702434,7.232665517162985,4.958454931518295,7.973938706308242,5.512910906361731,5.8593774633709215,-4.950756742822705,-6.838835021412768,-5.868658965770096,-3.2700704229859316,-8.064264956566435,13.803379876719417,11.577967308730704,10.628774546722811,8.287312119926616,13.258563967444381,13.32407303420235,10.872526078825674,10.31068066807418,7.050170814118745,11.649869867384718,12.779784881822188,12.076644136618656,8.220249588896591,7.976617587775713,8.296782880782986,13.671744571521687,13.413244009469402,10.145055862825092,8.804482325593495,9.067264958852665,12.518794803508186,12.085089112064104,5.915196419966113,2.871190738182785,5.208251405359676,7.0930333243123584,6.9692455577868495,-2.799646784736002,-0.14076762031422974,3.340987022898002,-3.6655641565689923,0.1800849534253136
8,65,4,-15.725487259795841,-0.3372946264244956,-3.502418998719709,-4.034338366512843,-13.56128151001545,1.2915662658832434,-3.9041471145820017,0.824548438418564,-6.071181048116671,-4.039905273798484,-1.6481908655884459,3.382206376838613,-10.414660327397755,-7.691467326179865,-4.096052970260192,-2.0976511982110546,-0.2873113169902699,-7.354840096983512,-10.42198010134262,1.0671846048861042,-4.041170080010665,-5.094661357357571,-4.045890576677491,1.11197928037131,-1.2298715050423112,7.980242536732614,-6.22835090914287,-1.697566567988292,2.076160099686737,0.7272809839285014,-3.714202876861505,-7.957994558371414,-3.350149207589472,-0.24095309342871302,-4.067351787328352,-3.8403608963438565,-2.930117061770545,2.4013547964575777,6.751954488422173,1.2109995928661101,-1.9988401628485528,-1.3133562070476597,-0.6067097645888944,3.483686621915607,1.0296001476803547,-7.490469036044599,-5.432722596860515,-0.37689066846377584,-0.537814863667847,-2.856292390843806,-7.38370074001822,-0.7992632083776527,0.7650148156212581,-1.5508036874688993,-5.228059424906573,-1.6756770651469521,-4.114815346169762,2.4462090822436457,-0.627454034575238,-2.710605192997651,0.46605169912232325,0.308244655340366
8,66,2,0.19739329328237826,-0.2886159680897318,-2.4229553322089137,-2.4871296909206158,-9.913543711938871,-4.306382758940411,-2.090192039419112,-4.751511079066136,-9.320537327641125,-10.25253119525818,-3.362906277190363,3.2138431141516435,-8.846110064411397,-11.93136515296576,-9.70941829867093,-4.1504379856547855,-2.729905406013131,-12.90521596562367,-11.134283016242719,-9.849229827696433,-5.887341660504206,-7.28387370868018,-11.808314265671932,-8.12350990939261,-4.969907605248247,-4.685145691057054,-9.046630505881295,-8.54732627735087,-3.595852508164215,-5.408174247174278,-2.680708887623396,-1.0201990190075647,-3.537165306261514,-0.729093452165948,-1.7332090642991758,-3.835759925156286,-6.076200355082845,-4.524988310672796,3.127181623562622,7.44650087002438,-7.772422350329778,-10.023070532964864,0.9482765941874975,0.3427419058478815,-3.8195270072305343,-8.984129095359185,-12.321600716617866,-9.210641850899796,-0.7105900232861868,-5.815737936018241,-12.493927675515133,-10.588939259101338,-7.554703181444831,-2.1246196863031357,-9.221297852581413,-11.197810133805545,-5.073459032832121,-0.9662124560975539,-1.7730939930259464,-5.443039898181381,-0.5401053623205463,22.100142936920747
8,67,4,-9.645433004494063,3.6586825246014056,-2.1703902538865805,-2.2309495719467747,0.7193935835015637,0.01511747452214715,-1.3163139008031004,-4.493359196249661,-2.4672821045501108,-2.784847993653541,2.9117529050329223,8.169629010031136,2.7710550457875183,-1.9033948992401737,1.3491580014304498,6.316954252276021,1.6085746857769243,-1.1346056967201417,2.6958860112922025,2.0876426693370114,7.992611330357475,7.271046753927346,6.433790886547511,6.9181270935081365,8.853061376866421,9.696900050269393,9.424377576158406,13.501429178729277,15.836020004231388,13.892182543714792,-3.02804178785442,-6.737285223834935,-4.105912159764908,3.2469461017356425,-1.6325353833778613,-2.8018675668891992,-5.503489830139339,-0.2292814250501638,-3.451748781553589,1.3029392706798157,-2.466355633036026,2.00979475536747,4.078824224325303,-0.5518268773008543,-3.144390460012887,0.11292283216536736,-1.4099962472370486,1.0801709539756712,3.310951280816482,2.221598473581963,-0.3692721161457577,3.2178962036070065,5.813178502806893,5.768931603467337,5.684411393080997,6.995696061631521,8.340133662767176,11.895682886504105,8.511663844536356,10.543616877550743,15.28385451985752,14.460381627500222
8,68,2,4.891242814023138,3.56493047386033,5.3580914959311485,4.650628510953452,9.54132374280087,6.8579957688840585,0.10381051795784157,1.8435127222456278,4.107714989290738,3.393360408977035,1.2194845417667755,2.594654833943374,4.7376185427647,1.564656344469543,0.3788824582517831,-4.557762695112963,4.488091241114027,0.5943309000080009,-4.361315514915064,-1.4985896577865496,5.876367019151522,-2.2422030525418277,-8.004661879541988,-5.67640464704074,-2.2142288524702876,-2.9688666545695126,-2.1971993751642254,-6.333585399702731,-2.7859235084729264,-1.0738371804174849,4.586394224588466,6.285793325432191,7.596958369800321,3.48401527979025,4.414883695451949,4.275689706433469,6.938811350239032,6.824763175631056,-4.478251699994247,2.6780996708789937,2.582704229325779,2.461625365585815,-2.354677782450779,-1.5609218840964316,2.1032480752527176,2.2293560858361667,0.5859754336316358,0.44383360653627335,2.730771740492457,1.5451272842814976,-2.929230609477102,-3.7066443113655527,-1.7655353078436917,1.1000984231600768,-3.3256106754628654,-7.81659989499645,-1.8810374626503625,0.7218533201006874,-3.5688043491142576,-6.375681254399432,-6.17675447585515,-2.2322044062609905
8,69,2,1.8742455242701435,3.4250292905731237,1.972050802123436,1.8730703794919854,7.948703036302841,2.632249435205466,3.204641068110063,-1.9834835736489873,-0.4934981229101742,-1.54024724430609,-4.724024822509553,-6.186663290122288,6.923863246344124,-2.7123677938631383,-4.2637790655035825,-6.165381293266114,-6.331822740243434,0.5278560652783726,-6.802634826918109,-7.389825334920828,-8.509851390842302,-7.358694172487023,-8.338131756260537,-10.610410522487827,-9.83938062597611,-12.015277976192898,-9.128362230377318,-3.4369599848258776,-4.814689730719958,-12.152639589516633,2.119092461357754,0.366672892782199,-1.0431641084937062,2.7039327724814077,1.575222626950297,1.9830353260948912,0.11494442065269085,3.1097238273700576,-0.863935536318801,-7.992920082062483,3.621725480730943,-0.22081644830816355,-7.47782125429637,15.051386400739222,-2.7669121781136967,1.1803861276314747,-4.270471325592795,-4.659163163338858,-7.3350021678772634,-2.2436272231634806,-6.7116412443631335,-8.035314643176319,-8.120532203011402,-8.913790152658047,-6.999440495197368,-10.991842425939417,-9.643670227517736,-10.70884329771123,-10.863433771925726,-13.674493249216141,-10.984253769513314,-10.520671833153225
8,70,6,-23.25722569689471,-31.54948704498931,-6.867635895111942,-7.175621620890485,-13.018845927606257,-21.111951663408714,-20.203928391017577,-1.2433757656367526,2.5896951909654105,-1.6125683051465758,-15.232258001330361,11.23573337131884,6.381257983969476,11.581871284308232,-2.9283738440305997,-12.161194170529884,13.775555167801496,14.667913130552666,14.487031403224824,-8.60100430027558,20.698053946945723,22.809528105029063,22.082914103958295,7.948075707672482,-4.289721798628756,21.057805513463368,20.288070218319586,17.18139368759059,10.422637311948984,11.0769601258472,-7.681876953089277,-19.841447823158454,-28.36176629546209,-31.74490856603017,-7.139779697013333,-7.388132285281284,-18.354390132899667,-21.25444192099724,14.564580518161737,3.5048789154829048,2.374435876655132,-10.838198248251539,-16.9411178529717,-11.750792301713535,9.070830424461036,10.256046532766845,5.27612070075986,-11.764983627400015,16.25404049566288,16.01854498461797,16.42278231574768,0.6062218737220626,-14.510504221157523,23.096719706567328,22.479513398576067,15.284880032853746,0.9510849206481264,25.846393133127467,30.82455646808873,17.948231047927965,18.695738152941548,6.72900922344316
8,71,3,-12.374093449606397,-4.9760819964860445,-16.397765828614546,-16.781737168069647,-8.456213136249016,-12.770573119576111,-7.3433178437237725,-18.662226950250027,-14.746537678443437,-11.909157025968517,-9.589952506911484,-17.979561382801013,-22.719928555917466,-12.385775135784618,-13.041631624599493,-6.723342920846601,-20.281098892565865,-17.01140688977591,-17.735351778748562,-10.652476429598545,-12.308235996371572,-16.264347715445286,-17.02437344079884,-12.037994033134567,-5.395656094353267,-1.4158520710813556,-8.221593956304035,1.8491691607135825,-4.468392458176467,1.137414073344413,-16.416000579006784,-13.470726157356868,-12.200491564530063,-4.9938984065680065,-16.231693214396156,-16.266419314574915,-12.11228665374447,-12.649115507036631,-14.852190586374835,-18.93681084437343,-17.824423227413764,-12.487683376036127,-2.649328661923547,3.221610880774876,-19.481995176251342,-16.580569329989583,-12.897338497293436,-9.896962196566164,-15.911577446602,-18.499480174309227,-15.685692178948619,-13.071169330170612,-2.332170891473296,-14.966168956467644,-16.783360626639375,-12.612138513839106,-10.575056694572933,-9.938600061072327,-7.050200556836474,-8.095963810752258,-19.335899766534567,-6.31025196037755
8,72,6,-14.499330438525854,-10.48163329882593,-14.49827499978426,-15.403987730058232,-24.766969142617988,-6.366578972977925,-7.136692605844541,-8.455147667719821,-15.939233053964,-13.875073408311888,-3.209550822653421,8.870967259698707,-2.5582255864197876,-7.901986469764535,-3.292288544712724,3.3666806291879623,9.734504511693444,-3.607335068396202,-3.6610030310183035,3.059362167946809,10.119840281947356,9.671345846431485,4.254826021994033,8.195272831450687,8.719663283716676,4.45180111710073,8.411647685712612,15.227248882306975,8.626648137652563,5.310099935837705,-15.045251821962795,-22.75176675617695,-20.11076380490757,-10.034124806500607,-14.97927480318197,-15.710838009512468,-21.13864105712714,-7.122670806779686,-6.082902660729678,0.7035192836348598,-9.253952749175719,-9.385837011482206,-1.4691216914528398,-4.67336438759798,-0.7172225764327946,-8.714624134653318,-7.078503409627732,-1.1021398694776914,5.571518389042467,5.68392331886855,-1.304562512012879,1.189817336172137,6.435145260675285,15.599418987111164,8.090864847118898,8.003924530044918,9.242470286241387,11.327752600333133,16.354176171850874,17.05911963418334,14.37914779205329,14.8857218741053
8,73,5,15.325731360171106,18.817544314669586,11.74391084909439,12.633141613633537,19.093482584987115,13.638352702121903,4.758601743228186,4.800797203509564,10.942765442643127,10.399074829802503,7.967993322578142,2.9203473655365,8.536650448506581,7.703577233772306,8.784883402111916,10.624741264953975,4.076882321137661,1.060074050342891,-0.6163200279811348,7.590176409519302,2.9395379754515916,1.0554531691141598,3.85435302654372,1.3616862200007485,12.62277447677604,-0.28412446815793124,-0.925022800969777,-3.1388732251234184,0.32684775479932915,-6.3505851525341965,12.343798756576703,17.315110392164346,15.39829122528387,19.04526210115178,12.08655311524437,11.623279867535478,11.411097795151669,14.045010252560418,2.665501754072197,6.83033021504241,7.600045623530342,11.752196493260445,5.118213940366381,-5.249859235283532,5.188572797981068,5.10572558636891,7.062539467996942,6.327809363089664,5.151645577751195,4.7296315910203806,4.4914968801526,6.079247707523765,12.504583557113635,0.5339010561271221,1.6598823878249696,3.2848093769649385,5.597461034566526,3.8643716126651966,0.3997560636390268,-2.5802146036904783,3.8433386202810738,7.478538344727782
8,74,2,-15.634732944845434,-11.40535144880414,-11.788127795316091,-11.776246997823078,-11.952457826857154,-9.445888531735026,-4.636317686018781,-8.049605595356809,-12.316153185033215,-13.470746231617452,-6.994988880392808,-4.054953052855387,0.8938718833165593,-10.955343520371008,-8.286873913778948,0.38880144250465704,-3.025253349097399,-8.338201605033408,-6.763646229624559,-4.2644561727235955,4.637333421570407,-0.897277519356732,-2.4813536186120473,-0.789015612133388,2.7833242641943627,-4.305675676989753,4.935818603080583,3.8363276368870225,3.060218622907996,0.7793056960785529,-10.209937421741285,-11.47171707237821,-14.682423090834801,-11.131125989778923,-11.23096311928295,-11.59616213419088,-14.218582021935678,-9.192118645418528,0.2479541067760902,-3.535173605727149,-7.092664847661531,-8.212272636456095,-3.4059881525477627,-5.854119187822881,-5.313744853227966,-10.10990130951309,-11.04814932569179,-6.239385243527956,0.5992805557098346,-5.138510000028811,-8.597399353254119,-5.940949718218016,1.0159567325580388,-0.269484951683296,-1.064376474971449,-2.8179011055972474,1.9244179195928837,2.161885354281744,1.9059841476534138,3.432329287082412,5.0664779825658535,7.38438785224926
8,75,1,12.095705383320249,10.60590910021125,15.147180119188645,15.358694914024227,21.18692106676356,11.757135972925806,4.1933802854860325,13.054239509468225,16.449212981035885,11.656054311806752,9.406003653276258,16.445339091604858,27.618192514870316,17.27920893709199,11.013463001766409,7.123397722252552,16.233714683912694,20.134774497091176,14.717965782188411,7.630479699636031,14.711751611290003,14.38485415413885,13.971484431167827,11.07750795767983,4.386630692678253,-2.885153007898026,-2.4808159805834293,1.5191547092868083,0.806234341455486,-0.8616250359067119,14.969266220700092,13.920136840468848,8.556747240218812,11.187333527952433,15.202451311457878,14.715187325255897,9.28032350194891,12.110404501237516,3.6811297452630933,14.548935233354097,19.62934554058195,10.304426454575493,3.742884269126167,-5.306345549082698,15.923368678450961,20.1533973336606,13.049489072601377,7.550470576270925,12.519700870917342,19.35487113718409,17.811466885216692,13.189449904509255,2.5149049259858494,13.438031547498426,14.057319220229314,11.052670650141572,6.035618395158428,3.0142488300618595,3.7485109368657232,5.018078187605506,8.40809242281972,3.0476206957657883
8,76,4,-3.079966997387023,1.4223750384933327,-5.555763557553291,-6.17446393124396,-8.217759774043795,-2.832351464687323,-0.42871633526392094,-4.629904195950251,-12.85149824796472,-11.01028587287519,-4.951901927556295,-6.416591993612575,-14.342061104116645,-11.833799007644018,-12.527249645532628,-5.871318099452413,-11.159787517665642,-14.825590674742692,-14.587326563463165,-9.171673028798004,-4.096640574700405,-9.705932763632294,-11.871592630246063,-6.978407387144679,-6.804915403084057,6.006907060833241,0.5424855234691986,0.036080777281668475,-1.6969292308998902,2.646908736674163,-5.343561654592434,2.5657644584851624,2.75424464850789,1.2431366488610105,-6.109293425205821,-5.866995855075558,-5.4296752195123865,-2.5658341629839505,3.297158353308944,-3.581860438170958,-12.381891232813011,-9.58391759308373,-4.867610718010041,-6.983267365719144,-7.959309165604508,-15.98883785866201,-13.525350256664003,-7.815613632429696,-15.02070335541828,-13.9140918016854,-13.956446547697226,-8.88807667864532,-5.58087971602089,-8.515448315023654,-9.834401479626935,-7.407303356451962,-8.112376094386889,1.8130985445047663,-1.8737277589374912,-2.845805784187664,1.3410815246766674,-3.510326288277055
8,77,6,-13.314014614671864,-15.860578474123031,-16.5909665054528,-18.157883548654805,-22.476455796896147,-27.610355082990175,-16.053928523710578,-8.957389709517,-30.217717208513385,-32.943250581338155,-21.97871546392761,-12.04860016936152,-33.2771989280676,-33.365155082105154,-32.58783125607068,-11.02833136066613,-17.239871866501332,-34.72930097398237,-45.60432677223095,-18.312364537836746,-9.020438886153872,-25.88715463658659,-29.083350537299374,-24.348550450488382,-12.306204323611436,-1.3017342180558822,-13.505940448651069,-14.59136971894924,-11.017217482457212,-3.9775831408276225,-16.590568402782083,-11.35642387540782,-19.565499811206106,-15.930399541686313,-16.832228411806796,-17.742532182916467,-27.451641616695476,-27.38110353334286,1.230957118771608,-0.5659086058234306,-25.105438946598635,-30.095463203800044,-18.843008973067864,-13.008369186029935,-15.293435100341073,-31.985383806318602,-35.65951245583641,-22.56037876859489,-8.980384643987481,-24.336480355389952,-34.18593897407013,-28.409777558794836,-13.924090514186675,-16.832288222796308,-26.989005652210874,-28.928083135405696,-14.268724653381486,-11.188329408717594,-11.145237654992718,-20.70884930376508,-14.532762141852855,-6.0187181542548
8,78,4,19.75043462212311,18.708864105433765,11.207689167818103,11.323649465083696,7.3818682043745,18.9068350272662,15.415888365403534,7.751001115888357,-2.3324098292874518,3.605751582262361,12.543472683261609,8.598355315625668,-4.410980040798101,-4.5472959594392215,0.8933040327392519,3.5744213281992927,-0.49569915911954954,-9.472408795147203,-10.602612697314928,-0.3960115694122873,-10.353383930627162,-6.677492505992857,-7.536916676749723,-4.637672038499703,-5.651368014877891,-4.100046420379017,-9.458635941227305,-6.063204117929957,-3.1751630685019596,-4.8219993906436365,11.275030688723406,16.90196978479123,25.137824696693094,18.46245361383005,11.01616188983729,10.425804218845203,13.68829612984752,19.754736682649984,1.3778194521167666,9.605577966198325,3.1750035965673185,9.218519278086449,13.774678614535723,6.652934190533242,2.0667888044220644,-6.095659882886472,-2.9536495562188514,3.365854052772817,-4.767136489291009,-6.807146136285513,-6.515731807128049,-3.2339101403769925,-1.1445744902622401,-4.387875625363934,-8.554406970171492,-6.71105363297208,-5.417684789417629,-7.452485942372646,-5.196131596591596,-5.562037632028324,-13.381824138472092,-5.471412533826745
8,79,2,15.440247585678962,11.497579995677643,18.13421149556413,18.306110393801102,12.441365291057826,14.493992424638172,8.258600935521654,13.445958669467759,16.415143844239978,12.216445615654255,8.375646580124227,8.298495889842942,17.47825549695096,14.06025718379675,12.53793552692798,9.81882559190073,20.34328154609652,18.9686092486287,7.857450590491664,10.217326820935911,6.381318047710856,18.56771783745371,16.75097448551436,12.554526943486279,10.53123805767903,-4.883146574766169,5.250924891928525,4.925371827387322,7.503066885208423,-0.5807970845724022,17.913873078257545,16.664442467486204,16.350003703542797,11.736023341055677,18.787568372265433,19.02314388981406,15.273965465677211,14.773028081464693,0.8602706388365924,6.023707612480108,19.561078054944005,13.871288982924169,6.095341140540631,7.039524668396067,15.92430472594299,18.142935374842533,13.104630955994661,10.173338787119116,11.955545129004594,23.394965762136174,15.379658362822513,13.308865935098755,8.995681280826737,16.067064090075394,18.18563879642454,12.084770497207229,12.988381889171709,4.238194933791487,11.844903011465588,10.67047199113692,10.698705194495252,3.8371840627727707
8,80,4,4.535923076206502,2.1073709378365355,10.335756918688011,10.709201862354101,4.014142024171789,9.740489703216932,3.6881705886945606,7.322374337012087,8.627275406967895,3.6994737633503973,2.4069714635587895,10.034463422509226,14.496193500746758,4.537267576925815,-0.3641532667935248,-2.5383478982094387,9.660938805378066,6.036195618532049,0.3851565153269883,-0.0064332661014522285,5.4982117103957915,2.6618966917200715,6.0077635373511376,1.635045256374811,3.960483865312684,8.829508799809686,3.9719763545279685,10.647148513110212,5.259668653035855,9.123761377139038,10.155861250147588,10.416104433847957,10.04709117604625,2.4402039162530684,10.091985370418648,9.333692862765817,10.13226875126725,9.76323570292897,5.20264460378122,9.318196867115606,8.607099080662717,4.887598041995858,1.080887914527345,3.911626005068242,7.143912859340541,4.570390350775928,0.7779911528880951,0.29582607357694635,7.444927359045279,4.482862601011264,0.5459610813222104,-1.3226476324631307,-0.11481494824515515,8.619368148286165,2.401533804924751,0.7384945509682737,4.322894453366357,6.058892005804654,7.798703685130284,9.124000290598975,10.682552028731324,5.6659576525321125
8,81,5,-24.418889350235087,-26.345458364159608,-20.066676175744256,-20.24997785545476,-31.804691353199498,-21.648411883631862,-9.490374559468426,-14.763039371930063,-23.06605660981248,-19.590327047583894,-12.610485362116153,-15.888283904752601,-22.443482487735047,-21.74746215341203,-14.288044621952155,-6.284159939134176,-15.800955279923345,-25.571629834633967,-16.78269348653578,-8.297649325802922,-13.892959332366178,-18.487410228052067,-19.427600365699966,-8.546051655146409,-7.617642849229459,2.272876206694578,-10.595362769043724,-5.206468734594924,-4.7371505100021665,-1.2188173123243518,-20.03972765711341,-20.381802395531313,-20.43249271083168,-25.50061389731196,-20.18109266643934,-20.506835103511996,-20.767367044236604,-21.973646282786266,3.1153704276444714,-7.333558210614706,-23.358367136929463,-17.87813102980941,-8.102626229045773,-0.6568224743269844,-11.881162877864679,-22.263477103648384,-19.80851428526477,-9.971952089680663,-8.421855418991136,-18.10271189609407,-20.969998751925992,-9.080649798349821,-2.8337556057121263,-18.12812667426358,-18.17398695379677,-13.562994487606359,-5.192655883593169,-7.505178088895838,-16.790520853715066,-11.77814903529645,-3.4318212074477525,-4.170086693336686
8,82,3,-7.059322785418598,-10.533936897722906,-10.410069375753215,-10.280505417868865,-7.598601504706033,-10.185050416152878,-8.227619069906675,-5.669712135341112,-10.202836942631844,-9.42520431002102,-7.114345121129252,-11.116187950323635,-9.103096825411404,-9.633382819334562,-5.517173328391484,-5.292811537740705,-10.452941998941588,-10.654438338356046,-5.160827588426265,-3.0610851267943278,-6.9399267788408565,-8.500987985693827,-4.413419953615565,0.9877035677569332,0.6335588129487167,-2.9717247855009106,-4.10963681753634,2.3663395093526804,0.07179298017900992,3.099316894198858,-10.445283654850071,-7.471268401617498,-12.208996516856832,-10.854849088575016,-10.304595773710261,-10.039851112404792,-12.041439806227572,-9.869834598332714,-4.660567409304972,-5.70421936721882,-6.801818193152279,-9.074186492138455,-4.305635815713463,-0.737409045965207,-7.834057338717512,-10.481444103433189,-8.419057187556128,-4.826361463155328,-6.194949022335244,-10.856601905725084,-9.437642712623065,-2.3286454551001428,-5.049368767747827,-10.449197505260027,-7.929353141475743,-0.2468786705739623,1.5713287526287303,-3.8462066825524666,-1.2986868013309814,-1.6831660459226943,1.5745255662953195,5.845694017255813
8,83,5,5.02801722292674,0.23613299934829257,18.339621865985592,17.70815427419616,5.669582652825314,0.24216812322052494,-4.432431211036343,22.828887783763243,12.312697346708386,4.453305030218898,-2.08771249826816,25.39393518371052,18.25474268879469,11.87977844294978,4.378952624186837,-13.468635010828335,19.35209245988871,13.434555796951777,10.092114997891386,-0.6542630505793554,11.895672768229476,14.971905375580953,17.562795818033734,6.981315480272581,-13.2361169885844,11.555629782537672,5.183145196779016,10.056691550172676,4.55863905325532,0.956462727836906,18.48765919902702,16.907238368853562,2.4804273446164316,0.3580187645914048,17.958219573083444,18.112391829127215,2.152822868671363,-0.5557208731316257,18.964167640345714,24.270533100747308,16.46108393149632,0.637582058495866,-8.404895767206087,-9.166763531907295,19.89062452786489,13.234304471713747,10.367744494507814,-1.052674709893079,22.331595298919318,18.46824938922031,14.796520814458587,4.445895470349429,-10.397551298232338,14.614105750624905,15.366203916145537,11.35814689601227,1.7872056579558073,11.18701490128366,10.15360050088521,8.189108445786124,9.897211265000633,2.6356055423498184
8,84,4,-7.113707749070833,1.4824266525655527,4.8508501197325025,4.632174847715692,12.037485990667623,1.6776489165566133,-1.6648020466942917,3.0515744061061603,2.748259262522547,-5.254778941684378,0.05055081101543317,1.1202650760391322,-2.398227528339569,0.011661702866392079,-2.1254759954243223,9.843463647542752,2.9849102088227504,-1.9964399260423398,-11.37934909863169,-2.989302113324281,0.23858290994766806,-3.5608970592161873,-3.9505650082535007,-5.060054591198165,-3.716214577667415,3.793215985909651,-4.020306393859072,-4.398113202019714,-3.1312946254932683,-3.4735684840281205,4.663863744055737,8.519152906155446,5.56184839106324,1.6085448155162583,4.511992115487639,4.891382317055902,3.764494836602995,1.9191896143431837,0.39573269083076634,2.6147716581443783,1.917685839097673,1.6926368710516813,-1.689300675229056,-7.036059051647037,1.604999416530496,0.5077193963466328,-1.215013058572191,-0.8632782509936597,-0.8033164663967219,-2.134807395794219,-1.0985250003272435,-2.456785310673097,0.6757442057587035,-3.8319954629540187,-3.481306394988033,-3.629204499285401,-4.0397060624346475,2.5458566686479256,-5.239701330971971,-8.306542418533699,-7.651990600657177,-1.9110333363230292
8,85,1,7.097723898807223,0.10355157868527631,-1.5608820495445568,-1.684600208408951,3.280895662062417,-5.249092490435007,-7.525155392884301,-2.9680201267403303,-0.43566748281804735,-1.5802318789632759,-8.080557555664424,-6.132855956260217,3.908917272349865,-2.6572559059529426,-4.766897501673822,-9.48811389474061,0.4139971019396357,8.928608769187473,5.418441660696549,-6.636123806737912,-0.3905441548175563,1.7120863557679626,-0.9568611522568626,-5.175028832527111,-8.004631638095331,-4.839915354486282,0.1107318827587129,-3.2951267493616148,-0.7027922765374524,-2.449555224966163,-1.473802261417959,2.2719201984838016,-3.257193757266531,-0.17325312790756164,-1.2421706814727806,-1.0896715698536596,-1.5598264274346398,-5.411082271849969,-10.103587479432809,-9.511238238684088,-3.675463153549087,-5.634109487200564,-13.670788501554005,-2.20117292724686,-2.453877385421774,1.8723631775370098,-4.840363476532593,-7.906467882144008,-2.4244391263985072,-0.034825899323060905,0.9880621066067115,-5.050175319567729,-5.025716599431205,0.8231941208061643,1.3048014989826922,-3.6463634710355772,-6.835508793399381,-0.003495501649634747,-3.978818057513819,-1.4158719836495712,-4.814141954908648,-1.71937626700212
8,86,3,40.23521092752133,36.05595217271503,47.80255180449653,48.36762386785317,40.166615034385416,33.452802384385805,21.362106466075264,35.82058614019942,40.891117353310335,33.41299734164667,22.92236095498791,34.561415479825115,34.27947240334187,36.63265608560023,26.285237414467105,21.86475678919475,30.286024795265917,31.579014932055312,24.812182176585583,15.740614875881356,16.139633868162214,27.652749574129878,22.10961362491819,18.626982802014073,11.431831907662682,3.763080671946401,1.0222206948354833,2.2747584088909893,2.517464275449152,2.2264283330565906,47.715024161629565,47.944524146685346,38.83792194671269,35.82486829361536,48.17224221208654,48.035657336753715,36.092500942327646,33.78295620174216,18.89978403782062,36.01907471970586,43.82729913201183,29.170231176108683,15.797439651790912,10.892563139974353,30.69377750549008,38.30634140277783,30.814906690826213,17.42082309294721,23.920790028486497,36.66368773802205,30.869590321964573,25.13928864064919,10.05521761164886,26.991734287133678,25.936460439388366,20.311423686537417,12.962598754252046,11.216084652012452,21.203741503334268,11.00341440441667,5.3164039308477875,2.8716786112636328
8,87,6,-8.792721072984186,0.713577633111016,-13.464711217050702,-14.360534814890569,-19.45037605351111,1.2084999537867722,-5.699927101119014,-11.795935497675998,-15.31054418720305,-13.210931105221176,-2.4501129556447268,3.0645905837371226,-6.707777262279169,-17.436249307561198,-10.372793637034365,10.007833614263959,-1.4517535351035065,-6.899912348062523,-1.2753533124469385,-2.061520660103001,-4.490003017538297,-2.802833542500325,-4.8571341671049595,-2.9173697026719037,1.4616326865081386,13.849469139137744,-2.627578659255693,15.477264296161245,5.835197396031243,9.440809614507756,-13.846192797100752,-15.030841501668192,-13.378438034867198,1.1655078019503853,-14.028667978578941,-14.142785718210233,-12.604171577023296,1.8834772975206722,-0.6715315913599795,-2.6069141145704724,-9.827270732340748,-8.608124794211333,6.28615166391984,16.771439886492935,-7.936812248535268,-12.293925187982081,-14.160611937049682,-2.991851542326738,-2.4789835258228035,-10.862288489029178,-10.392014084656427,-8.56278232272669,1.9705868871746273,2.8681234014987194,-5.706699161688094,-5.585649944750998,0.5849597642152802,4.767973075439816,9.18624292105073,5.58938454167645,4.197812097555982,10.03595723093646
8,88,1,-5.376535189815047,2.915437594873877,3.577418848234742,3.6421110989730328,-0.010307190110683456,-0.2100808445091687,0.799532115913742,2.68271070568845,2.5288072461035243,1.0603926282194323,-2.608427907817247,-2.6317314987139033,1.7918862852654067,2.077355198312284,1.519184550929174,3.8751668878717322,-6.495624910585768,-1.492355551286718,1.0857776686458402,3.632251896759181,-8.313852312792907,-3.222218367611854,-1.5100324612292582,2.507236577206989,2.656399386173976,-3.761208352905404,-4.909865865892755,-2.881179531127576,-0.015057775078387903,4.26361975005669,2.999499905570529,5.467000795502741,2.280713740463658,2.584865418683018,3.093550643224902,3.706913021364727,0.9811206594472992,-0.4032813451911546,7.022803876083344,2.5596396744097913,1.4813013054975663,0.7945924532577052,-0.9163088246998261,7.114544343337462,-0.6361180990934372,1.6016432524817774,1.1097683384105905,3.146740691327466,-4.839128661628174,-0.8343181432020391,0.5934447045551623,1.7049161000858764,-0.03538362780676607,-9.330067708111576,-1.8025619907350034,0.08921097491572255,8.446344104527329,-2.7132741785267473,-3.700041511845658,-6.038267275091354,-2.7105154616803615,3.8836120192143255
8,89,4,-4.49582894160071,-1.6062940654640196,10.20798553364556,10.310282325746902,20.743784691048102,3.0218673443376334,-6.341662033426958,5.301246677366334,12.551419722824924,9.838623734475,-0.9528079275950444,1.7158608099718289,15.671032743068507,10.93621246462188,2.2221560176212054,-8.430449864710681,0.7351185588915712,12.104170279248008,6.701533113993143,-5.978474706468148,-6.204927707193191,2.707637431281733,4.854684219513905,-2.708414173174632,-7.427997406481242,-0.801961962304011,-3.29738741190877,-2.4576716366275093,-3.715626865071698,-7.342023197706311,10.537103818218432,7.080066869625962,0.9660729127141086,-2.3902704466032105,10.542531364756384,11.362220038955169,9.763385149423126,2.8804323768197806,-63.27999537456323,7.229976637061778,7.340658717533212,3.0585255945192245,1.7680349358153067,-5.564099083790876,1.5115161969371864,11.023322079109212,8.328949695543907,-5.2599773501307245,-2.5449804299760888,2.683158691960427,5.162889049558831,-0.4755325333169864,-13.132077383365848,-3.702162674605484,2.3717073128990283,0.9651766476993694,-6.266751891115632,-2.1954365972565797,2.0123839581317093,9.482248210779776,-3.7410120327521126,-7.917143543801703
8,90,4,-9.169651513087294,2.351082650853727,0.6115299048010121,-0.2294108051715824,6.5575388832608335,1.4147964527563581,0.09399106012793693,1.9806054302877394,2.4179858161000194,4.084809518169339,1.8828897025981335,-2.708802586852956,-3.750084427946318,5.489059568087499,8.664302341730856,3.9644973178780285,-0.7212160124057323,-0.4673961892088012,0.7630927660474102,5.592800371326147,-1.5790069618662699,0.49368745147636817,2.9388706638114286,3.629324116971252,0.00482998246173616,-2.042778194609394,-3.368294129829579,-7.585834378546964,-2.9954267380327497,-2.2527295323088765,-0.21830670163035393,2.5487946642608224,2.099792318361835,1.5327583203410189,0.05867720954120159,0.6039512422299249,3.217547800891651,1.5657419269768222,8.568687929646906,-1.10300637352303,3.536059910783592,5.981183439825391,3.679914679298769,-0.4978900640612319,0.646933366726266,1.9888015580221596,5.471880633156841,6.472430989415978,-1.1732258453238282,1.034569667616757,4.393482423239818,7.614924049660809,-0.3481595127775171,-4.858219600532476,0.9378496556565523,6.411761976415061,1.0138552258814768,-8.594730142391823,-6.472799390912192,-3.423515532438345,-3.4241031699745728,-0.2541285789140121
8,91,6,-5.4141594968032,3.839355042451288,12.83414016377816,13.785394313472628,7.516760207547973,3.6962172525548733,-0.08860338143095722,9.050424749440538,12.687875259849362,5.852047810864803,-3.738970498168249,7.587158857765273,24.145440571555262,8.568558561229498,3.50030778525624,1.6870798536735363,8.66274878349747,13.767040251930268,17.341172606990913,-1.1405809477153355,4.06027122341783,4.551249794480272,3.557610761351519,0.7032803148712726,-2.679155289763352,2.867476109392581,-1.6223277426665532,-2.498901001745608,0.7818252889825612,-1.4674984051437108,13.184978444753884,8.866097401520905,6.915985813364387,3.615740285663889,12.547406346628021,12.449670847016943,8.36291920853688,3.2913026678625807,14.163270911975577,17.584744934946674,13.917507712615702,5.057096730963114,-3.4901896835554664,4.5810463936863135,9.126788917928934,12.013555003875288,4.978691141734396,2.3845142766410263,9.496817926864882,10.853345230130902,7.750881460086418,3.7114642635896438,1.7597889628988233,6.31535086140218,5.027658596930165,0.7574959942366806,-1.4167880844324827,3.1999506835212466,-9.282384883237594,-1.3131570142761944,-0.46353210046569476,-1.69835329228422
8,92,2,5.522391757178239,4.282093274794663,-4.824061005120737,-4.466370868519308,-5.0914048756325165,-3.2993691785306414,-6.8136691724095035,-5.750976052453247,-7.766446998922108,-6.59764292545435,-6.35710805789682,4.288676103053859,-13.575950879399205,-11.42071803641028,-9.978076669864546,-6.727694800972556,-3.5507791644195095,-19.456928960433835,-10.177461880145641,-7.180162663594257,3.9732909569937034,-8.188490999771702,-3.472731907011534,-4.069502809136057,-1.2565411949848297,9.748038446598851,5.290082803745639,12.798895813956316,7.441093200124895,8.729442823942318,-4.361683996167128,-0.3811729068799712,-0.5710273568359435,3.546705929312581,-4.609389084323146,-4.95772792484112,-3.4675433809823595,-3.372735664394696,-1.2169350438592252,-0.9045574624182202,-10.157873001313073,-6.590323228888754,-4.8032172369975115,-2.960431556501309,-4.615733040723855,-12.688203813144703,-9.339907150352138,-9.588398997376602,4.384768508124824,-12.932463364403056,-11.355139418527859,-9.182826981221021,-2.914342085376569,-2.8932194264560245,-8.921637567623353,-5.306813691572357,-2.369227615571245,7.6777442098118165,5.493560930895736,9.157601327885214,8.812638560821096,-2.353393117352052
8,93,6,-19.117433555106214,1.161813139580417,-12.825097436516945,-14.248179497606145,-5.273710647989041,-8.925521517604045,0.6163200929352062,-13.914171572502076,-15.643725656518132,-10.327510861679912,-1.7225033618600634,-8.423419020592977,-12.796814477457316,-11.750642966479063,-9.307252223194553,-1.0126104543167282,-15.922781123904654,-8.609758005091324,-10.721949066478402,-8.408221924791064,-12.1768893285132,-12.509044959391586,-12.865719441460767,-12.674161967457966,-10.170938794728274,-11.077677303272086,-9.764599927405756,-9.229175244071865,-12.91633990034461,-1.9403719238755173,-14.035708634409959,-15.892227501404012,-9.364067136548554,0.8719623779491874,-13.731547055902286,-13.943768998880566,-10.874259008866991,-8.848838820508341,-14.688796526320811,-8.504234637542652,-17.938581016187257,-11.89792353455431,3.736191840842366,-1.4218373130211925,-13.866668061410053,-11.175253420364017,-10.612601367029836,-7.821718426398574,-8.984856083625694,-11.458750608127293,-6.789399687473369,-11.086899156750343,-5.04253695266912,-14.598261200754736,-10.90837777427557,-10.708434818335242,-12.202792281920951,-10.691823628526645,-18.290116501722203,-15.141553341973243,-12.899290611967444,-7.547025082723757
8,94,6,9.797782655042969,-8.341248898403487,-9.65172691098074,-9.268124086191735,-6.731927323541265,-13.51054144437176,-12.386332821262787,-10.03658473254296,-11.843438944075162,-13.869964386336505,-15.71846645755875,-15.936006443552298,-10.156090196721788,-14.09962432847425,-12.78240409063278,-8.26991403235758,-6.985617739750385,-10.482589353193978,-16.00952212653328,-11.769096500444686,-3.4853297649178527,-10.230621862020815,-13.581617477895115,-14.398875997765227,-14.595293470999083,-3.93616450681328,-8.817169825387447,6.466903766412742,-11.503136962652206,-5.563501594224711,-9.747002651960374,-8.360519195566097,-12.04485571211796,-7.734051036035141,-9.868261005536356,-8.666622685927258,-11.233900889663452,-13.1539169722464,-4.604947509902826,-3.497200709154328,-7.9990547415970665,-14.605730192713061,-19.0559778945867,-3.134342007111848,-7.434052349408946,-11.636315970976908,-13.851929062704862,-10.558226457831054,-6.1774115969324725,-9.029103023727657,-14.39325932235027,-13.950600833700205,-6.603050495213948,-8.592200628368232,-10.166248049178137,-16.515638186346457,-12.81949059887813,-9.3400962897917,-11.016689579570428,-11.458690795593153,-17.024751861114055,-11.415061357811588
8,95,2,14.463926882142344,7.3094479595197335,8.49983284184027,9.207813647779403,5.305568872678392,10.953710154244098,9.776480663806295,8.219432928360906,4.7210869413868695,8.41118956143719,10.132896189032703,21.717296935209063,1.0669357666700388,5.359645108328895,8.679748337318355,8.36939251759066,4.893433863603756,-5.0310544720510135,-1.3063352024864183,7.593173981939513,0.31294530211016536,2.7483289193634666,0.49439423640325997,5.093774870276546,10.954387294127116,6.604564263326358,0.43194282947607476,3.6884594999435425,5.661137691539967,8.995173389637259,8.867680775047791,10.040687784302698,10.7782660467414,6.95895809115183,9.10466027884495,9.05001648458603,7.9247820818393455,10.331424662025599,0.17419923152263542,2.4364594290623582,7.420996279523873,7.923357921629768,12.488649531699183,7.934671092306391,4.059832899808523,4.688541748328134,6.824902701305179,8.944224348632476,3.428475025462033,2.2136612007999226,4.42519108093593,6.731051054760439,6.602213957552124,5.307072603529913,2.0853022423277565,4.297479521346882,7.4808985223289595,6.384614254665997,9.285591831476214,2.3857592841065234,10.54573797620833,8.540773406715642
8,96,1,-2.3202999260776296,-3.031129041913805,-6.11553751322918,-5.884174821262316,-8.774595934375213,-0.09701849189700665,-4.0645634482455675,-5.766880158278184,-6.935415330638245,-6.750709555503661,-4.323472062216664,-0.5280353414439941,-3.876869917733642,-5.473185315001302,-4.28933326236722,-0.4986169782762482,0.6306607129461168,-1.7325616689603336,-4.183959312475763,-3.378023816499768,0.344703822748782,-1.0897214045583425,-0.16614260414342835,-0.3361292467793299,1.7980906023507615,3.5861924395714766,1.4440055606381323,3.772850206604502,1.5496783991352805,1.4915488776637296,-5.448975494404029,-6.562458554419072,-5.3808472272031365,-3.181935130459507,-5.912517531456927,-6.154765408985864,-6.379156859001007,-0.3283913028312878,-8.107804766992423,-1.3808867546116432,-9.27759485992762,-3.1508537199711664,0.008853346577892468,6.87879969071733,-3.6506458015703576,-4.381422219434526,-5.471820842724566,-4.010935222518504,-1.9403321821378867,-1.982756539724949,-3.746927361469006,-3.4088861791015233,0.34209459784963203,1.7304005468315324,-0.6940684144771332,-1.718529813437406,0.7649551701459392,3.777202291879803,3.9834190528589946,0.8321869561743998,2.5057925712998674,3.422400167643478
8,97,1,0.9826145050592916,-4.79560863680956,7.706335775906267,7.4995115303048285,0.6847766973972669,0.2880780653724213,-5.874106521332039,6.874985484815226,8.294880769056522,2.7294870361958345,-0.02311434301479587,1.4339272652116666,15.053427854666438,5.543235471199562,2.68621603967395,0.25474597177490915,8.896959746165608,5.472318870946765,8.144502921938534,-0.31372207394096774,6.769810625601833,10.520950612646143,9.470556567763772,3.07630214276837,0.4726743590904464,4.457776358566904,8.40675793333751,9.991859765564344,1.8756696661343661,0.22231017064484726,7.745782733327008,6.034373396130207,3.765142225137936,-4.161701358763907,7.484085284854943,7.272470872213203,2.1997287836161488,0.3639941311657138,-1.6230547603655612,5.633561653584787,9.621970112732239,5.03719909300335,-4.0265804543387,-11.044843051133945,5.789516486863537,6.73517389302483,4.791187009569711,-0.8217699663804408,6.237154438126283,9.99045547944062,6.524535374081318,2.9692549902673164,-3.092973118784222,14.107800283355687,10.18783881960482,5.147692021073366,1.1523722506514402,8.43045988279145,11.567719783906535,10.069587983531736,0.3050777788228576,2.4400944045216697
8,98,5,19.702044746145702,19.011362456523518,21.299346073144452,21.614243287570407,19.381779919787327,17.388048648732013,10.55803720805107,15.777701409769291,22.649639591938115,24.582422740121434,12.530486387405087,35.15641398073695,5.152601620966068,24.08486140422841,19.226422847873284,18.72474831843851,16.750645886152608,20.384511245096597,21.648262629012873,17.936409895671765,9.495104958712147,20.980983125375257,24.113164211100916,23.225397439628114,16.88237080098379,18.750730734045913,18.673311235678447,24.572175239087873,21.751714444128655,16.836650120548715,22.408228121629758,22.894974458712813,21.901185912716137,19.04638745199616,21.515740908602847,21.79580203993474,23.596531746647788,18.281940444849614,17.99538587478968,21.383746822387355,17.40106479814504,18.959815541180085,15.5961325818775,-6.473745539660913,15.75470646275436,19.46057372740698,23.177485517180727,16.73815765136444,15.892805252528031,16.942960119136146,22.7966412712888,20.752936930475165,10.773694947464158,23.10175877230219,21.46557830678436,25.445282880852872,16.32042596043972,14.795236222502751,30.603003263155518,24.0756692717806,25.267159690399005,22.517526021545248
8,99,2,-10.253417470344784,-3.1342723203152896,-2.436160600653324,-2.800563026969212,-9.591934384488525,-7.319894655948362,-0.749986958667272,3.6232989647925433,-3.113030266062153,-4.310834332868998,-2.8559039812535043,5.997734773268059,-2.525252071640838,-2.0768172629404704,-7.029207430053049,1.5144839796021838,6.444476570116309,11.554733402890761,-8.365617965779657,-3.8198657193130288,-1.0120725678166438,-0.9625177606485957,-2.2852650508057444,-4.961691561632044,-1.0912650389051641,0.4698161986406624,-1.5571772786902232,-3.737884792203945,-3.387444796296199,-3.8380305388411387,-2.5202427378872723,-6.301428632289685,-6.6139853261865404,-3.758489579101452,-2.7016024182709644,-2.435762280677781,-4.723626496542879,-6.620129826739885,6.759154673597615,3.8203237219600057,-1.6036251933291195,-7.039335602735422,-1.2817967018316965,-5.89648391265868,5.171852030743073,-4.241999124108654,-4.6707552308159865,-3.525662944501649,3.4519877530997833,2.2278625145100226,-0.3304725380659806,-6.362077448076975,-3.4489603444206987,2.524515144333881,-1.043253617088608,-4.809023088616563,-1.938659133957472,-0.10681801108734158,-1.4351621227020896,-3.669139315916522,-4.817986078969226,-4.598444303350024
8,100,4,-8.593644682726845,-2.4436296951309657,1.3173197107957442,0.9952522664467203,-6.053603789672568,-5.6859549931080196,-5.062404802841383,-5.216009287583854,4.691877804063377,0.9625675009738188,-1.0688277491618228,3.1628140793295514,11.648037438306439,5.067204940371308,2.37938557119143,8.983999565726418,2.468616334744162,4.6685343933087315,14.274630095355397,2.1605011213161953,-5.234443013840239,2.450132729054043,0.3261504902663398,4.0575223862670535,0.5715453244246016,2.839272789662795,-0.9587034079950412,0.7932181883058158,2.38626708638877,-4.3881544513037305,1.1478408760413874,-2.5383278949685915,-4.626259425564146,-2.7796096418439067,1.2889470387613635,1.2472496581059414,-1.2865869773824414,-5.9694819232596545,-7.085524333669326,6.057099339461362,3.2949175983667374,-0.4290847210894989,0.3822086823979259,1.6048003026147988,0.2356151297756658,7.968849764977833,3.243689472378208,0.16275665125378108,-1.988094421421608,1.6229850070142176,7.740534231066704,2.1536096863721212,3.8401915707239307,2.0045164756238374,3.733881439303799,5.112318239379221,2.540229931655457,-0.8754080277754056,-3.4739568683250677,3.45937710942519,1.81683305780426,-0.0314998104259715
8,101,6,-28.449114828756688,-5.70209795272933,-7.620311689042067,-7.090563436152365,0.4130706831631228,9.33717826735682,-3.7995897956396902,-11.103749374098074,-0.2129488200312718,8.821761011418591,3.7805484539670173,-10.226120444389478,1.8474463063019604,12.412863165957901,9.569208493183666,-12.138816871748473,0.6337977553286176,2.398695541500322,8.474547504560974,6.864996910844811,0.3727177888972707,13.004873567590165,18.893121611508644,14.165711081836653,-15.888552721294504,-2.4613762663935717,3.751498631905857,17.112080672142515,8.116020894791117,-7.087914494133172,-7.4742560196758685,-9.760327551150455,-0.5383026311855547,-5.9191004091010635,-7.912692069144155,-6.8817972226023,1.0088164126727697,7.842691623219624,-22.504838490631524,-17.305988226790074,2.721828841490719,7.266186957645067,-12.750097645355801,-2.7878654688119715,-6.681207206509099,4.894240405319666,12.949542396190788,5.496319591340318,-6.72223740036986,9.034978731961283,13.971116054485119,15.679109094709878,-0.891113171308509,1.4653074024472263,13.114131686584345,16.0781977273433,13.11175156761778,0.8810248920323438,11.549524951442262,16.430659824119104,8.336448798364984,4.4175727023486155
8,102,3,-12.987903778757847,-0.909955109128864,-3.0284301518212744,-3.554055451353012,-6.394652709001447,-2.606187135037942,-4.96668086349169,-7.963043742722307,-4.060998050972999,-7.274153906579419,-2.6667765641312404,-3.6080919079959566,0.7787479439682176,-6.07093220097354,0.022805604720260886,-13.474630123912915,2.5688815599352806,1.9914107689770268,2.944437704775936,2.969145458327925,3.2844210029466114,3.751797205427796,11.070984978206091,9.938052320171426,-1.6008168640660059,4.995372144996595,5.809175162826004,12.262734157055982,11.917602141910209,6.823528333885094,-4.056317427377331,-1.0133673582089742,-2.374525649172806,-0.7863963882938545,-3.487580433692329,-3.842601589313367,-8.239450160957718,-3.4638088582617423,-6.854241257806015,-11.306600094454868,1.1512269178950576,0.26219520908666943,3.7772221327021076,4.479994531681124,-4.044197571509314,-3.0049472967071864,-3.163790099186504,-1.5361543192823466,-0.9347126755931582,3.521739217769295,0.3447834624022974,4.754847277273854,4.107266609727335,5.336241921790445,7.194722565211833,9.815539211751725,11.550949168823117,7.390861078403986,8.968623276504617,12.775363207363133,7.916068170492244,7.597545854247557
8,103,6,-1.6971582071401374,4.155825706471391,5.081127351820014,6.573174132477129,5.818486665125661,-2.6872317990197296,-6.916543483768206,3.4304667610175374,12.027706530240435,8.528743160587577,-3.6048154119123943,-1.496956491842866,14.355495563708246,13.66903577120293,6.968319239458305,-1.562485298300843,9.524483455847609,17.042249411162803,12.240077944534901,7.301879274590708,7.585067590222289,13.909690128321317,15.041347939657372,12.777026353176778,11.559792646570367,10.627220987864746,13.325566834633847,19.799850248663535,13.857217134090094,14.3261370578917,6.28200884082741,6.549651509846514,1.3475645632687492,3.4964438778598117,6.421023708223026,6.7339787504333355,5.416838326849181,-2.8772755773147454,7.161430309492547,4.712333251892519,7.993288647372094,2.8860193948579465,-10.48990898054638,-5.349576654980276,7.187880962950791,12.365419344997838,8.85490374304297,0.014231111228227511,5.0613890199286,12.48314231682978,15.458053881424574,9.587960841043339,11.154618851249896,10.064100610592012,14.158400997564918,14.445045086009314,12.21342827325186,14.374128485967336,20.209734255675134,16.016084957027388,19.28622523552124,16.51341743930811
8,104,6,-11.090115735676466,-0.8881054768656825,9.270862692092521,8.961343426960834,-4.584800806964135,4.348050490498723,3.6476283760218884,9.43060184631315,6.936819590310136,2.1429339852751923,4.229650302608381,22.63021973822629,17.407418509899852,5.172389622641412,9.068738984966243,21.03676253866131,12.261997243116902,3.7991514035341547,18.548328072423256,10.00548330785298,11.90374945976385,9.33136245360734,3.800694881279655,9.784776506917098,8.854107061389646,21.25340618638369,3.9887270170899973,7.96429852087039,7.89775389668009,14.28652092021685,9.227960162500782,3.9776229261386606,0.7456151420057466,-0.4191757235221738,8.706836354759774,8.267424275692576,1.4247551977907023,4.00238056534265,30.61034283241849,32.72934573198236,12.061198040865722,5.705464184318285,15.788676016396149,2.19460001930867,12.519053578740222,4.954212225428445,5.00110853338478,8.762485999489064,15.790667757701426,7.560539016874914,7.674776470561219,7.612016046805905,9.128272707596782,14.88167854128178,8.399169350133803,5.9726587442749315,15.147857204278395,18.37628997453749,3.6140573259851925,9.738836606010434,14.670253398129717,12.225737221482234
8,105,1,3.1243434567913053,12.413161890626679,14.78768755659098,15.15470898101709,16.724414421506687,13.689610820309053,9.824990093344592,13.996172249226316,18.07886043604372,16.775423298680742,12.837565785591925,20.108373536796464,18.222874568888873,18.013232187419085,16.068816898526944,8.460196698129902,17.11941008348153,15.958055175500128,18.543876690017743,12.197703326075544,15.563816289099435,18.858694052141978,18.84270033334587,15.379269712036706,9.200284744726448,13.280433532355984,13.37791027610258,14.987450922737134,14.231647961613973,5.974999100252385,15.125071549356525,14.963619498172543,14.101645851371487,12.016403348821145,14.760141410024422,14.971835408405193,16.615495041469902,13.274916411354774,2.6490099567795053,9.902768346969403,15.433555250442243,14.856771462537324,6.538487671533736,10.651082227543204,15.010973607417101,18.50507713218288,18.07116239499755,13.126739537980825,13.211897109033218,17.268304127291213,19.71291961025719,15.842353978807616,7.509510105464424,18.187869530750394,17.919061697576563,15.955057657028478,12.466799880128079,15.860578393983868,17.7906628075033,15.504342343113038,16.588178107856418,10.102571614699944
8,106,3,-7.527246769926534,3.3186394873049636,-3.6697568018443714,-2.9433820508193325,3.666569917173148,5.913692648068255,5.656536699749714,-3.407591453446756,-2.211639688236686,1.1138217028616584,5.157272309699468,-6.71351351775229,-5.98133280914186,1.836133269116102,5.733647578833171,-1.8770937088255126,3.4051316440390744,0.3518343925839517,-0.09064494583346855,7.4764270588923125,-1.0182571464627053,11.17775313117791,15.095165186357217,9.330067779664407,8.35039113561918,-3.126872937745845,10.511161142869332,5.962132310244914,8.10231751226252,0.2395986871333878,-3.2734564944942717,2.444326897833223,2.8492813718408656,4.0386803132459175,-3.4233064495663097,-2.9623137537174205,3.2658080995628036,6.1510904778771796,-9.652324494462823,-4.997752365093997,-3.7824903034218935,4.1989174387531305,-0.9482666329003697,-3.1498378577256,-1.9592835990394026,1.4420537307585883,5.030626208544138,3.9673156216030767,-0.7101319064840491,5.599950624913789,3.0417450109231225,7.80630226614999,6.217057543602294,7.511940200040801,11.725367331513901,11.341694861832194,10.327969065776506,4.042823126130713,8.314798342291173,14.504897376357743,7.392434614040412,9.77672978865108
8,107,6,-1.509365114417475,10.767669858501812,9.838623650735475,10.163250463583116,0.4902616107620558,6.240908911656135,7.095562745998729,8.79789955431607,7.272102417526536,4.8418374625602505,4.769217847891878,16.896661748519026,5.886873670104076,6.000324272709646,-1.3173297272126239,5.7032035444295275,2.500783231005742,7.2342091548006735,3.8583166630393473,-4.090486047754668,5.339677732244776,7.055030612876952,3.8440954340394704,-3.215067883998884,-4.001105911166565,4.483599579745403,2.885501566479304,4.382318542872717,-3.581222976415943,1.2567801633168278,9.750408611294425,13.467918022285872,9.513917195088254,10.744515674961054,9.706271367908524,10.334263130000274,6.8682034537650445,6.762819478004355,6.589596208139529,14.640396939181699,9.99965750294306,1.7861897566174043,10.84504975143979,-4.69838090374975,5.32564558624858,7.314566817725215,2.1979761017123005,-2.0452081633777177,2.258485711994581,5.12475686742947,4.804810721200052,-2.392272163540264,-3.0322941970420887,14.06604301966387,5.996460138456669,0.7881092023467883,-4.566426874740367,2.4519254521057956,9.473275196284243,7.588931548869144,-5.267814937172594,-12.498409057626644
8,108,1,-7.065288091260126,-2.702548495084955,5.767995532780957,6.177401614329986,3.965224134349607,3.214679518169385,-5.1202156279326925,3.842721106575395,9.055922021680487,6.419410342305172,-0.6276332365530658,-24.727004443726884,10.825819242563911,10.033238549171609,7.117372573921234,1.2847544163147475,2.8748057656147723,14.308320716341472,12.530974361136932,3.9983870553125307,0.4066874361483422,9.163845543817782,14.488963553273095,7.988319069817208,1.9564254431553738,6.450043617236634,4.237955986022403,4.523524266122503,2.423214254832669,3.981696136248943,5.904231874135937,-1.5284263276290617,-3.863425430711132,-2.2767401316612057,5.9786739080871785,5.180306997786205,2.0025745892312345,3.681667463047568,-2.2904335938950595,6.356839207409904,10.145792881611781,4.98083231352815,-2.3936166340916794,-8.6098775219672,2.2676378267969133,7.90457564101714,9.673616375319849,1.6602210302059186,1.8183368061585412,7.807537074757334,14.274022677007554,9.466602965825931,0.8482205835511784,3.4939839337248246,10.345656027858395,11.58212010162633,2.288700882368151,1.906641502915768,6.8413048436320025,9.1989502680556,5.774508531500656,0.932242778902193
8,109,2,0.46351227727888933,-5.767218741429284,-1.7980806461944265,-1.924477722916024,-4.152459726498532,-2.112549424418475,-3.4564094214853487,-0.7630031148607774,-2.436489347709208,-5.447003554416507,-1.5548370112324257,-0.386640351328136,4.515328223578537,-3.4537503347823,-2.575474169332441,-7.263418330129503,0.009769579284914731,-0.34725329085684664,4.241301959789382,-2.3489514588514684,-6.300223521661109,-2.1941321164642176,2.486203435422258,-7.903280979930994,-4.868746057499153,-3.5853957851053915,-5.526464738178906,-2.8427583599781103,-4.595317310051675,-5.260863734599449,-2.5670590620351645,-1.628661596875002,-5.869933752706505,-5.988224349325384,-2.0254498375579715,-1.566070476262943,-6.2697993467857245,-1.7618903425613013,-3.5214802034471826,-3.412859609986586,3.5331221010490577,-1.5077020596803692,-2.770507290874178,0.2686285423455619,-2.402509892359376,-0.29316705304039137,-4.127433242969123,-1.3657593730178372,-4.857731592455287,-0.2994311931088732,0.5561290865355148,-3.2516565542304656,-0.2772330038431221,-4.7095447674424875,-0.71166556012794,-4.418648259759674,-5.74418403909587,-6.83374619415802,-5.669512954699558,-3.8207122018310895,-8.114606717737708,-9.870979798026383
8,110,2,7.256078908447084,2.466385611105804,-0.8917006020684032,0.3171975213761762,1.6022709078359876,-4.182236430394216,-0.569165107362518,2.252729537101779,0.026400664139813457,-4.136286487075978,-5.765167287408899,-3.2978455445547468,-3.0741112858352375,-4.4097253846049975,-8.800010954847608,-9.825428287816672,-2.448828118285392,-8.04046340229945,-8.218705858297003,-9.011007841483398,-3.237046905634249,-9.547169577693806,-10.10412520705154,-8.432451613308443,-8.853688637260348,-1.567185849087632,-7.391259388543856,-8.118739559371933,-4.408470425096042,-2.8215460748235683,-0.14723074499790134,4.5114840383573265,0.28733116079394205,2.345535522974208,-0.2551044598221788,-0.40223578904277946,-1.5686499232926054,-4.059763093092815,-0.370108693294374,2.5615119980193866,-2.1666357649444867,-6.828936029225588,-4.146574008607921,5.606125189491165,-0.4723556760369165,-6.130485785602616,-7.411276654743517,-7.154419259602634,-4.7182786638689445,-5.742202106408964,-7.528501588010754,-10.419639785933049,-5.827698490764134,-8.641496640652788,-9.316543729782747,-9.916322257948991,-9.363489464919153,-11.182105092786061,-10.727127502059073,-9.37869665608173,-5.1846390660034505,-8.739600826929346
8,111,3,22.975023288734068,20.22707253948943,-0.4839277517323093,-0.22205131387383403,-1.7185596824600955,-2.9519366189474,6.658770036088626,-2.3140956293819945,-6.397560621202186,-10.428204305106538,-8.506087034531845,-9.334977473609339,-4.55424720494122,-16.12441683960397,-13.441666401616038,-6.21315369051001,-14.656042035121075,-14.94122222838241,-7.461090467824812,-12.1213492090564,-5.410753652203559,-18.072028740013884,-21.113923213603666,-16.944483966771045,-15.3405102022083,-1.9105951962879,-11.09278471287405,-11.610273711383343,-7.703557297655545,-8.510199856069848,0.17945759498127978,11.73954873913601,9.372840785364644,19.91550163975803,-0.8984328648529772,-0.5661675133174522,-1.8475360294304253,-3.934740256904999,3.5596722465621795,-0.30153249483555555,-5.642634157000516,-8.24618228795235,-3.0302725981512104,9.199488103230726,-7.770092057654775,-10.019634773750322,-15.406397647269788,-10.795733752819455,-8.859962808377134,-13.68288852472608,-15.414683317379447,-15.739827982377166,-10.536137900088075,-19.380106852685163,-17.477638047915423,-18.64955932169119,-15.200429840694834,-11.31832157470649,-17.697448553707705,-13.523328552227,-11.177872681973229,-11.348367382454967
8,112,2,4.911957272510868,-12.07944257323709,-2.57345261655339,-3.108548649109719,-4.194485711796984,-15.78520035154254,-15.328848437292548,-1.472398151893441,0.06793885706446745,-6.61927340161509,-12.488709248852254,-4.216126203077006,-0.24816320691166993,-2.097193141263432,-7.205438226268334,-5.349377506162704,-1.5423785980291154,-1.7742092014949127,-2.7886323313251484,-5.973734270190682,3.505098016376082,-1.019054046127851,-2.901833836534399,-5.912547462597126,-3.231858449511045,4.265950035431608,1.8582515394451462,-2.136410829078736,2.175240292952102,0.05855778051915195,-2.2704164002817593,-5.670419066763913,-11.910342216264551,-11.863227084233637,-2.7060638699089967,-3.8390166089620177,-9.003927131870574,-16.38994834042813,1.2914168997717426,-0.2764860931897495,-2.208343130241078,-9.702118504565304,-13.231774918962175,-10.711103863105548,-0.9450500163295101,-0.2755796733630316,-4.631358179627215,-7.82769376538104,0.528533281962865,-1.0481038358085208,-3.24945591435563,-7.496832523404096,-3.3213981440540667,-1.598874821055042,-1.5791564371618563,-5.656506905195916,-4.892796567209609,-2.0185285246840166,-2.8194546386054355,-1.5726136809396678,-4.146255318984028,-2.8938769052861373
8,113,2,13.72892807263927,1.2934286010837763,9.63211813782592,9.43382840085684,5.795163171399932,-4.96172133569674,2.723601396899761,8.612347167916596,5.607061362098449,0.957747434243198,-3.7839443829455766,-2.7531092529434984,-5.542189796432493,-3.282698155724349,-8.436415263134334,-3.246010004845162,-3.828639434514249,0.053488904417200445,-11.95427041973283,-6.071589408930753,-1.2084999770244074,-11.032474210372241,-12.861506827198339,-9.216487858489879,1.7950631518303055,-6.200187353303702,-6.965769741116322,-13.36850920919238,-3.407780613244098,-3.6106811268936565,9.941199288589926,12.94019130640095,7.31340155182349,1.5884578285693414,9.508658906672055,9.546472509187168,6.802316215707037,-4.332843306428962,9.63880043994726,5.706559705161826,1.802920625868777,-7.9536227255196446,-0.3930737120212937,-0.22225043438829317,2.100539358446328,-0.2336830923833499,-5.746474502471896,-4.839586695730002,-1.962370955544273,-5.468683988730447,-7.180531322569923,-11.19413543030301,-4.334904795376267,-1.748316615002183,-9.90895261352018,-10.142765282778207,-5.452012900035921,-6.0055724817396285,-14.648344008547324,-16.486956938919498,-11.587577528660976,-6.743061285057081
8,114,5,-18.972981328417255,-25.671118296013447,-18.57497788941851,-17.477339315852827,-21.027879480380427,-8.330304171958167,1.0829295929430511,-10.505524552608955,-14.216132274283686,-7.636554559158933,0.6423224439140274,-8.337474513037993,-17.075183292941706,-8.369910464235918,1.8734488230278137,5.676733124683182,-8.837147183875297,-17.571250835569902,-11.864561645058552,6.368630462008098,-4.015207540312013,-11.21264879879111,-4.339087491037278,0.377826803295714,-3.7638375077782773,-1.0828099525874362,-6.190278298187453,-10.085103910598091,-12.025465941579057,-8.5251381321691,-18.067527423862643,-14.844273354937664,-9.905228164637599,-25.64223770773401,-18.29998557467195,-18.262251823640817,-10.802426020773806,-8.982694958177646,-8.420331723840405,-16.57510222822837,-12.781328500248492,-1.7510751901853192,-0.03778369568016007,9.199647394840884,-8.3454515098526,-11.429840251848823,-3.2083657560628707,6.229964189095112,-11.133336891760909,-10.42429061261185,-7.810554558138655,3.5501317546316775,6.434607471680126,-12.490392311203596,-8.711566853314277,-1.1422540096831568,1.104291055306065,-7.843996317648305,-13.375659513559816,-7.680273630236064,-2.869806390687277,-5.553134433788862
8,115,6,-15.061723526930672,-6.14836173186578,-3.1285360739907118,-3.338686574710441,-14.879228753060472,3.5791616434821956,0.5126190642576398,-2.7146782630645654,-5.402816442273009,-5.193811140114033,8.180085718597669,19.919833569980522,-5.478144711607543,-3.781803088103671,-0.9874345962321627,19.913908219647805,12.014839811750285,-6.493463913558004,-5.529113790437741,2.1257947248565743,9.30946299283789,12.81126469523622,5.346887942676143,8.45127358653855,10.161388245161342,20.921897793461277,9.059626631620459,9.715532938109302,7.363285218797075,18.35093484779184,-3.7048815699612203,-6.631552741363096,-3.4669161032340146,-5.9731169024527775,-3.943324909886208,-4.316978879613663,-4.122712793419277,3.693080279022097,12.736215240770676,23.14778830224601,-3.793494780479773,0.018015494524704634,14.401405688284381,9.981492628456978,-0.3558477292109927,-4.6911209932551134,-1.812042906471504,2.5101843934290398,10.248567696547182,4.138049221302312,-4.487772455393548,1.16135501557189,3.6939864724004248,19.357002402496775,5.666694601111832,5.285332355920865,11.643635585126114,27.768400986474482,17.654526151262413,13.602501097067092,22.66187888356606,20.056040155269745
8,116,2,2.9070922379330844,-0.40639865838797545,-0.42261160951016974,-1.194557759570094,-11.055021011338734,-4.023094864425866,-0.26023328049028827,-1.5237655863165855,-1.982965601744446,-2.6221809758145964,-1.6177168406727844,0.24140113727445112,-4.473113080668382,-3.380902014309307,-1.7536245594482593,4.449082404284213,-4.759687248072249,-6.093907096673068,-3.392264890961534,-0.005666452300985114,-4.463721663180011,-5.961594590417492,-1.1434690356254578,-2.2857630056578944,-1.4457284173950906,-0.9736216946891155,-4.999106699231694,-5.511337372647574,-1.0968420636391532,-0.02273596187190255,-0.1479778666299134,-2.541863263652822,-1.0793245777306026,-0.7515705811404975,-1.0412717106206921,-0.39104209072524587,-3.9485831388794823,-4.168294165192579,-2.7513565586144453,-1.5057699852509479,-2.673867121974867,-3.8474018373413013,-0.3088920095299439,1.6910832826865896,-3.75919669012471,-3.226679906544346,-2.5093578508282794,-0.5387709342034124,2.905887218271719,-6.174692804130109,-2.637168921893693,-2.082952053854015,0.5998084353192186,-9.566838270257705,-5.792514119024684,-1.8869529079373284,-5.270284814337019,-7.349950292329422,-8.617366710774279,-5.866009957145719,-2.407479281037501,-5.098475520271901
8,117,2,1.3950680657062766,5.435670474953041,16.519502273420013,16.726515745789534,13.356678206927885,11.16275523512102,4.578168295187559,9.61430185591439,15.904387281026416,12.621639164482682,4.769506650318098,14.642338814759045,19.23537574494371,13.178415661251806,10.852887269623416,5.56092231971689,16.89677125765239,20.5295512703838,26.626097219405555,8.849944362337357,14.58759530261159,19.209173938395786,22.369319269206468,14.78200108320567,9.32151314911501,1.9922771798787513,9.272575636576049,8.122583695164906,9.550356374190356,2.566740385631505,16.940978410858197,9.892948979489143,11.236958281159767,5.5028923744472085,17.311136931362675,16.55558301399394,11.210597261241295,10.830609490595217,7.9970928688374565,10.091865935919394,17.33522720495807,10.82542090404143,3.1651147185660142,-4.242248081375009,13.741047807980518,17.49374145587407,12.929704712177832,5.047765356647535,15.651861948994682,21.229823665829706,18.536736254216866,13.796966478058208,2.753079383838468,19.78528047403002,21.0882792333936,18.38355970882424,10.486941210780763,12.534559504912675,16.20704484093232,14.331883461294119,11.344274154214022,9.956854580106533
8,118,1,8.05134840136984,13.807463047639816,14.290405018504265,13.639029912196287,13.218788597108121,12.29043950466155,12.806275330586123,13.9823992673035,15.776625846376318,14.498105379957241,16.252656262913135,17.401981064121284,15.590336526766793,15.268458355854195,13.911233681515323,16.92666762958213,17.830000135320706,12.194108146265517,14.550638315199711,15.11112929046971,11.025005180740775,17.70130271573619,15.061753428472974,17.0006813868744,11.999572985953213,9.843732504276327,15.644084032534106,13.62329493844654,14.700049984836717,13.164045076135823,13.957890716557415,17.975597713159676,18.720605472815457,13.699519640706455,14.195278487264785,13.625774782060132,16.555513254094237,12.826929863848981,14.828827269505947,18.14417033534634,14.066700331957593,14.918516195299686,16.02355420677753,3.3492129836529614,16.032228216937767,13.652514056847778,16.689299817038023,15.188927458621935,16.018196395041837,16.26131049961578,16.0862847332411,16.423131029780325,10.51012533372722,21.836573279792116,17.91293697551506,16.081992384727766,16.553601178794914,18.938284754230658,22.705607768239034,16.502552404545433,16.54713784812428,17.81642625344599
8,119,2,10.795235744768334,12.164132122768136,23.46636016930384,25.270834422693035,15.562471750305917,19.50184320839029,10.77594564173643,18.951579695113193,26.86004935091409,25.310938500140516,16.7399203367304,19.029477509420087,25.63753731775936,31.168782336501074,25.279857075523303,20.549090305140233,22.014885649993637,32.654963506839984,29.94735586640946,22.222128193825483,15.399296936397322,33.04631418026076,34.75113047913806,32.15743191976376,24.732212898435026,16.363378245451653,22.759365376834662,28.628134001682472,24.890268971098635,17.673437895980204,23.414435036491792,23.136355715372222,17.98066678933981,11.892675279571508,23.314558430552104,23.220617038856542,20.90226912848288,19.49874596654368,10.922509293571656,19.37226928438899,25.027192505394535,22.367486878156235,13.536444303934557,6.631174200532457,19.425449138791198,30.943115916648274,28.35775257883278,19.585975139005058,12.919616401081951,29.09183531945073,34.15483762541921,28.535128749725324,19.520037807911077,23.36929196918882,33.79428958565723,33.98939235081398,28.92169931200444,20.9948160455267,28.80996172847906,30.5811836629447,30.25420626982045,26.339532807355795
9,0,4,8.365161605769908,-2.3068941101749827,1.5457005952598468,-0.5817667823739157,1.88888156771796,3.057316080234071,-12.967419571356801,2.0536025645688345,-0.4386914961959995,-2.840148525221679,-13.835673068104898,3.0320883765816684,10.799394525337691,1.118619320618853,2.096833070189261,2.6824123659057606,8.4990913604,6.49465109144406,-1.4098436249783501,4.674026063075518,13.412740385341577,6.440968942942051,-0.34339865604444086,6.069756204762112,7.714331492304616,-3.713571909309662,8.9702610852901,-1.9517314722080037,-0.6804112219705991,0.6783209274091377,-3.453103513752182,8.526671972648218,-2.4744576392695308,-1.8477221219005375,2.1273488890288803,0.889921715710219,12.744458116869232,3.741389197092957,-11.005178910203089,-9.682884760927866,4.231112268321761,11.41948136161422,-7.288530818643843,-4.738498940379587,5.55484066431399,4.084663112545613,1.3839501660209286,11.165789671590064,2.0394441903364373,6.084801211158131,6.169847470185743,-2.0851555397399006,2.7096374826051464,7.163464707572282,7.1348983715174725,4.79328856633113,6.974009012894299,10.922248678395478,9.259929680844722,6.465236333221557,7.2429730722385335,1.5295254800074005
9,1,2,4.118485615861307,5.2096269584329,6.15880365401688,2.2106985526071394,1.8573989347304884,0.3110837789661281,-17.033087414712085,2.6454303557927727,5.21365069887578,6.911572050804376,-8.280966944447384,-2.9311263684024347,5.601707592737162,2.5637357109425047,3.533837857735684,-2.0526582135637175,-3.139951814215905,-0.2913844165414923,-3.4791442441481455,-0.6807088745167346,-1.8603631479029608,-1.931545496486673,0.1993534039910415,1.360838370853409,-1.2035182548797603,-8.083290864565841,-5.292067528259368,-2.746757177545166,-0.8390597926861632,-1.8126095377090503,-0.2158293718608417,2.600573661805289,4.867291097279368,4.816851680348743,1.497044228349539,4.692598663747494,6.743931681813567,0.5460524184447593,1.0056821461539802,-4.043967750076793,4.029806235237276,3.7159822848341544,-7.257483598637036,-6.356594995686378,0.15874776151031256,6.367248221618554,2.6943075752805745,-0.6829976754308476,-5.476491040467833,-0.8054580649633599,3.000234460844316,1.1977051268331707,-1.7328066414267553,-5.931991453259825,-1.5337509169561283,1.1154342699475117,0.48385228593436186,-5.6288398786379785,-5.772049649720783,-0.27963321978544353,-2.956722226141521,-2.2022380663022383
9,2,4,-9.304527092577391,-8.694635568811306,-6.262208092233691,5.0468586362080625,2.838013496042637,-3.687326272483915,-0.7253127431996691,0.15630215807340875,2.6806966030697628,-0.5453866184291589,-6.756876791679731,-0.7423903992308709,0.7051938991970973,-1.211975488902592,-8.609509402386298,-6.56043320771579,-2.026799904493466,-4.812402191344741,-11.810009644752958,-9.918711184353638,-3.4983219043862794,-5.885742348823243,-7.8867767002297215,-3.6701620348797355,-2.3900004517536892,-1.5251208144898818,-2.8741120776025255,-8.972773918314136,2.4421907989535345,2.500869704751165,-1.1071498840408425,2.88649381067967,-8.915634738627775,-10.028783404790772,-1.2870631797193752,1.3172205530288748,-1.4773255282808573,-4.433375514600785,-2.9208125345431606,-6.372462767289904,-0.8052435670979321,-8.491572136536428,-5.236541615299332,-6.674375475111708,-1.5984926957909658,-2.6866441710579507,-2.567797893817286,-7.451680102067569,-5.24647454822595,-6.954997878737477,-3.707179416245042,-6.287714248704842,-8.539866836491704,-6.56867915293679,-5.74920042731413,-4.55639286084873,-1.81939896398292,-3.1818251006486946,-3.5993254960673626,-5.278206850254408,-1.1446184289255532,-4.137157494701991
9,3,2,-9.973481663207455,-9.858511793745176,-8.945948883152862,-7.609409856405563,-5.547455757265774,-8.6899075303681,-16.33000621912866,-1.799475461897644,-6.681939687400987,-11.091947229965248,-13.248233961668326,0.6267515289733507,-7.2435333089925695,-7.512382038255653,-10.870340035728567,-8.319312639171025,-5.950010305315981,-9.641677255828856,-15.83545594610183,-11.940504625712224,-2.686320887583238,-8.725634719631296,-13.606908164100675,-8.885557444441053,-0.2129579735238377,3.6453249791080538,-5.519292720022795,-7.787175255733903,-4.007072215945256,-0.5958963740935056,-10.664382795348947,-7.223043187441897,-10.141073912597914,-9.619071156456613,-1.8840127406846277,-5.499887767344395,-11.667519994829666,-8.28745861365119,2.9719080861981553,0.21822058925087,-4.643302144045465,-12.68015502229696,-5.1043851857596065,1.0572355702155964,-1.9718598703081467,-8.618578036497462,-10.461703334526135,-7.68599563682588,-5.949965468108107,-11.412035768851638,-8.768922977342564,-18.898114582387407,-9.535942435172307,-6.918553533850285,-9.296434797556707,-8.11211974152205,-8.155244652499876,-0.3113942329385657,-4.710399798094865,-9.317504183502821,-9.861863337775198,0.14518798767339303
9,4,5,9.486553079289632,6.329536353896664,21.810834797235533,11.037682698267263,7.653351080308597,12.870990295281146,0.7507676600887434,10.85345435603636,5.653100858087558,0.8954786974482423,13.510162021010741,4.142381673883193,6.592520739792321,0.7495608658177731,6.327970975362577,6.851241399647621,1.9501149051073126,2.1183154684059877,1.6929372673081917,-0.36635999354283955,3.9827599969178618,1.6371424334668907,3.4100618558061293,2.7632267743650076,3.829073111560744,9.628405514195926,5.346360924347054,10.818905145906633,1.2467360207356684,6.42774535707204,4.5669468409586225,11.540757446617985,6.21879186210927,6.104871978506261,10.575469695031643,3.4344284260963507,12.265753166704652,12.502511134916334,-2.3447148381880085,0.13182676050005587,8.769816045217762,10.877468777638741,12.562614595244941,4.373720251228207,8.450537549195495,1.7223999676998794,2.1061578603097932,8.171701338301173,-0.8517487914068624,0.3757519406470955,1.9768279454693567,-4.047901952968592,2.9071631314823505,3.1366547736361983,1.6769606973961688,3.1423270463739064,7.510032474120124,0.2691400875905302,5.525144252687599,4.021160156988516,8.797319761818136,4.318287283125357
9,5,3,-5.442300347463657,0.32586319407266584,9.928308016592176,-4.216358601638093,2.0734139834062124,-4.155563785490102,-1.9001077317246584,-1.2699374171547453,-0.8028138733821044,-5.63511719148061,-4.4614201741883655,5.542141970871704,4.926001959980083,4.309157815761864,2.0072092964518338,2.107851196307599,6.152529549830381,2.6716471416648613,6.484638042759339,2.8483145537831573,10.978738047193925,4.116145673395347,-1.8846881589114024,2.508283416763307,4.407187473710353,-2.3969884277065856,1.6931293380969203,-6.006045122153875,-1.4063513346652428,6.212197687136149,-12.444485348788456,-13.08380743912875,0.5341700275951033,1.3354058165512084,-3.8788978881316205,-0.44235673889790283,-3.445574606700643,-3.976252236111066,-1.3841934359331454,6.988474677416229,0.13861938598906481,5.985759904085683,5.19629765797134,2.7633996571289234,1.984779393280535,0.6264153858533195,0.38304076409649035,7.919632615782774,5.109103518577931,5.438273469031576,5.751149804917701,7.871994188327984,5.723025138985378,3.038810573881723,4.933697299151563,3.598253186860282,3.6850598881748047,0.497220048976201,1.1167754864365593,3.3070704278240823,0.7844238120426472,0.4456763021852359
9,6,3,6.58708212644901,3.111852765969204,1.6583816319669966,2.2319633099278904,9.996049223376849,2.0467554359574716,5.6275051183567015,1.7238532507738162,8.943807408582733,4.7627758726295895,4.465677548787648,3.1552081571781203,5.837201197972383,7.046010905695029,0.16687851157550476,-3.844547127577954,2.333245358304917,4.136174839273908,5.256359441523871,0.8157207398425513,-1.6996274899645913,4.54809887927571,7.394028656269854,4.3760698581023565,-1.4450587367230068,1.6635642041702086,0.5401816385764082,1.3134848474320489,3.3396093021714828,4.160342844680131,-6.6024728730638955,4.433558065989395,2.8611412484471397,2.7981536772397417,-3.2784848263396356,6.863773533563339,10.572303719101644,2.022958663272354,-0.9686232882483702,-3.339167588095111,3.657284190273484,7.686888732936046,-1.6761635931708456,-0.14899088290133772,0.1381968612436249,4.1297342349298125,3.287127759602923,-1.9357453718236295,0.41441776331446056,1.6086336781764876,5.30853386157442,1.817631949250383,0.6558909229934216,3.5487869219831785,3.926869243542413,4.189680823195929,4.132365478174307,2.570698020738414,0.5015062160190855,3.468110154769043,-0.31271309291989324,4.755839180224005
9,7,3,-1.9131584282873622,-4.243206025078535,-12.494700565743937,-4.360509386956238,-7.808135910175475,-7.516969292492772,-11.773683694918173,-7.790001762020066,-11.727441037516677,-17.00637762786867,-10.301428679115613,-9.86547730094185,-12.154506135073198,-15.317540934627367,-15.50742234344163,-13.367272365656563,-14.049092076082784,-17.615103903294703,-8.115512893194474,-17.63031547693764,-8.326066877735537,-16.338751578885248,-15.062159100047708,-15.15245822003884,-13.651457480359358,-6.008413928651776,-11.522405587000456,-11.747082747961962,-10.527706401967782,-2.0063578585509165,-12.888429727496165,-4.167158034834556,-4.166473017642048,-3.9383226030665237,-10.507990960940356,-8.350804736974032,-5.461436356213397,-7.2660272536322195,-1.1331970838861103,-5.958435535930646,-8.74329834751694,-9.553135442025052,-11.415665772664017,-9.989186119606224,-12.509761660246225,-15.611310121995142,-15.286890702594706,-16.49184624419161,-11.637196200286477,-15.633932161031337,-15.264761646664358,-21.1326099382032,-13.513980942615031,-12.033329488982153,-16.954056045812813,-16.9206655373933,-12.446418773087602,-9.566836082694554,-11.213761197902807,-17.828849430218717,-17.66080889321591,-9.265845335335706
9,8,4,-4.151815260283468,-1.5561712794630538,6.1451031235302205,-12.061223579474115,0.20523700390646957,-0.7385523267908077,6.904827377577194,-5.494199464211194,-3.4292459048830515,18.66255055921629,-0.17306942605163778,-3.272697294562509,-3.980000771604841,-1.1027227977245329,0.36179532881871523,-4.500082741968517,-5.531517609908452,-2.6981295912140406,4.866196299312497,-9.198635458320146,6.492362315723925,-2.7986466670181707,-6.776931568843928,-3.1909162236161817,-2.8289288707736238,1.0426609707221095,-1.005912657690849,-3.2397325953423266,-3.2850310058310295,-4.1832849719127205,-6.244704624734503,-4.998451911832955,-2.075811583773097,-1.7466096921750092,-12.119899358427176,-3.705761258251873,-1.2736634763593733,-0.17958040244695697,-4.425180772546586,-4.336504538293655,-4.184360558893986,-1.9746575933347308,-3.276692232741724,-1.4809747474018211,-4.69797334433874,-1.445993432661565,-4.649144119015192,0.05371084644618118,-5.035946215857845,-3.293849954608736,-1.4010727322410537,-12.804481518682,-7.904584275558591,-2.3071437980780924,-2.4898932636601905,-1.5740108686476573,-3.577916739281361,-1.5892800111891465,-0.9706111514497913,-4.511488216633838,-10.239766247933964,-5.017895292027901
9,9,1,-4.7634384477079506,-10.458771229034479,1.6620372673496604,-8.026206001616655,-10.517683804716642,-11.98464743260341,-13.164368915462445,-9.997188747252858,-12.73739977253647,-18.047521345544514,-14.019690036137659,-10.287244712331944,-20.818373084448787,-18.28215385767881,-18.6645543137338,-11.10621128172227,-17.135701077490506,-22.54527054338648,-22.054279746885257,-17.194188038932115,-18.126050090178754,-22.12596157047806,-19.94213910780211,-19.109734565110458,-10.409573844920773,-6.0016564962840295,-19.07763083983304,-13.89104518372702,-15.778297467497966,-9.733640963120795,-4.645289991527977,-5.045767021112762,-10.799253627294437,-10.83971846639747,-7.807895840554522,-9.830812862937952,-11.673707696234386,-12.03004507906735,-3.168188511411002,-11.343193345884911,-14.632267390309668,-15.077805997040004,-9.088236832093994,-9.527914221966403,-13.81755174653286,-20.32975432683327,-18.881590589313074,-12.799567900353853,-12.98512147299991,-18.072713802296033,-21.349457297641674,-23.35587903580107,-15.946136348179495,-18.41851645151563,-22.106521426299693,-21.29340636482599,-17.47238072566688,-13.368776903896617,-18.79512624233598,-18.945240910108218,-18.6771154644581,-17.715396812321945
9,10,3,-10.93144533295957,-1.2163609751562643,-0.1187951610929045,5.400942470540476,-3.9129413151659245,-2.321484595219174,12.631463379667306,0.15134047646438936,-4.5928243208086,-7.505435709500825,-14.303190323842202,-0.6904497168867325,-3.32519492568312,-3.2650722614745025,-5.096190415294387,0.17002199862788436,-0.9973593599322006,-5.577683536835562,-7.690297915168655,-3.510444376435947,1.2285538962247162,-5.169703144057677,-4.073020758879621,-2.645363160590753,-1.5974747797122166,-2.8140278176926987,-4.6311315820984,2.679848301042685,0.8343157683521845,3.654118314056045,-9.54934855993474,2.8516340283449866,-1.536887971298178,-0.7403929473650523,3.5852215484398,-5.725422772771973,-2.7555761980006412,-2.4656930957387027,0.8246292735381823,0.0462331453554056,-2.399434027704979,-9.04137619157753,-0.6174812210246747,-4.760650390835774,0.32456990492547133,-7.330480907702958,-6.31961619972092,-10.925747441196044,4.253644672551808,-4.0268900646123935,-4.967894464276914,-0.6695242961868644,-2.5442442914808923,-6.316751262809081,-4.384856765181189,-4.167382077984057,-1.5924362940032302,-4.014572381007871,-4.765576853013665,-3.816726555281161,-1.8031695208898395,1.2091617958915468
9,11,2,11.779970654127448,7.6015576354849745,9.648815627811798,3.1278453266089077,0.7731464163899966,8.275147343440578,18.808349957371625,0.07783095329636414,-0.86122398232905,4.588310828557375,9.176948186078272,1.0220140532985127,-1.1793629843571278,-1.6785579838721867,9.538384911172633,6.58809046651714,-2.761494950266419,0.9064840440888252,5.686110381900168,4.0962125564493785,5.699366027192584,0.6304776392786238,-5.431916126458929,1.3014744562891902,3.32867128009022,0.5324158638306876,2.8697490439545836,2.674582580433837,-0.10335629385691637,2.010957751831995,4.631951089948416,8.504475711935722,7.661715500607586,7.740865244223494,3.9138408272027454,-3.041624329802466,-2.5143205896701395,7.5341269750057265,0.626943604827563,3.7000025593244072,2.8114092890570688,-2.5218656335491687,8.358548212705587,9.494139613433196,-2.690027760364478,-2.3553904228185014,-2.027741032811563,2.693888176821754,1.2486982676768439,0.5114039312139504,-1.3783002906456239,12.57994525182266,3.0003592807901787,-0.7628484885094746,0.8924376709250366,0.3477041642862998,0.04451093541049339,-0.13835375279574105,3.2119376317416197,-0.34855883086963446,-4.921738184852209,-0.9875256074592471
9,12,1,11.474866514662045,8.941009644180442,4.847921330799779,12.39189153873338,15.05986376924487,3.716648132154128,17.809380461348265,3.732896780084092,13.220490137523996,12.49992801846436,7.8327873917410145,-0.1618240144580776,15.315773970651907,15.886814110344512,13.215621340020396,3.210529185150092,7.655338912021099,14.883126063295078,23.940862857872947,9.06359481925099,4.086369194635531,11.94618662787465,16.595596186930266,11.98655217161356,5.393701666920651,1.6114666712265913,11.650967375897778,6.171211122080868,8.27798029968356,-1.4336820543948097,-0.4960836171195262,3.4615703893416563,9.273828752974909,8.311646018285165,1.5175951471461389,10.221750684724213,12.372906022318986,3.3878399351747994,-5.801224252458933,-13.1984860623687,6.4745611572615465,13.88824754008432,-4.6546947263612815,-1.7916200643393967,6.1522478834135335,16.98268328788804,16.401121260007702,12.638224047949397,-0.5534660171081374,15.503834036360614,19.03721726522213,7.067128384531268,3.5548593262096926,7.4537191100009705,12.828476837245606,13.88601643044115,11.198824862131803,5.500796802387367,11.989455512020644,13.104287924676596,14.985416587939064,6.305749118998193
9,13,4,0.572061127778597,-2.0672583216063036,4.655658312239857,-4.803426398327803,-4.135966765489883,-5.489990003634149,-9.582899126198665,3.091394674737098,-1.3375313128174326,-1.5462191241279417,-8.334792964955474,1.0438422152045668,3.047812009287043,-1.1183856584915401,-4.995129268752727,-5.878399041526741,1.663122446183967,2.9594238923987497,5.757980932271468,-2.299067439965723,7.502778855084279,3.365771770810923,9.014378345071725,2.1035681659917955,-3.0127698025870595,0.8818388945201588,5.170913100015466,1.4727736127721807,5.90227265387387,2.993067228337523,-4.90366811249632,-11.776132519856635,-2.086916117792628,-2.177135236870794,-0.3281103275580013,-12.033166165213757,-6.348723597165841,-5.993877844339834,1.8661635023450884,8.173807739615208,-0.07026041906167974,0.8436212251843072,0.7198164341289824,-1.498561526444263,1.3802816704193865,-0.5389556444034229,-0.635256802879001,-3.524756400402995,3.650728353844365,0.3085069540865356,2.954174146722012,0.14303370462957632,-2.216755062242313,1.9137347317982198,3.481164147796266,3.789190949758562,1.841134307769741,4.2234361473493625,4.466772391040602,6.428084679527161,4.587318511820317,10.33281526838503
9,14,6,10.353234839239501,13.114672252471088,12.040410211582369,14.29677856420507,5.443123103448804,11.707533514876733,14.559842952322683,4.117390826196841,3.4992694118423624,14.64952753473886,8.730215563325258,2.8692015965139825,5.824598629814119,5.253145625735295,15.295402224686717,11.593059794057348,-1.52655170247436,-1.9412191313259837,8.033802210261033,7.345746854910768,4.797904483519676,-2.454073177057139,-4.305495755460185,-0.08163062117357905,5.84491260618926,-0.5371629769925201,1.5455437365141347,-4.569360514125993,-0.32393609934270584,8.558778715955956,17.269717364049534,8.391119109810237,14.083558002407315,13.121160776592884,15.108299391298766,-2.9945013586250013,13.220887147617056,10.456959365446842,3.44323460909924,2.114384576392916,1.4629559587096652,17.07352980396643,8.874302386169937,2.9136037392252123,1.1491191927570763,5.531383126485731,5.790980884896184,13.056800096750072,-0.6715378219080037,8.093092510965082,2.1949780532670005,20.41249575940664,5.616070889935991,-1.3468432528216676,-2.934285921521664,-3.258775785744261,1.1767732828128619,-1.3341478728802811,1.5967961193130504,-3.577628622762859,2.903075376752672,5.088664598672127
9,15,4,0.5649131564295661,-5.432629949345094,-10.695737294398436,-2.8946693139377864,0.8349015678665256,-5.148601613314138,0.5911268073278929,-2.9823340112002676,-5.191784140404041,-6.787479080430161,-11.042845947304503,-4.709276301559154,-3.8495568331152152,-4.304666686814458,-8.950116678055874,-9.72154410945524,-2.3155274276888536,-4.120719973974658,-7.83865493608684,-5.538447956081828,-6.155753101261971,-3.226787426804263,-7.301972188430313,-6.343451386249462,-8.334149652325385,-13.0727828789684,-7.909606827786424,-6.633360090228251,-9.061722139032872,-17.098475759249833,-1.4705424919928884,-3.6570121196393903,-5.2318328088987025,-5.426787949601619,5.8280908783454795,-0.11021305881327054,-6.383813782333874,-4.334942432097732,-4.520566441300442,-4.789389627440492,-2.614207050740359,-17.71491031603114,-2.647904778827866,-7.926758178379153,-1.2967336114734502,-1.7392760775529017,-5.505019109037411,-7.063421430815824,0.08398666740508698,-3.4758888189979014,-7.820059893255285,-11.264382924316687,-7.692253709679876,-3.9167506584397924,-3.152403978540038,-6.057496071543276,-9.396209121301272,-4.589930568583216,-7.889228799789236,-6.584607678442834,-8.749534007565048,-2.153332052841818
9,16,6,-2.659287779330753,-11.019699041708936,-13.451543852596032,-5.003487207881385,-7.217786949809373,-11.954256437696147,19.138883455770046,-0.8717235308538037,-8.913768534355503,3.033676081745909,-5.614201425052271,-4.490770859775847,-3.606387067904195,-4.511097591324915,-9.946432546508024,0.5500985825556417,2.939045842620544,0.017884378310112387,-6.31693367928085,0.29186772494349716,8.914882431306491,4.847277867238648,3.2130452180451665,3.984094883315265,10.101947225766578,2.2333173660061707,4.0406834750277225,9.445829031391284,-2.495507882533187,12.899931246312573,-11.525552253988453,-10.782784162634394,-11.064235592033809,-10.27066958520743,-7.275566522838405,-10.7999706429702,-13.40371662217034,-12.647110216183263,-4.078436984158144,-2.117169463446241,-7.2364108801660345,-9.33750782359573,-3.015317934434634,-6.204934426146082,-0.9135903591608141,-2.0729274111459186,-5.9422381424867545,-1.2962886781499883,3.3199579531962926,3.3104796109539336,-2.245804751791604,7.379918320283365,-1.9676119743778218,4.4080582225124525,4.808490440749181,4.91714778547061,3.806015764243853,5.299657221224794,4.748147005760451,5.749546062246685,4.753700877505737,-3.171357580068771
9,17,3,-10.146326913293908,-0.9121467271342686,0.004603177649763486,-2.119560707087924,-1.969481446961986,-7.914049933499818,-8.459241243715327,0.9922024235754018,3.7135526629692923,9.543250565099095,-6.858382924468396,0.8818069015737479,1.2187169961540434,8.17218477142657,-1.7380084718532132,0.051524485415983035,0.2598602119492507,9.158161039464176,-1.1892478753381026,2.214792728094702,3.9509925563342696,8.778753507428057,11.966667069803643,7.382610442886339,7.546848045980057,6.462505796628933,8.57869257957379,9.477782168948067,9.430246126838028,13.685155344865752,-10.63254171789328,-2.6815192957022584,-1.2280385441249004,-0.6663200509870747,-3.240888178575691,0.8551131513923746,-6.200052761313753,-8.443517591102934,-0.7715010301567746,0.4620177751157163,-0.2353719539894925,-0.44364356632321733,5.144158542826318,4.4015024296794545,0.5333857553806607,7.311456910084667,5.355352801475219,-1.3688090676896105,-3.7429577934146865,4.61788560258702,6.660921432895633,14.980720466616123,2.823022882760753,3.141673957562732,9.093067146792286,9.23576485348593,6.043702668351369,6.523876911313156,9.03527486113059,11.032151165747692,16.885921036052267,1.3580502779336583
9,18,4,2.7313887676644377,0.8317388657298754,-0.04617234405198249,2.5326373225259715,2.47738979784658,2.095754293452315,0.42341912269774007,-1.3561391966167564,1.6899058825007025,5.5932183236837725,7.968961108975661,-4.092604922772408,3.3738896586270646,5.492336443017762,6.231356110900828,3.522694931054633,-0.1408473458595405,5.42865095481776,-1.9144901526728408,5.916280568759073,-9.704239085205925,4.427127051586001,3.765413295318623,5.040059532833902,-0.9442758820297924,-7.231020229613049,3.642879315765527,-2.087812426738532,1.5674390928456323,-14.676048493775168,-7.987242572486584,2.0117771983055834,0.31846230440466416,0.9656047149129755,3.96681225170358,0.05105715647067355,4.345422839041705,2.3514594505881776,-8.518451563072693,-6.308105108981228,-2.3749361996561644,4.137548027832701,1.2611408034543972,-0.9709824859732528,0.02833280791869358,6.139798956219012,9.861911234797956,14.15513085846209,-6.8504571184834,5.57392222538772,7.394838526504256,4.756367329939652,2.3169102807154474,2.3980927402835044,4.768893130626189,4.94253233933776,3.43628504327158,-2.762951454789401,3.4325845983538135,3.514333694264653,2.6160893083277448,-3.6938052788780023
9,19,2,4.889391227648023,-3.1072304027791087,-0.8053204040383786,1.2228207569910068,-6.375356535949721,-5.964427966624498,-4.182001409359368,1.2867302406783678,-9.364467213334935,-6.899395160763185,-0.3412123249429161,-0.9330304940799019,-7.661728252247883,-11.068963586330048,-1.3246758186780814,12.585572697949122,-5.0232666384474145,-7.986448657835219,-6.934395737253225,-6.99767776685426,2.5136292060928014,-6.910061136989784,-9.540984158267877,-9.954063899974082,-3.177986994238069,-13.248618079235825,-4.89661930227885,-3.0836288307498148,-9.123627843837845,-10.624071649999772,2.518904615568404,-6.485243082387237,-2.4904886112326925,-2.5736621760027836,0.14990002477950504,-9.263508485067954,-3.901977669288655,-6.447348738679797,-3.47401612709708,-2.0082464967797535,-4.588634171704878,-4.389690475424799,-12.101883656884803,-7.660130915261817,-3.176187974764261,-9.602569704398325,-11.228978987669619,2.4456383451455967,-0.6875464201155235,-4.570141471786106,-9.497542395665334,-2.133491779938794,-5.830837410670227,-4.071320975381065,-7.000657951419536,-8.945481532571339,-9.071776758868063,-7.565740758587221,-4.537778637190234,-6.795209738335048,-6.714926725230749,-9.045662359970551
9,20,5,7.2981371755552695,2.1435496022288736,0.7663280779521386,4.263836958468323,1.2162617856789972,-1.745972694988112,-3.8102411984625033,4.37531757423308,-4.0596370837401325,-6.591160303424685,-0.40897272627448666,-0.06429035323331174,-1.9044163776774587,-7.743179661460315,-12.285920050131482,-0.8466943024044367,-2.8848548122431787,-8.158551361593537,-2.754587045893434,-10.156237385712753,-3.990721108096582,-13.579698998154512,-8.233847042432101,-12.572304278339558,-6.217748300990137,-4.473072082505609,-10.064782748498564,-11.885647683881412,-7.507871766131733,-10.573452900777133,2.7199417835118505,-1.4130576136408433,2.7524487011520766,2.6129105748316257,4.199204003250953,-1.2547963439606191,0.5115351767404136,-1.629030943070198,10.364198612003799,14.258272844945964,1.0214922720816264,-2.5792768781255115,3.4108268976234237,1.4005573420947215,0.9927850178181672,-7.3628533838839285,-6.147340720882871,2.6938274401728415,-1.4131215883691508,-5.5981159553772315,-10.344630413075418,-6.784895861294215,-3.1725035084911206,-7.014288183156879,-13.755502094037642,-14.128171430128365,-11.19088292060557,-9.483121468651497,-10.524130740498263,-16.155163386382352,-9.960776496883021,-1.008419007744366
9,21,6,5.32158463302909,2.30946779689502,-0.28990225711973594,8.478076406004957,-1.3438790842163841,0.6700236368242956,-7.8296759041117046,2.116641354179237,-0.2825334511197582,2.692319772933132,5.186947381873496,10.163551909667321,4.786931188163778,-1.389289523361298,6.465486040929473,-0.49410536412785533,5.769091890579684,-0.6593768970541127,2.022824193566763,2.122713710669788,6.887957673315412,0.41387995592000665,-4.832741772665118,-0.8436756984873032,2.8083106913581153,2.897060574236803,-4.019934142621735,-2.4783277978053033,0.29206304709574793,1.4507309822365642,0.1404888501345407,14.920732425295796,1.6728056775315139,1.5374737225654656,5.193090211895366,3.865379747503055,1.8150006124704405,1.0830233582840658,5.686440088218312,10.813322480236993,2.9438795313528763,6.831820457719456,4.639060714645545,11.46515125162876,3.4461315472769334,1.0254264206784556,0.16952581344763135,7.974118070222626,4.035987509261222,6.760010767637227,-0.8241300360617636,6.5309512606344855,-2.431934532401344,3.18251972018582,0.640218428915319,-2.5194423791339124,-1.0606414046956267,1.5824041267993258,-3.9546513201373577,0.7668818809580407,2.683539175405738,-4.812658255692664
9,22,6,-10.606590482235957,-8.231103779021197,-7.240258577995271,-23.90467462520591,-8.81860366152463,-22.106265323827184,-17.706917207460943,-13.068554337420382,-10.185066374972827,-17.092665918807434,-35.23971816788358,-0.9676085486340826,-7.647560322134779,-12.39079683005139,-21.340948788358325,-20.880838822482577,-2.9409440923936496,-9.773084600705925,-15.043387981563274,-6.781787586057702,-0.24834590877701593,-8.198539210290356,-8.818491600624215,-7.567827889741185,-2.762378471063044,-2.687665325362327,-8.272695299487832,-7.869849469012967,0.865167564337665,-2.0677800968221223,-16.186642762262185,-24.093205391406638,-8.865249751624082,-9.158029821678634,-24.754743019539124,-9.16420786002106,-17.658305657130274,-22.068025226977362,-5.081241390906368,-26.907617424682858,-11.105475111648714,-28.065424315086236,-31.865886181229488,-15.036569672386813,-8.137946026141348,-10.878729991274096,-15.679499431277579,-24.906096365060048,3.8296973500627907,-6.155833104489054,-10.160386052425585,-18.27630543883708,-4.039028534586205,-4.94328142886573,-7.72989199483177,-11.836504884030132,-3.5065486968335913,4.179891845023988,-8.28732102732288,-3.9055180053805887,-10.919015565319222,-4.721846931068819
9,23,5,-7.048853412536031,-1.8421394873833528,-6.457076819568151,-3.966600993682247,1.3581911241749252,-0.6931258856330249,-4.090719526406469,2.3507648393364113,0.5575634752082204,1.2489703241011652,-6.316581592645226,1.000525178183324,-0.17498682732920995,1.5624325700479034,7.117350004011451,0.2185023105277392,4.931171713256359,2.2229458978570005,1.7876603151898744,6.059695194168705,2.667905090358277,4.641768806483368,4.167827035868313,8.51510640673294,7.4012502636419715,10.830640208649037,5.586131181136322,13.877632759220432,11.390281277959998,11.820006440598053,-8.092375474096066,-4.086468462253036,-1.8059704638108975,-2.1974364987648336,-2.8874733317203294,0.46686097543414085,-1.078080922183467,-0.6389060266111495,-2.4077023773045276,7.095710730021135,0.29576985728103505,4.492771520688222,0.5910339605009238,4.9717677823472295,6.429528336211036,-0.1755886903009959,2.3401212409456686,-2.7958873131528224,-0.014222373833834873,-0.8764258932404614,2.6043669271918883,3.9153581707874623,6.806599148963697,4.818820350469804,4.643660645210756,7.446583901361634,9.553842939003424,6.531456991825707,5.081135690974632,7.32460694013323,8.499056259522261,8.748240819632462
9,24,3,-1.4809619725182106,0.4421742755959449,-6.952497804452235,-2.7039620140794582,0.7025978482759927,-1.4406700254000562,2.613858113641758,0.8800719203058307,-0.48180040547470826,-6.828846635569526,-4.704753170381925,1.7324961531373493,-2.231511976479029,-0.8293956637427935,-1.2064376651769415,2.644108267955303,-0.7272109369770057,0.7286162341422437,-7.521322658515489,-3.65555554303545,0.7708960363936679,4.2590608860070756,1.9827403166592599,3.915684703919224,2.995797756968473,6.799169431928905,3.1994662139133134,8.895215000304182,12.420624430813803,6.079212107286765,3.396867003473572,-2.405381613098676,0.13984544589979137,0.46828863211828015,-6.57422018724653,0.796952737381729,-3.241243522091792,-2.08929451963887,0.7700284969618136,0.35292828748309324,1.4380227098832064,-4.1111744493828155,3.4073441294589775,5.772126514021666,1.2307978433943014,-3.3419109614361546,-2.806258820428899,-10.986628744842074,1.0500650626079107,-6.867163479600739,-1.5521602741465326,-11.599596431921801,2.3965850721266695,-1.0000867106747333,4.291984096578346,5.482150541750493,4.496487980220108,4.495421978238993,3.044822209594183,5.213276150795384,5.040693375145706,5.1192541044409845
9,25,6,-6.8429889883335,-15.038295070072872,-12.860513230467705,-7.860323027511723,-1.732813059511344,-0.3446534721680533,-10.069254581027147,-4.633125874196839,-4.531046782086444,-7.262787743448851,-11.834801932569688,-1.848976930898682,-0.3770324084680613,-5.874420108012401,-3.4486508482794562,-11.033210825192086,-0.17885694239379316,-0.3394613496749094,-8.682903645281888,-6.330269343106123,0.06556444027938116,2.9405855920844424,0.3266378267918044,2.990624804458605,-2.968614192202507,5.056980454056282,5.124721574551634,3.010509862689435,-4.435930003355281,-1.996504911073914,-6.499494268814462,-8.77931049761998,-14.32735198368204,-14.384974607130188,-8.602271810775939,-4.867233376177713,-9.42707389522139,-0.2753598042593399,4.317042053983797,4.030958617742104,-3.08522941700251,-7.563788193255302,-13.114300895686728,-10.724915047539634,2.471138104523829,-4.402325112528803,-5.288735131630904,-9.739021993707865,-1.6746719282393059,-7.094574334054462,-1.1711970327206211,-3.7742387149255827,-6.963576766821313,2.8178402716180377,3.378483238226805,1.854130676544342,0.0876454533895521,3.92753836568218,4.930236947213061,3.1231877460803195,1.464511615723917,-1.3388054364292725
9,26,2,-5.282358611814631,1.6175134729980134,-9.532981538418223,-7.841766434290063,-4.809213922424358,-3.4186503601760205,-2.341510552143474,-11.516640500086016,-9.694328555451118,-8.064551724348124,-3.7884642642740975,-11.423450742552918,-4.8995162486155515,-7.353304592665378,-6.512455518312027,-3.5009148406750743,-10.338532424441022,-6.047098913684303,-2.9378904187029633,-9.392524660962474,-7.067253209207567,-7.8240100344324945,-5.084852209087554,-6.328915382212982,-10.632468020940971,-7.824016478117101,-2.5926958645875686,-5.001265733025786,-5.7060306175589215,-5.682237184084044,-9.180507791069592,-3.103129826997203,2.925844612738643,1.5359276608995547,-6.511088551411112,-6.500025660174374,4.2394575255315345,-2.7382102742757106,-12.287482066091338,-9.064011005786945,-10.884642358613766,-1.0735289480128296,-5.671606258148467,-6.747254358331967,-10.605473336604682,-6.822854204810363,-7.585725100211253,4.842770796859777,-9.691069833071134,-7.617815857162558,-6.947430422211567,-8.77022897976269,-7.3014183253186165,-5.273139511155558,-5.4076647492261944,-5.683635948907313,-8.296261594079935,-11.46700147993681,-2.2989842398716824,-4.9789318136030385,-4.657073126901395,-10.661111262223754
9,27,6,-13.444591182215905,-3.2896629573022014,2.5844370219714534,-1.4617074956299672,2.191776994326175,0.5945230764138135,5.256378712087145,5.327250536792434,4.881900702387365,1.3529797196217885,10.684443862227115,-5.647127656402384,9.26862065196491,6.159101382965538,9.881137026172897,15.74278780602191,-0.7660239761604402,10.112107447669377,4.877243160565455,6.866046336786139,6.931425146664852,6.435440685932259,10.822717568950681,9.78256946329663,8.345423799928092,-0.5300918416824287,6.074468143216172,0.04606668412310616,7.8907300437709775,7.328224110314855,3.2179236218060656,0.5192081701115526,-5.2555976000163005,-2.510962712169601,6.561582349575822,0.020800638151719397,7.284366188775294,0.25362765051072356,-0.9826280064994427,7.769044411260774,1.8541018839857388,5.837594868666375,8.479840150034823,3.2852518585760446,0.6720563566323545,6.731281001932872,6.3420909716202525,13.543216330817017,5.734712313815232,5.018241020004695,9.464926628191481,11.594381830586887,11.37176295595879,3.469268889632076,7.170395116787404,9.944748719938369,10.803619899900584,-2.26721669074784,6.339824608016039,6.644240571481247,10.36474277994528,9.458585323152567
9,28,2,3.755854945372871,7.989211206188111,2.3987426030699464,-3.5313954783160595,-2.7251979591986504,-3.081644217550425,-3.775170194632489,-5.089823466184742,-5.206384266522235,-5.605612910670659,5.271506926033462,-6.922058786969725,1.5428995914166672,-0.025320495694602457,-1.352083429536589,1.4871688367310565,-3.9343981409172817,-0.3456842261366546,4.406976246536232,-1.2066201368948766,2.124554443258291,-1.445173956419727,3.481173798214738,0.9009269389448825,-3.752311338957328,-4.91675409283943,5.387190658031255,-4.512906257540169,-2.8803092860304393,4.257159487449384,4.577862531213637,-1.0589289003443656,7.723329760145583,7.787732261982628,-9.005175210524165,-6.105121668797304,3.798368386924267,-2.668849389409509,-6.05819710283881,-9.370594105490188,-5.643196718795679,7.830056879744666,-1.634703270341383,-0.6940605750651013,-5.509414138040994,0.1273804475417042,0.8632278386957775,4.590081050219699,0.40701363418569336,0.26589737957479637,2.2206282971282016,0.3104723942375217,0.6235857496560526,-1.9070828585522013,-1.1978811652331451,-1.024178009820965,-0.5158822898378188,-2.000224608291939,5.589498688500924,-1.812097344456649,4.104980317252497,-0.47719083087541525
9,29,5,15.067578548650697,5.519446348964531,9.177255443206466,5.8260069278455,7.7290564733671,6.25899421509423,15.126132624746276,5.8458697183580135,7.236202838898798,2.989261193859686,1.6879755883000618,-2.990474366577248,3.344631877273502,2.3180306804389117,1.687248923316054,0.7512605983548134,0.6417774058560407,0.5493463153877046,0.8036238085024243,-0.14701906323046707,6.032566073597639,2.4086691183492364,-5.588410321214213,2.742874301341076,5.146600933506991,5.0575886168801105,7.117129181125536,9.599106095367807,3.507310573096817,6.4035612076929755,14.579920101956253,14.601440928694673,5.585631760757234,4.519327631752608,16.04045921466995,6.355641105484855,12.58556633313163,5.838897736733152,-2.4740767280185016,0.4532435994322699,6.803414058939715,7.102500282386998,0.5412283704755261,0.37503810628976086,3.0324788946522068,1.5557359073129362,0.5443782394797337,-4.496519968643354,3.4923550718259526,-0.6536437985373724,0.16098210583554579,1.798771230912791,-2.0696527347332108,5.061686057171489,2.190941482339418,3.3400735220355102,4.502342696721872,4.615020573743981,7.209230513618578,3.452402464040304,8.7255804075337,5.626980077634321
9,30,4,2.646547558410774,9.644910361805213,10.945369981703491,11.360591315857432,13.603915182305737,16.163169242397654,5.5985545287045095,11.453749004254554,12.203841205833974,13.025685492678688,12.546340323325877,9.498445091235288,12.782157254518893,9.069632082541544,12.504108521934015,6.989306952679388,11.78290921697256,13.061870462829011,10.292382467356392,11.502523797762976,15.843215289639263,13.85340067517103,13.857808495553709,10.86230847247445,9.135401389243576,7.705695111486248,18.799034901690206,17.436915997097785,12.884415567012084,5.360733763473798,-4.184539898920509,27.899637220654544,10.359630672650113,10.479139663460783,7.40979397337793,13.54373488933551,16.641880753181784,15.817117066735886,-0.5471663626887633,10.800662212448607,12.707585022137382,10.312427610902834,8.226990341788111,5.719721661903323,10.484395825786786,7.771313933542046,11.918641283259188,8.233843868643763,7.192386482285742,11.02068819019308,13.306912910284057,10.620640061795712,6.783285776312222,13.33595308116297,14.600640715804046,12.817487553630885,11.635941374109963,10.094994528741553,18.051256961302784,13.053794226688678,10.982166445484705,12.756500618725385
9,31,4,-2.4951238113075,-2.1280467631976787,6.075841462286472,4.073965072518261,-12.994721540908627,2.665597110552283,6.3698218725848825,2.261768503293464,3.3060492683520017,-1.680193772141981,-1.9379988868277873,7.6886012909916905,3.104487107251771,0.7709120515188784,7.090854812808125,3.191882953661064,7.02146821784242,1.7235811574146067,-3.1581307546187363,3.490466537154221,9.25392765305346,2.949702279687655,-2.919983454162207,2.9434185359944993,7.507478022221022,2.9956408130095866,7.391362185385532,2.946606783548417,0.9788315072087808,0.21555729368247312,-2.453791476422694,1.7245542682854953,-1.2751808016171968,-1.8434486363378417,2.726670451511959,-1.6250584372432852,-2.6651425653750564,3.4342715529123025,3.5298172955361484,4.509862072168133,0.38845702085825784,3.532512607285753,3.421140823229333,1.7427300021603187,6.971089647037956,1.2325936706464093,0.32169856723943113,2.832622909390297,6.281817849680056,1.5480725681551206,0.0009539145294854001,-0.9219932378292446,3.2554979839521234,3.6520887974240814,2.1389848001801015,2.4543900847798445,3.9311490787602033,5.799646169475349,6.071062212097226,1.168892236001982,0.6154036903072411,-3.9588576166254517
9,32,2,-7.6133407081772635,5.7940635028772265,3.8193706726206753,-0.6217290075813857,-0.538241813413618,10.699834589164974,9.560558754717931,5.723111534326497,-0.7882105534123949,0.832987230401713,4.590797997829392,10.49573405913827,4.168511993433468,-1.6168508622795341,3.1789440981498562,8.603782673093782,8.087922864911578,-1.9428036758994192,-1.030877746096472,4.205225255612924,5.545852071165514,-0.2969703874210047,0.650074420814833,-2.617062407114157,2.2675112201491485,9.790703330575148,4.526088191241752,-0.40794839691825047,-1.62351876368644,11.559941431988756,-1.701218434609472,1.1888413302055203,5.197097912476193,5.8425501877010415,0.6224621448029815,1.9999269297482745,10.979406999375836,10.72546567911532,18.692118826435834,13.837148734958983,3.2948135060780688,5.9731669578610465,12.833886618464721,11.052906992334153,8.66087703963333,-0.9091473030744166,-3.090988220238103,9.90307397193208,11.166449134226701,3.0861608979360393,-2.6554880363912132,0.3773589595788851,4.096020450611121,6.968054951847216,-1.206543221342855,-4.3756153899721975,0.84430309405505,6.6557515693783085,4.270575184193322,-1.6761861258163688,-5.898143352361442,-1.3415231853723526
9,33,2,20.32074010475515,21.01435576489469,6.031131923022657,21.425793306992897,20.06249319062363,25.528568107952793,22.127530059822636,17.26368336083095,19.34789788414066,20.628123465137527,10.543855751802143,16.190336810558378,20.318035202895896,19.028055755049547,19.511277498745514,16.065302795145616,18.335480593607716,17.427924123024805,27.988351988538028,17.108514449569093,18.221948017158965,19.69695925022044,11.221155490499084,20.950202917061155,20.43047621669019,17.517903283851712,18.630712697714028,20.326959918128185,16.63250156187611,7.551198391380103,17.529167813204932,24.899431672799068,22.21442973965826,21.13731867649661,23.550655037732557,19.231605932616237,20.902625435452176,25.981629095380985,10.37098804606897,13.264853968784754,19.283799475990236,19.120086773151037,18.183413427976163,12.103378573932291,20.288975928660204,17.706011169817206,18.444022619551635,13.197541724368023,15.593873899408734,18.739670880911195,17.947903741071585,21.985517463340177,13.474742014838453,17.693571928706838,20.835031429532823,19.399707246231056,19.463389379997363,18.955916335590462,19.18322478236472,20.646616111242604,21.844257211085502,17.042239292798754
9,34,1,11.825979747082574,15.286189700334843,19.834416618229962,13.517197981306422,9.836513966055048,14.208828951991677,13.935553030725615,7.063267848822115,7.4347175386757,8.594432243305006,10.836501382890434,3.0093670827109467,11.063185707029957,10.229820611704953,6.3089341964095595,13.633099382297459,6.240895318049124,8.241478406852567,3.1797475702606315,5.12860769504772,6.141854001515797,6.243273702969705,-1.7996771174664725,6.2456809483786575,5.364699877707694,1.5814629795438646,3.3128291573489013,5.067633588503044,1.4404267433508329,3.7029858875633574,7.132606377529841,13.80199777200909,14.9283828737112,15.613499669948736,11.49854805219134,8.23275231574548,14.648087028959182,14.03102836523647,-3.8746916856616735,16.75456822163812,7.7700431191918895,13.198745359746155,10.650986218634742,3.4693265609534047,7.369498822633631,9.99278728086387,9.060777939802106,12.76280679967732,6.992303210049414,6.227582060196719,7.817764710617915,8.834023252669036,6.648344361921772,5.835459811306306,6.205923516371448,6.258696526845511,2.681099968590411,-0.462770002462515,3.8321205434068584,3.353937391245669,3.9013245976927515,0.60624221706814
9,35,4,14.913373164014844,13.055013759322929,10.012064159348064,5.586707316339016,9.505544915534099,7.797668428432836,0.32226839434446325,6.485073322748264,5.7895755274448435,3.8416886044575307,2.5101048753301547,7.3400585705914185,3.8741538501003885,0.6303271445269666,-0.09920448012559235,1.000454791594387,3.36433769819304,-2.752557587650855,-1.716180271182279,-0.4259416200447743,-1.186600596331651,-6.254413447581326,-7.715551195791131,-9.15887161759978,-10.874110888076455,-8.646318581000692,-3.9229190491321617,-10.272077975476655,-0.37370009466057297,-2.052389353104844,-1.2744765975853285,-0.5369613250354075,12.905254651996774,13.76795420073336,2.501628345554333,6.865220422833797,9.32426806993601,8.054263381579915,5.239925119954885,13.510046845972074,9.234141819519783,11.063953908432909,11.535664492582042,8.736368052547844,4.845222793723934,3.036224183194885,-0.08101923566130001,7.2039070984507685,5.142343510828189,0.5279471592739136,-3.703181165611239,-8.19211147843701,-2.3158955879782037,-2.294909273819407,-6.165461919543042,-11.187028866874543,-7.820059973201379,-1.2485766424002445,-4.40078858674572,-7.747882016911743,-11.819164681367623,-7.686014851964102
9,36,3,-21.691271369050202,-0.01814055045294244,-2.21710072775803,3.1362673729692196,1.0816213037568796,2.7457424367596275,4.425062326214662,3.5255022948925796,3.3662647460019444,1.3643595388886058,2.291384891311569,-1.639501693456935,4.042687377842746,1.5650797924253972,4.654848439584869,1.2848223743778535,2.9672505652032246,2.669604984961067,-1.8866312050476428,-1.6766726011978226,4.069275544130062,1.340661950363981,0.7767988041031926,2.3554128167764636,-0.23655315660076387,2.0783533401923577,2.2586986135418816,-3.2459874621297145,4.677467225959932,7.45251557265022,1.4240212617442012,0.8357978859780036,-0.023819270044018348,0.4313770571905303,3.442751183719714,0.5695034838622309,4.39202718847863,1.9467409471981227,3.411556756142358,7.303735896490699,6.220338069129642,6.023391876733159,3.875453519566758,1.7082159644583377,1.7203800529042816,0.38124822048334184,1.138853252933523,2.060529624429962,1.2578373376461798,2.2289575801725037,3.171280693603542,2.917310546811037,0.9739690739718234,1.5166315930020984,1.1025403338348139,2.518475695217889,1.7791102356902084,2.0078911789034204,1.618848391354264,-0.15585715194209765,0.117873204644864,3.566556082896481
9,37,6,-2.275597188122025,-3.727931952757033,8.99049825158266,6.389149974418303,1.4106343148230824,3.239793435852162,-4.2103693286047825,2.013307377329754,4.98460089826173,-0.881377904338013,3.2013804475526952,3.7795364689905315,5.332564242093299,2.188159760519315,0.8335794929114008,2.2806036543021566,7.166509041880688,6.062060799057838,-6.818651205607373,1.2190082885265323,6.6231710423584795,10.163487915494821,3.5223267786914656,5.986512175193289,0.023928027406970413,3.65118293327893,13.232058770642267,-1.952765361349122,6.256785458328609,-3.2454144793176436,4.224722921618308,-4.108645548226265,-3.663375767311308,-3.4735679979004503,0.5819748991407537,-1.0900400974901339,-0.7249509820987181,2.9501535694183043,2.6923804977914414,9.326710574699439,6.870562991771918,6.712346646798459,9.526204802408227,7.126168979445425,5.826884133355099,3.6387979450022265,2.0185859947374496,0.6739482013111164,0.6517679390111344,-0.30176546541042626,5.152282867114991,-5.173105869010638,1.0032076575202726,7.123428894382925,9.446334732744678,9.811900793597468,5.488623132185287,5.2535008910089385,12.324489854889482,8.484456067768543,4.908556122435026,11.616149147086565
9,38,2,-1.0184768451286887,-1.7349289903990794,-1.9149414585312698,0.5424448229917669,5.274720949961279,3.5986019522633126,5.878642339378643,0.7163464848588146,1.723437127430082,-0.5840044250348353,-0.49246320778095126,6.1432208842881835,-0.35014013811468936,0.3832520761799715,-0.22894747781839986,0.7384530446923725,5.18815732526979,1.7875546831183309,4.774629508781177,6.358451564373199,5.980763073283725,5.9817105770201895,2.2005191263657564,2.6540412112911462,1.9098901383553226,8.071904644506366,8.238459760527604,4.685133819786331,5.968480578544212,5.1470171068,3.4064862046705953,-0.20888945242253676,-2.1387223609064416,-1.489572866155379,1.7002677479531707,3.213077307712831,1.9500188790943205,2.3099031747296084,8.46901414967454,12.428393463805758,3.8682543020468323,2.717224103398621,2.065651377185998,2.399450038434802,4.280364053837798,2.534176896644255,1.5579926413824634,0.40920328148981394,3.796060443378805,1.57562102347885,0.763840923540113,-6.6692152983997355,-0.35487137753062115,5.592472466095008,4.934612791582081,3.4238776595717875,3.925630352073692,6.1036459894442014,8.087682637624537,5.222434439605508,4.719843136146665,5.699378878093986
9,39,2,-6.936306816957344,0.2832376372705148,-0.003988539572896521,1.6493290626421222,5.6163877176785295,2.80270562574222,8.505141491098783,3.4596785420563245,6.0403030956073085,-1.441864001678256,4.535041716858385,4.6895705106179815,2.7154891236526204,9.282394869514267,6.963557494514645,3.883507439003485,9.967598077636673,11.080455399095646,7.647941190989341,13.574695770253943,7.574652575427761,15.335940694936156,8.065787303954268,16.50789011642337,19.577792610700534,15.945694621198069,14.342646649107337,15.854479975816675,10.197160021878968,9.85357244630776,-3.158972632426699,8.03250251959289,0.2960035265309777,0.6116040647029879,-0.30786993486307024,5.829435335225197,2.201773943884933,1.2204199786320684,-3.1153035829775035,-4.20262911656826,5.146927445760657,3.093353760014174,6.431695504545618,2.693167985587313,6.131588131779942,8.868770998042287,9.3000647355632,8.303140736639314,3.8165441487983967,8.060582399459149,8.14553897534838,5.822309752210703,7.897583552962742,12.041255345340913,15.915082730352879,15.366831195160259,15.501023467493848,15.600919483047791,14.470033596247061,16.51067174923401,11.761535646893623,11.571641498676891
9,40,6,-9.026616051838522,-5.398298416252632,-1.9219646671213348,-6.986454800975219,-1.2233457629818747,-3.1632076532866757,1.1351497076088328,-4.035087986111008,-6.9513454122877665,-3.2418293736239026,2.0628632663908166,-4.506606566242692,-12.461748676851581,-9.180869489419841,-8.06472453061582,-2.010858635611199,-3.7479418751715508,-8.683812772486041,-12.11904795418873,-6.395756937972293,-5.076103624104092,-4.836573468475812,-6.248149014418804,-1.2981165546878473,1.463343276494613,9.05916783013722,-1.1684408706113134,5.378355604340894,1.2745918338470976,6.172171402109286,-1.556065635358144,-2.271499792431911,-6.398839636180527,-6.312836327237961,-2.613115492663002,-3.1099513501792035,-3.7226437555580607,-3.5734512083893994,2.4619061991390656,-1.3936142295303708,-6.711949684668519,-7.227102142508808,-2.5757653035859525,2.652175015213376,-0.9114104809421233,-8.436936200031349,-8.898457757229972,1.3021914142115807,-2.616659037677977,-8.242173031118709,-10.759067341957872,6.165253944649567,-1.8623317583441397,-5.209585333152149,-5.935448654223138,-3.501311748481653,0.16214407616999316,1.8213740741243447,-1.1422592361752932,-1.8775849865760823,3.9454450831725847,2.4138292837703417
9,41,3,-1.4660417946373547,-1.010074010326118,-4.563460914679325,-5.384415316582862,-0.9258665762268146,-0.9193299203918022,3.999271199618263,-2.5773850508409026,-7.398522983305156,-6.766537681653547,4.1414341695674874,4.865232747411586,-8.441587300539565,-9.16407982633654,-4.805619125163589,-4.9417160690830215,-3.658183651453839,-10.76715645217905,-15.386303328341109,-7.022482955090062,-5.075719523209531,-10.578244976971932,-14.746049646617523,-12.469719533189547,-4.775260113832747,-1.5124829195854372,-10.869850243827916,-4.4700246298821975,-6.06708009945365,-10.00004410748256,-13.208671872813555,-8.806285967334835,-1.9231042441281656,-0.7663472883244292,-5.434688191294454,-6.322996518512185,-1.908296044975543,-0.6253750738914965,6.4971734351682935,3.6299341532242733,-4.984841038808,-5.022824937932012,-3.1953720477134233,2.4853957219094758,0.8024746426892264,-7.022514936377908,-10.341310961115196,-5.869474440676775,5.241618487296809,-10.156247132094343,-12.971324772630794,-8.32834283960273,-4.563387220066679,-6.387805498114263,-11.696048029971012,-10.943820730987476,-8.45019499019424,-6.1125288785026415,-11.3322009440148,-8.411766095745673,-10.366240846038588,-6.191393873801955
9,42,3,-10.165139623565553,-10.26285884779219,-2.9465780008936364,0.2154516249486213,-0.17582221814181542,-4.239838431316722,-6.065447545280998,2.114234113475171,0.13220128365196115,8.449090691328774,0.7805505027474905,-0.4046896848509594,3.884192461806646,2.3973083038382765,-0.48368586690687715,1.9957302265300794,4.309202609311153,3.5406337505569923,0.5719396644158335,-2.178393341941622,6.4476625005737285,4.790772500606934,4.355925626439474,0.6142064422005546,-2.5804549194943407,4.205071567143199,3.147900207240769,5.731780104384553,-0.5185199736549337,0.3493142679742571,4.89108465072591,-3.0671465028895124,-10.171839503832622,-9.146816420862908,-3.652668161385852,-0.6788106432820613,-3.2394605184019314,-4.80516776276991,8.242157051561215,4.868766750231746,1.7121789250977155,-5.913261949164197,-3.4253886056973073,-2.8569638965333386,2.1074478368206715,3.4206446284746255,-0.0505001386627556,-7.669359715087575,1.043173165287732,3.574901286966918,2.1302268117121073,1.8212235422759537,-5.0230554044700915,1.3965752127739366,5.222085557787155,3.57011562022494,-1.4770598983074092,2.455107199675518,2.920761261089908,3.932634272976074,4.4517368926189675,-2.387164288995469
9,43,1,8.351598662823983,-0.9949841552709295,5.025180961164398,-3.811576081701077,2.062943247464916,1.4664130726709903,-1.358325527185891,1.22825301311365,-0.5675540532400015,-0.157451317986337,2.3170767156151717,3.0330358467564533,-1.4462814654121408,-2.1853619999274967,4.6570187272822,-11.275781881756986,-0.23277585504565212,-4.328303419178487,-18.081648066094733,-4.038858929376415,-1.0697677298165043,-4.247463450062927,-6.832326206378639,-6.878479362363228,-0.2820372580658502,-1.5872697413149406,-2.218829328216975,-4.327653604684534,-4.522109406977531,-2.528219773587427,-0.02810862283052066,5.572725038583637,-0.5655469661294594,-0.7040063390258421,1.3885148768653945,2.918274047313165,5.422572171429126,1.4202119172210017,5.771479888109307,-1.6637274300134384,2.7000982879360023,-0.31246344424733097,7.008260555769795,6.232156370462641,2.404123584819368,-2.2080256692360996,-0.7483796297413541,0.29487675016109827,0.23792961479459912,-4.714346852880425,-4.930723601952195,-10.235854602986713,-3.434402746443707,-3.3814730480222437,-4.16568556521656,-4.404463445635729,-4.6908796920054945,-2.961875943498255,-2.316228392829256,-5.743812968079909,-6.157382335089345,-3.3531499151594764
9,44,1,-19.422633389147325,-16.82262616559137,-18.05025511525753,-15.965854976326225,-14.3417888679428,-15.272076081882064,-17.011377773108517,-9.604103020369642,-11.553657781285887,-11.972150552983791,-7.446548719850658,-5.066135515686031,-10.30803244901684,-11.131096364975695,-10.594471217950852,-7.6684088702597535,-5.463449952493584,-9.064766437363268,-4.501305535322102,-6.52148568103226,-7.740692465144443,-5.989364377427392,-4.5565465548325585,-6.701306145956239,-7.123812986662749,-4.120524717064678,-5.631541568695043,-4.397245011344926,-2.433900024810032,-4.148175648619455,-18.199521255043397,-13.268967354181783,-16.037110904004518,-17.035936327242275,-11.025976275342304,-13.091374828253036,-22.395914854708966,-15.931680237817602,-4.5257745971647685,-2.859319831155205,-12.586107291462948,-12.091518587728102,-8.812351978179525,-7.1202533861122435,-8.11533999865983,-11.010809691664019,-10.74948649823938,-5.976684836307307,-6.619275333041826,-9.597438318507251,-11.01186279567503,-12.110299317120786,-3.5450608588800536,-5.101481785126054,-7.548743126084796,-6.003657180407061,-5.5931766969549335,-3.62751096416628,-5.116539662681159,-3.9201789773182885,-5.98035655686314,-4.120431905078542
9,45,5,-7.124133109773802,-6.1025768701134755,-19.288441040166994,-5.9695368798949415,-4.415638414586369,-1.054812296884272,-10.32344563236097,-10.471085720491129,-8.845883297817725,-4.6678671671486445,10.593987880467738,-7.179140448751978,-6.337327688773414,-6.997572171819826,-1.1288403901385098,-0.5880376914538803,-5.3486145256405235,-7.278655412993059,5.472214409082033,-4.066977084222497,-5.446871548618481,-6.891232326717641,-12.178677565554484,-6.801358962158962,-6.413814256785485,-11.553279986244439,-8.880041881032835,-16.8256928982148,-9.988869123297139,-11.40673157547759,-6.708386909511943,-10.739195130220272,-5.824540959262266,-5.391409652875506,-0.1551817906566133,-4.81059359491053,-4.086961484110986,-1.0997265836496553,-2.8647905162694633,-13.17852410265221,-7.442678610090071,3.734798207237362,-4.731203684742313,-6.3389442821328625,-3.8079300028294663,-4.017706166382127,-5.209050783217407,2.6781837812145,-6.277566841689917,-5.735621406401436,-7.925452160626291,5.793227953200298,-3.012043224431849,-12.259520636144558,-6.7979242077279025,-5.039067194092924,-6.816781778978868,-13.105965381351904,-9.108400361816873,-8.331860760135983,-7.245386769495359,-14.165463989963992
9,46,3,0.7554411807597218,-0.1400438952430089,-0.11608385267417631,7.555983877513652,10.896348767888316,-4.3778208471698346,0.8948353212099618,3.927554258764378,7.677708038287927,6.352212766739086,-5.196201639136346,3.1358448170329907,1.233774881159726,4.591796811034042,-0.5004146773958725,-5.900892987302165,3.812430751934456,3.818973784008422,8.94938365558571,-1.7902883965317617,-6.089388360837246,0.16122540695274556,-2.6815448611883848,-3.483776237497607,-1.727924953528578,-5.389450596668187,-1.8280835493195164,-5.832034702727955,-5.894394840863416,-6.578570427373052,-1.8021547925635812,0.41117820175075054,-0.144976747137064,-0.455974193749859,0.13600736396478091,10.282820824509562,5.215100820225987,-3.7340107676232366,1.855279847998001,-5.038350191126329,5.701933314524042,2.6175137540728737,-3.452642570056656,-0.6617969170087822,1.2180959554502684,5.417914613144378,3.3576666118418084,-2.1612867262816366,-3.1869372373969282,2.042033858994794,2.0977357937045733,0.7323743437314634,-4.2190731033319375,-2.508766774122217,0.5816323483907975,1.3728488586025258,-3.3008091046244896,-1.8092740118594426,-1.8815318938549153,-2.402747231842269,-7.519037165657746,-10.919034753119712
9,47,2,-5.55844184916421,-2.3810406210264428,0.19583544080577275,-14.427641671468946,0.604568010945691,-0.6789675567174185,-2.9438251087941727,-1.0771621980409072,1.0620147378024911,1.2791981472429361,2.567631339677041,2.9547023468866653,0.41412960257517484,3.794283828289224,-0.009148676152815949,0.006328541767022411,3.006159681040316,5.669900054821929,1.322406162053527,3.9935669270812597,5.8570926978775315,7.099116703535138,4.2735264571383595,9.023606981968554,10.392140788026154,9.045710418464207,7.141537407184557,13.798502242056333,12.247305451271908,7.234016464387138,-5.68330307182197,-5.507285421606288,-3.773028736803454,-2.3977726685825904,-1.4603438090714747,-1.571766943977465,-4.372766274836751,-0.425102927426741,6.722113097139074,12.255269677940433,-1.276144298528912,-0.825493562182912,2.6171263812745864,5.04849117982951,0.7277583236828802,1.6026316895234824,4.439201520602558,-0.7285617028885483,6.404694421497943,-0.7224349759791683,6.302003867049678,6.481299328913052,3.120191571761273,4.288133123253541,6.913655972153671,10.001346985241634,7.171582642647366,10.987925154724856,6.990629020487753,10.665720833965189,11.0254000952331,12.440816804539507
9,48,2,-0.38349221319687266,-6.386630723411903,-1.3138434075432388,0.858256565497782,0.8460989217273891,-5.0266086330705475,-8.846059317416628,2.0337910712682405,-1.7657041494030417,-7.567200491926061,-5.672137667163752,6.9247892882686335,-0.1923814841614264,0.3126811659327006,-9.44661644259014,-4.970164039762826,6.433920268673544,2.804357347112693,-3.9433387520598133,-5.510512121896283,0.7450953544708101,5.080530745238519,3.1350605430581218,3.084717255040275,0.8498281394585782,2.8679339560373434,-0.20932798603231612,3.1634829107376694,-0.5754094782126382,-5.820907732176523,-1.1061351456929274,1.4135985093690964,-6.639515779631374,-7.111338460020058,-1.8920954295786148,1.6347896351319968,-4.976028447743597,-6.968858504185184,3.5477785320339197,1.2066361407022446,0.955809413864301,-9.27299645976958,-0.5100723306688186,-6.570417297451769,4.022200476718932,0.7585846573659565,-1.289937760851278,-5.246689012637592,0.5660207497336469,0.5067816021590973,1.1831530488164326,-4.716680372241748,-7.336130792280755,6.032873402591001,4.779453489770432,4.954437132152478,2.244130582100053,4.2528156513368085,0.5860466681244763,4.859317174817365,1.3962167119380182,3.39486310408428
9,49,2,-10.944198387970287,-4.955528707629659,-13.255778780752207,-5.921322243333584,-11.546711380729773,-8.956560477091953,-14.533017915406658,-7.387693720010809,-13.666329719058073,-17.615680176514854,-14.587042579100839,-5.111270690433365,-12.570149995420664,-13.617244483721324,-11.696624143991807,-7.421897224071099,-11.001052724827847,-14.40453956551033,-14.498920094211886,-5.468085046585009,-8.78162162272236,-10.858054221055472,-10.040720243049533,-10.576890906008101,-0.781891705502368,0.3392020663155649,-8.245745445442628,-0.3228637389668329,-3.4887762695164777,-0.9757296195390026,-13.099339062620585,-7.952843720752106,-5.6772850269363735,-5.500159847457811,-8.11532077890616,-12.364909703320848,-12.223060473981432,-8.277429737502755,-3.065990964539931,-3.2435706513820284,-9.633290449912637,-12.174397707212622,-6.524709198828333,-1.3883772478651866,-9.919444225664622,-15.536744292155376,-13.309572973515744,-12.104646262897344,-4.257786881996366,-13.683410631881724,-14.690725401180192,-21.56920155559145,-7.380305631693859,-10.526726893204684,-11.148180638757978,-10.171448957617956,-6.564681009264523,-5.26080893702442,-7.701213513591852,-7.8425794124472645,-4.502790916256795,-4.0840420637495525
9,50,4,-6.8297526084749824,7.191935122467395,8.270723463967443,12.80839966306826,2.022036730879691,2.3783932827049656,3.3290297901939345,2.511718188443722,-1.3502171142083585,-1.9526214241390951,10.180479259003048,5.871590327993943,3.6105868601830817,-3.6118609280121055,8.097042585200654,8.571640668181344,1.92460230264313,-1.8197702901301576,0.14711827012460665,5.922365821119988,3.461343115286495,-1.8151671061542158,-0.5618048750954427,-0.6278174960071489,1.5011447757800551,-0.21989472873690588,0.7791035705950193,7.809313906174967,-5.632994867594364,-4.286618959135945,8.713060973075835,0.36167993662572123,7.270319850774617,7.328893110530857,12.842385460327309,1.179881552489838,-0.06170707429112032,2.676499974255155,3.4201644469370547,1.3983486143008965,0.8388100656930635,1.095072282035268,11.00141772477911,2.108401777353365,3.517669243880023,-3.3276725281938573,-1.6004517569501933,3.995087263696803,3.5776894270646844,-0.7699709035365316,-3.327493268655747,-3.787443117170436,4.618769097681408,-0.6570785495611586,-1.223397002101125,-0.7207160488497941,-0.6240243242184682,-0.29793696455294133,0.6567296755568294,0.3399031097949603,4.742010447474923,-0.5164136670291338
9,51,4,2.648132102138065,-10.21588310481208,4.425417682655703,-1.1653870730433695,-2.425913367011561,-2.675322003980597,-1.9047396746009757,-2.5609410885357993,-2.76971850644161,-7.4211609379399786,-7.283361076975026,-6.2174794033692224,-6.118498911740399,-5.985113326286921,-13.392906583913767,-3.227811747673538,-2.8252892729076673,-6.472349111007796,-19.231532248963664,-11.832961287849194,-11.031040404457599,-6.787130168440368,-14.375182499893286,-9.43689153847716,-6.7782248299705214,-6.246189899117933,-10.591942285505558,-11.033982201002352,-9.959175969383157,-9.884414906181942,8.34807110496047,-0.4955298061661493,-8.620492306339168,-9.077273092073643,1.4187842380346323,-3.5450864584361224,-5.713975723900994,-2.4851876327515265,-0.9653390018360282,-1.890152374327911,0.7789179386979934,-13.120376605465268,-4.07676920941577,-3.5376823763135947,-2.7833903157833664,-5.293463119407887,-7.437147162150499,-14.158338371982309,-6.330704750070105,-7.735340244931785,-9.086930721027137,-18.41420780304002,-9.179275379981846,-5.177315260008227,-6.26361975331064,-10.991468734675786,-11.314454136098309,-7.782921071277884,-10.468841887874209,-7.855182120707115,-9.710199473391672,-6.449096427094645
9,52,1,-2.8033169875057773,5.010190240360183,1.1637385312791508,6.6928489050123705,7.676574836496447,8.851661234592914,5.2393169737670835,5.263565109701962,5.6079560535812245,5.601755601694671,6.686536310951898,1.9299193738119271,5.271471719825412,6.1811055507192885,1.0258425366042587,5.459701485931873,4.087957014362387,5.132458599079854,2.018265854976164,3.424902048552546,0.9272493571951621,5.092073859328905,0.11158951379858606,6.417210570917034,6.324228906822273,3.633368949684111,1.657366907791939,3.830632128525617,-0.33833465440108007,2.126014039272488,-0.3671186669934077,6.1159092723959825,3.7645458677193018,3.4221298663093256,6.0647176301402155,6.445495374841479,4.299119167658786,8.664030099469356,4.606531334288489,8.914171845652163,5.404783803611858,1.2860643835056846,2.9460818026450517,4.05327010348655,5.254400402310352,8.530890941565927,4.06361276479211,6.4511291991731845,-3.2444477639581297,5.18531796131737,3.167333829125798,1.809975017077949,2.8895028527689757,2.211306748775447,5.104711691780787,5.716946401621966,3.093878755981965,-0.45503621723321336,0.6575715152842061,3.023166971735475,0.2510315703182695,-1.5932076902742063
9,53,6,-2.462898565808358,-3.8972849397715636,14.984123241701514,-2.648586756913218,5.31790348096956,0.549954526467114,9.36335006325857,3.198502724354227,-0.43893163569453025,-6.00112838507062,11.200457428718313,2.575781275472807,6.502167241784124,-2.4929950017845495,-4.069012994900708,7.490102584042204,6.3030634119016336,3.3338858099517976,-14.573972599035715,1.2196485533424433,10.80310455156581,7.380062374274988,4.812408498601941,11.042036119132954,8.480765298304219,-1.3787611782232796,12.841911802409074,11.054180970006598,8.888198295835311,9.11264815040943,14.211015350117183,-7.3603052978244845,-3.3704869510923965,-3.5309472780265825,8.850976151096189,0.5835466000546805,-3.6082917140887645,-0.703058852030465,1.4058167383006612,3.764865998133289,-0.7695003461274437,-0.24253275245428085,2.1225280804991185,-3.4842531882544465,4.688328446184356,-1.2117994964667946,-3.580893669652228,0.8146034603847596,1.8542747146836125,2.3092756486702237,1.09252735931517,-5.429444751111653,1.0001090646198978,9.839110025749886,7.464148244900032,9.15735767127536,9.50958164152121,1.3354090149627926,12.92505013850723,12.214020537757667,12.015998882309699,5.153364820303626
9,54,1,-7.610994429798892,-2.6728699714777373,-4.026480362619978,-13.28601306113529,-9.457372070744444,-2.781921003161499,6.795574675121051,-8.121399685388385,-8.231257408493892,-8.539770679593804,6.931297054196276,-6.464816995507396,1.4948738218702537,-4.912707881649909,-5.368758902248998,-2.538168651983142,-5.993458544733237,-4.964747820140388,-4.13698465206729,-4.562942278594138,-4.081558008726526,-4.313780116916791,-5.170570635327663,-0.8682055316706424,-0.38148187074480805,-1.589471972479325,-3.138626579195261,3.9652565305870837,-1.18299292916114,1.0568129336205878,-7.516985122148497,-9.03218584948378,-4.14322035169377,-2.985845590521377,-5.778423041839259,-12.979881385477588,-8.311437958624309,-2.069518248516517,3.1506818412326103,-0.7171531633087783,-9.561195747455487,-0.12437147610798055,-3.423256723414653,-0.16084449841618187,-6.109900897550515,-7.819122085001367,-5.894772532917046,0.48496954047643714,-2.4892626159211098,-5.162369432313964,-5.329667345825129,-5.132016829300171,-3.7882146351153008,-5.027549788832851,-4.2943399578968915,-3.994780058654526,-2.6981872695430007,-3.3719562496989965,-2.7420644222463424,-2.593809776655511,-1.396408752225929,-4.286782198426561
9,55,5,-0.8219179457916688,11.129972907101239,-9.217675542839368,-3.3208509971410374,-4.627031084422668,-4.551815389178504,-18.604521418739935,-10.68576269087144,-7.107109863674506,-10.2649717361598,-12.041143301192951,-11.391686518040556,-5.003416806800149,-2.930678316710016,-3.451999184743665,-8.817659358425832,-8.177594512161555,-6.705144179326192,1.6260795876292926,-3.678488033346644,-17.050261295423287,-10.813917869247687,-6.887490407654609,-1.8009318321738865,-0.009228693798364662,-7.903134237452433,-15.297489443373653,1.3402522763850677,-1.2285186640191355,-3.18600247694725,-18.638529619951626,-2.0527350490049594,11.656473082399408,10.98398458044522,-10.24095722392383,-4.370509600902836,-4.565615158721163,-4.866772507476374,-10.484658331224109,-13.846332589783358,-6.195737749748445,4.7868991763353685,-10.282839999244572,-1.1090961374660449,-10.28348022442248,-5.101001641156558,-4.201649614927789,-5.580894090740653,-9.176656845471506,-8.996164248685542,-4.065453358542556,-11.515254499135162,-0.3424287183982556,-10.512123530662453,-11.233956726404235,-6.018634996703464,-1.125773713855843,-6.341994913476639,-14.4921786639635,-8.7533464089672,-4.4792085543342965,-5.079573617271359
9,56,2,-1.3372400118401513,3.885645749081474,-2.0482343174431974,-4.213154278491147,0.7757136557228511,-0.3935499775745886,-6.799259060357769,-3.6506803486973216,-4.438417227302749,-1.5120316777014875,10.13874357895607,-5.1288221773986775,-1.3417919973825763,-6.097368656566773,3.599421511637047,-3.172385132547874,-5.0689460464139895,-7.264225034224919,-7.025619898627442,-2.3452270067049885,-0.8115464947754287,-7.002376900721772,-7.624019596967055,-2.667908253965946,-2.607747245966112,-4.18286248188602,-5.134926642365068,-2.237962126527435,-6.289417178249381,-3.2229973342689924,-4.805465438993783,-0.5736072557671681,3.297041400335729,3.445452946045138,-0.6864740551483433,-3.290725722278627,2.2646751355084533,-0.3086957916114823,-2.3097814748577603,-5.284945078151549,-3.8874415781138807,2.1342920636724148,-1.205679013030377,-1.2557982653152282,-5.144200163518604,-4.689023114695418,-5.360602509440494,4.17350567423841,-3.9853272601343113,-6.4019958854925525,-5.978000529962252,2.588454364333302,-3.879406903961267,-2.551033775895699,-6.5056787969135685,-5.324718491083418,-4.78489854405975,0.8098179046888048,-5.055216646503387,-5.690911947843259,-5.3733651795901585,-2.763105134638707
9,57,2,-5.269771963869009,2.4226418040726876,-4.571601231292845,-9.030681386953457,-3.7208735754588522,1.6751520908040165,5.614278204537498,-2.150880088741473,-2.312432039211074,1.7065738617135882,5.988580051365181,-0.6914933329879687,-2.4595021720316903,-0.37895944494776757,4.759987776769644,3.181226517028379,-1.1469808861445754,-1.0029132053505894,3.8768524261441364,1.0862436251396808,4.989415274262882,-2.458202534903227,-3.004690337199264,1.0152534321348012,5.213589850733648,0.09904449383540737,-4.198070833311847,-1.5601438279150117,-1.0640826643126577,1.5778969949701958,0.6832249380489143,-3.97234690953443,2.729020053887082,3.273990487844525,-9.780885597622788,-0.9747469266649464,2.3560402272382692,2.294531532665488,3.996185323187977,9.027185827536263,-3.9272373429976604,-1.6338998294412757,8.748733803186928,6.291341073209104,-0.6947680266471818,-1.527512031675475,2.392215690632327,4.619156392336619,-1.8839070564590223,-2.3173327787677063,0.6484996760036883,2.3683131063788587,7.1090943891009895,-2.6542364951768316,-1.4725399079914323,1.780288240082971,0.4882153212490329,-1.1965399525332736,-3.795804294707852,-0.18273023097980218,-1.0906195215222134,1.622872110433513
9,58,2,-10.981206007358596,-5.234678561185918,-13.510575013962107,-8.352597415874563,-9.308009859194366,-6.942884970195138,0.13967256143507456,-12.585649521263294,-11.872645021768333,-12.601411638611067,-6.1139598398855535,-9.306063630913455,-16.154760025350797,-13.882879310264814,-9.531726738724787,-3.5469622594168095,-12.469418511623752,-13.642340851376952,-19.763262983615974,-7.5005700787268115,-7.227908816923982,-9.032566785766951,-12.74033187830639,-7.562879086653819,-4.461900316374715,-6.443363431307325,-6.790846707870068,-5.937206005385122,-5.766460630162502,-11.901112162099196,-10.816053027298489,-6.742539184843761,-5.353236849113117,-5.478805517442753,-13.712409236740953,-10.46568870651195,-8.251686629010132,-7.768634604403702,-15.712649847494392,-4.350899798841012,-13.250541949269877,-14.652773423370249,0.02028520041991505,2.656051486526138,-12.644181218001107,-16.2331512830243,-12.001728460851423,-4.104317720549285,-11.37631492448471,-16.08731018929179,-15.775250077293043,-16.025891175811623,-2.1883774267782163,-11.144771420946292,-8.46632525679178,-10.339873568237218,-9.633968992113346,-7.150333844659081,-6.252672044290568,-5.272848230394784,-11.578811875828423,-5.028593291642097
9,59,6,-16.065210043634405,-16.345368198823277,-15.776722557570155,-17.650712715779868,-24.334425689908116,-19.642934571122517,-30.518642748274473,-18.90688538171987,-18.092198758545077,-21.23103335258983,-24.091595312080727,-10.300301843890688,-15.486711420482258,-14.161641799549503,-22.01973068677797,-10.497389004290351,-13.06870477955516,-11.679511256266112,-22.96491880383251,-8.453732207780932,-14.589641864877194,-8.560843452175217,-11.256652249364043,-6.208375617276831,-1.4492008284461217,-7.578589958752075,-6.139706145608569,-12.628915305022245,-7.510759130219658,-5.21878836041163,-16.664963619056625,-17.019620580519206,-16.723953104895983,-16.95220585765953,-24.561135613200495,-22.112587432854063,-19.4965716921838,-20.21766853586929,-6.817005838835382,-22.420303665984573,-17.82870850986915,-22.622006705246587,-14.391773680543036,-2.993512196784338,-13.526337094650394,-12.481691600891152,-14.836566491552237,-15.937839135913764,-11.986747426685039,-16.705889440209766,-13.49346852111744,-17.803657064509643,-4.805241412096998,-11.079955953377773,-8.264308543194355,-8.297417252795862,-6.091821222100407,-5.0361510201104585,-6.745954754035466,-6.959719397738098,-8.452819913989163,-1.1742860621136664
9,60,2,4.522871249219087,-1.0123916186346875,3.172209084919857,-1.7971962739120064,-8.041395123264323,-6.927833488142887,9.417534667027478,3.0421781406337516,-6.341095388600057,-14.206226561968096,-3.9412675908221506,12.491745959285923,1.0606382640714709,-6.523502366330545,-6.084164221362188,-0.7216762793108416,7.479859122370441,-1.0698733325457055,-10.244007775162512,-6.727174080340426,5.631800882859019,-0.16769800905603915,-0.3130108873337152,-5.606614809574153,-0.2186655468966168,2.489454729715362,-2.029389601274644,-2.13486505977287,-1.726510158967137,-5.025795556025627,4.81242778801882,5.397911115231493,-0.6677893358737061,-0.13982941292044546,2.004642113879968,-6.513434963811915,-13.343219485406465,-7.124411610951766,14.327432077468885,15.866055037735451,-0.2137934765040232,-10.32356730796306,2.710325805476026,4.674787891074655,3.970026125518104,-9.740721678247724,-7.210018029663617,-4.1180022838411885,13.824760611237192,3.0860232655867597,-1.079050814193423,3.375365399778251,-4.09560755174607,3.733857115761878,0.25816357724095995,-2.4280036264667055,-7.711479350243028,3.4168097073547306,-1.8653504053903056,-1.2894671271844735,-3.570899882808148,-5.72394708591718
9,61,4,-30.74620079214787,-60.52437417063767,-22.423684054417773,-13.156407915419205,-20.491975211140847,-18.113258702237538,-12.088535189992054,-10.852148193607622,-17.77481523415121,-24.765789886800242,-18.71353408978208,-3.591361167454502,-11.393667876913508,-18.63614167963586,-15.794917471036783,-5.092313879328536,-7.849983576344463,-15.295030940778364,-21.846462654086157,-9.77190666742304,6.060642672225647,-12.157534464103419,-14.820148052057112,-12.273964032951023,-5.723153199225373,-0.998572561276577,-11.381199792777071,-11.901182675313926,-4.040030458237885,-5.568064277321554,-42.10113261676414,-21.4338248122665,-60.277301979137576,-62.924493061696644,-13.70645206573806,-21.322405010163685,-19.881546068573133,-18.237373999728828,-3.211479880291933,-5.691577770747244,-14.694108996222285,-16.12629927413128,-6.209364743130971,-3.8667562149575785,-7.027991980098458,-18.014114831914984,-19.887525676408924,-13.418838609827729,-4.0119602273036605,-11.30403779665145,-15.30601383566221,-12.601184440004387,-3.620753436621912,-6.551335756050807,-11.093919171542838,-14.158498459745475,-8.423427530291782,-6.218609450725703,-11.284040785394609,-10.902433927605363,-13.454354539195567,-11.78406797475522
9,62,2,-5.133959892910066,2.490978340686458,0.32988697990048277,11.528228407543965,11.348606366851579,5.290246028509898,-13.141276341953834,8.777806000500105,13.386197062413675,14.09156393870802,-3.4730846307853724,12.918615944479125,17.011717122133312,18.785939338746214,13.443013026225728,4.705835150895499,18.185013918251524,22.37737408756823,13.816985185439817,10.360315650781029,17.714939090355138,22.434516519557963,15.911222234232026,15.330684600988546,14.941808170025674,15.589280368697759,22.216913650743663,18.089791582854716,17.690191474811336,10.613245528940924,9.26973140189743,4.822098219540065,3.606758413790934,3.1718505389715874,6.888709932770126,8.864936102545125,9.613719009135549,5.049624345265329,14.876711161000795,4.192203232904943,12.65522501656285,6.817252340187074,1.1782009959584339,6.250284068854292,15.01456547821532,17.812405490259657,17.193999190014093,3.055110459397665,7.531899064756569,19.29605958716399,20.567642240083728,14.5445002149109,5.508216951962377,16.7670939936155,22.233216834686147,18.44698691813322,14.107982303129463,19.640424970719142,22.258873411431534,18.322135310779075,10.40076452012106,16.50994514665997
9,63,2,5.197434055641656,-3.6930785917566293,-1.9306971957543628,-0.7691129766768081,-0.5664432578714438,-2.957615362752862,-4.765176696611975,0.7034653554466087,0.7211512952543255,0.2170042196152442,0.22569191138680367,-1.0572643115642335,-4.118312796475597,1.3980860896862872,0.18165141117486425,-0.1632324192990987,-1.1833515133788237,0.04329454467245605,4.597805227448301,1.7799297033854558,5.073651641811722,4.005673341748375,3.2714776638114422,5.914840073960763,5.007098046003658,5.549603667702222,7.2578452997997065,10.356752868437928,8.041225495356382,6.8779351351918985,-7.258085338012649,-2.972180234313736,-3.2801941963162577,-3.417341092527594,6.4880248155024605,-2.6564195919781923,-3.5272020849160715,-3.701462220798085,4.108325457586563,-2.9447021157730653,-0.5065927236204653,-5.673462882302935,-1.789747437683685,1.0404938611758465,0.21277873996906527,2.0983119755756197,1.749397811911456,5.438766394571473,0.45297149268955694,0.28818330573338313,1.811716423210938,-2.2662244425723093,2.183156506362849,3.6578443818867616,3.5301118168252987,5.260415223520821,5.955458560961346,7.297112849644642,7.799729852005839,8.975181123426347,6.583372082856555,11.59405214447391
9,64,5,-4.00813497188955,-9.547930493950844,-9.386141718708815,-0.45675838298999,-0.022439538274050805,-3.380720819312532,-17.05992203478406,9.026939374212988,8.417566440318048,-2.9466580842826056,-3.0198666426784753,4.763281684096267,13.182128478454917,10.924886384956174,3.778304043177672,8.335714826581812,9.144940612383373,17.414226804610063,16.55702971043519,4.223035980884846,3.7408354546329585,18.047037952182045,20.781582984619032,18.542708561676214,8.71748809670893,1.4667235887609422,16.549763239715716,19.06323574619686,17.563982751811064,11.99901067033955,-4.595247545211414,3.5089623213223207,-9.091245743396367,-9.677462132795279,1.8707858099369332,0.38689808757328314,-2.0202312802600613,-3.799507995499525,-4.689583261732991,-15.908750934435474,9.555100857388085,-0.5929257507626225,-4.832937060994458,-7.972037418359296,10.825166379033424,7.049570415100852,7.3501994795188645,3.0503057011306587,-2.03365981974639,11.751762828189118,13.457203440674833,2.253765874158974,5.803858846925748,14.510655202925577,18.347554967534258,22.22523969784379,16.709500253745702,10.116518513651611,16.1361971187019,20.29280432513575,16.243881233263668,8.65734301675565
9,65,3,4.034073267080936,3.638010494047549,4.4074243839557585,10.745875742706682,7.905807187542226,10.741487024351954,25.012224834253324,9.170549236002332,7.860489460026344,14.575486705615749,14.737006573881045,1.2453371335911316,11.932060225219347,8.427393771708012,8.396288901669674,6.578461694095296,6.34531442312206,10.225316667066116,3.643503532648405,1.4363678192674385,9.590079102937773,10.4794533590718,7.461635412791709,7.713569728157868,3.1140711393616183,2.6957289226716625,9.57038610119645,11.01707089378459,6.384601245177113,10.123368762396616,20.77508492958619,16.95470901151619,4.134804716424609,3.4404016262028243,10.274011462830327,8.117961691737898,5.259925479023923,11.39533253754319,-1.6863142259379207,9.3789937679724,9.983462586521917,13.422407751993793,7.793593383720717,0.9057093809199763,6.1972966869588815,9.540532830077586,8.566416427194953,4.5953083678216835,3.3125218718835128,11.700532703898942,9.117232077278015,0.19081301487437186,4.078744279311562,11.758545870370256,10.550296407124797,9.589742920270599,6.391557185524482,5.194360922794885,9.846190825445435,9.830649570391584,8.546835556898904,-1.2236242613346284
9,66,6,-6.22024197294945,0.10993136011813785,-5.465841063411859,4.98122698486862,6.662441856196581,4.426176293298786,14.451054412212851,3.9891749702950525,3.529033006350626,5.611515660804312,10.239321409383932,5.84891396572405,6.591125030942238,3.7690049359779336,-1.1156039259314157,5.9117542197700725,7.483383524311111,8.181131738692336,3.609255243263137,9.34890357845622,11.577368117596322,10.407560359504886,6.993122705110779,12.1634884447132,18.13670969018484,9.202249487772553,7.989726547833265,10.275429522777657,15.368585312338665,1.897181943490555,-0.2757855266923221,3.1198074269085776,-0.7560558420997795,0.09180685451890357,2.4797490389745036,4.8820256166523555,7.5339829019475255,4.858651357612048,0.03339681480784051,-0.4836858334246936,3.0174785981511287,6.375644611172018,7.858011857890405,5.593596045586576,6.831874853681507,2.5457071978144516,5.947244580971392,2.744430018094846,6.331767491053602,4.337032744899486,6.213878237977392,-1.2128493978710075,6.525368610783145,10.502721956953772,10.024913415312767,12.206203564013379,12.886986051163658,15.686788329809186,7.656254459151195,12.718801548795357,9.280483753597876,15.980855203528959
9,67,2,-3.0919516769240682,4.552049034752133,3.4327414971889874,7.2136447410576245,9.275032405627938,12.760040981467908,11.684556162166528,11.348091001372511,12.484514809940471,11.578699786261446,8.561835692695727,9.880640764380011,15.243708180093277,12.576103922070523,14.399597160291021,2.3604032529813286,14.153386212794524,13.287283902323416,10.669091512698955,7.68804756665557,13.67321842618105,13.563607214132276,15.701890961108049,12.636258622313424,3.0799700477410386,7.568051891310547,16.089643836895956,13.475382407468446,10.227659830005793,2.5573463648665578,5.3356725544052575,6.349834396742377,3.408807009049668,3.8647619811761196,11.365213590651384,6.424870759657607,8.036010909643839,12.587563785792492,6.93150512892157,13.277869528659227,13.126288981608505,12.852670568336803,9.764400089102821,2.370115354373236,15.29929162434689,10.735158579537599,12.786385887779483,9.479216246774829,9.939105282605789,13.007625036146031,11.419420640370468,8.893259192476188,3.059944134273724,16.175237185162743,13.710411807772045,11.863928411155939,10.301457546378778,15.589488377840045,16.706673679538305,13.194859109977934,12.868509459150278,12.048035207318096
9,68,5,13.95920259023949,16.066039073099265,2.743716215782955,8.217649608759617,6.8573650685933965,12.470007460598437,5.352606252176549,7.754681117196639,3.303949317576865,1.8827515114553108,7.9005925274658475,5.069029303415248,9.65386373844996,4.909119479369558,7.388285869141897,5.693229584442173,7.8431525087699505,7.703163028013226,-0.17635048635122363,6.421404000576132,-3.2764617075672273,10.22831928917412,4.818657108423545,10.13238300580855,7.386410112989636,-0.4540918895139969,6.591986183599545,4.237431219575939,6.7213928821246824,6.6837801628834095,15.946238780209628,11.068685080946938,15.806422130411999,17.551476036266585,7.6803200848673105,7.359101775261333,6.655447514193899,13.028627217549923,-2.3522469630413805,-4.574725490449589,7.9264670082527,8.18841740473105,-3.3097401441745,3.372330773512486,7.220754400486269,7.127708693239384,7.536284496133192,9.348711593576315,5.527186562284468,8.50656283201604,6.923371160175747,12.121160507474727,7.050505218573102,5.811077157966793,9.846421315675462,9.226907374178316,9.186234507891468,4.967327893961492,6.584722922018891,7.248251673754119,3.8684368143539594,4.404146482713704
9,69,5,-15.53935952034847,-2.71444552082983,-9.709101456421898,-6.021086989443399,-6.107711316066479,-2.082469786767189,-13.59000642022981,-2.5676377212356134,-1.4962375723052683,-6.1594214476985725,-14.486679089937086,1.2745341688349114,-5.629294450258519,-6.345330428346289,-1.865596940695512,-7.417351709542481,-0.404433603422637,-7.677660020320993,-13.708347157018672,-6.933406543810056,-4.606054372290468,-5.1508135794798235,-8.609864623558412,-9.880259875526153,-3.768175837390759,-0.5841804743494562,-1.8221486953723176,-1.2676134815158484,-3.054886421427222,-7.338134621593695,-19.51548691530054,3.684554154098756,-2.4901909498318955,-2.235923043142708,-6.683408896390509,-1.0506604177786443,-4.245779647332867,-2.392298797124191,-3.0310479939103194,-11.058432011297208,-0.6852032320883412,-11.542082644759093,-4.17090970924885,-3.8385163110570164,1.0278240591316028,-6.0879990759450475,-7.793490924389757,-11.563443499015325,-0.7222332756727846,-12.925735183980128,-11.929877018181196,-15.83269659291794,-5.87779084402676,-0.23353456271948475,-6.403900537066298,-11.219385397768153,-8.591525754053716,4.631416572115909,-1.0394375556114503,-7.564857294294622,-11.668253048970483,-8.452874339571817
9,70,6,11.252494105433184,5.363384247609845,-6.036359333660359,-3.7614983691515835,-4.224514860063556,-4.611854719770386,-3.140563163270313,-4.3203743539137305,-7.522801483986994,-9.885371907807258,-14.13980410629655,-1.8908789950854543,-13.136990136580495,-12.692261285358663,-17.672313623970798,-3.0334968666841333,-9.191807532024269,-13.142908864370666,-17.89004432266896,-13.70633045016085,-13.804206564542602,-13.70063896150123,-16.29753754996671,-14.880347487403126,-8.858751557279016,-2.7392218710695615,-18.42228744481122,-11.067100570806886,-11.447391622972374,0.8906739061377471,0.23790396999840324,12.831505005882493,6.201278771722417,6.71162317294582,1.1123996716015392,-3.243433065065066,-2.5244488502375613,-5.332324185385941,-0.11044033958644693,-1.9291926962252481,-7.724747873024969,-11.957857636076096,-3.4453664978330076,1.3126686083382872,-5.181412706515054,-11.77642713314514,-12.761881688882292,-10.972979314716115,-4.593170055063303,-11.47847716501211,-16.527106087189168,-12.786952480514794,-5.723979180292564,-11.734336127436208,-13.460301930584547,-15.361776695197753,-14.594786017906015,-5.419863994301459,-18.55651163123548,-14.737809977903055,-18.069880864605683,-13.17800232890721
9,71,1,3.2127507189175173,5.370970835250508,6.0323131938078784,1.055590090500872,6.42638813899603,6.160391406383272,5.672768272459507,5.082108870103229,5.7574047544380536,9.14349373038319,3.3521992185539213,6.597408802129281,2.492313273478209,5.561623747028959,8.158048764098343,7.604470677151369,7.129065957556408,4.896145573374245,-2.725716553560299,12.787647054894132,0.27412102818943396,4.106302330230659,3.56253874747128,5.956687770829328,8.124219775021006,2.5883519653026474,1.7625478563387311,7.410623023394358,8.919306265008519,4.877742578934243,5.5259764799621065,7.022815781804482,5.772990792257164,5.262937695651155,5.883123784666743,6.930669625903049,5.440264482005706,6.286110508028512,1.8092355357437597,5.629710595536604,2.8872524297273743,4.967209457896833,4.329270147888851,7.494059067639733,5.4980983446585014,7.42571610507624,7.697714735731123,9.426295994803672,5.217418420242099,6.104852742560932,6.494404523414792,8.135788492108812,7.039490196007733,3.239550042853452,4.825849894195702,5.475914885835127,6.949543165997031,4.4117618472054145,2.304486917512117,7.310378214435246,6.155452155735252,5.218977313625013
9,72,5,5.675351536628319,-1.1317565553344615,7.459020128575849,13.128907319476339,10.689283875521367,-0.2594823882483473,-6.1005025098054935,8.978596667878376,8.41318720670007,1.2908980087717898,1.6237972101775866,7.083985239449075,4.794821882302442,4.451381573561438,-0.023719974407332645,-1.315613601157987,6.262483362028972,2.5762806374852287,0.2477825052309307,-0.543856458227354,5.744443582030152,-0.4058677282456954,-1.4572804068873926,-3.0282246378114124,-3.0256478183891455,0.2638614980685639,-2.350985773498328,-5.2981367373793615,-6.379927714644907,-6.450354576914387,4.88270748057971,5.137343467326788,-0.20755456600667738,-0.31026759861241393,9.60897826971258,10.783991012631407,4.636960714941891,-0.14344994253592408,4.379312541367056,-2.9443980403607948,8.225767620285499,0.7815716650632261,-1.3069738512631588,-3.22780215144924,7.258002100376099,5.388695205198363,2.8543421165199945,-0.8797230285069939,7.9688811943661895,4.135326487034918,2.4839039980547475,-0.3151011548300334,-0.9178958655812033,1.0396519666764803,0.09488944936452931,-2.1190229318354543,-2.351251452979519,0.1801437767358819,-1.8628535947603422,-2.6396363768726587,-3.888920504327229,-6.600664375293092
9,73,3,23.604500416336908,6.397876089302507,2.999046860012884,3.3461908122024884,5.824761805260871,4.265818399935109,5.369498298117299,1.9271888219206244,8.746220937634748,1.0719924024419818,6.1979816684317655,1.8452124753285473,4.658177521431866,10.59199044010148,9.382111556749939,11.229276742536303,5.11459657648669,12.280097220819908,23.977544023859775,13.588024978594088,9.569717045849266,14.95382506922795,18.7171800523633,20.893419137451705,13.974804702214897,13.986005206203389,15.796117906481403,15.79688626682248,22.23581283178362,10.79253150175167,16.88692311704068,4.771185150415432,6.707141604774245,6.18010363255332,3.2125650620678563,4.031198661598354,2.4950373215535535,4.319013887970913,7.343698128285572,-0.707021742343628,5.971022179355937,7.010363682973901,11.774378366115293,8.832925303203124,2.8595279222808596,9.49064728990055,11.430393945811904,9.139485924163973,1.401802552386937,8.356310602675029,15.356226003569809,15.257347901147327,13.301237390876352,10.180072682188458,15.016239689072451,18.05088248449128,19.275767954270815,13.73319061196314,16.25221367706205,19.14828193437582,18.847207813319287,21.51429024456842
9,74,6,-12.729973321825984,-6.3740601793113285,-0.5717986559029669,-4.657770963317552,-4.405849469507614,-8.878697552195773,-10.871809287042147,1.3764788606488028,-0.8783337326674925,-5.902192694180437,-1.8144758082017656,3.592990508087254,0.7691642147511607,0.4192705594412077,-0.7652172884653978,-1.7165804209142197,2.016402858286732,2.70272956462577,14.458442555558749,-3.083737777091743,0.21499392653605298,2.059383722783135,-5.240629432200478,0.6992367695812586,3.0761255921523376,5.084692145675062,2.664089408862154,0.2500777255016845,3.419684249135415,0.9333538980075594,-8.270358588858844,-2.3214942047872174,-6.105457795624867,-5.997805541335813,-4.959959029015607,-1.8947522798325978,-13.338225861557016,-7.84225932022602,-1.6641307781186396,-8.077314374377812,0.2568928209678609,-7.340820367141374,-6.211365397020083,2.281772084511456,1.2514191613896055,3.919634730362035,-1.365207913308972,-6.681811569031422,2.9872604595815258,3.3380600544567245,2.3186068585165205,-6.960132287088328,-2.0689548808945024,0.59950713515736,2.5609891133882656,1.7744847366404604,2.5618021722951116,4.005500514469134,3.170579685511568,2.665978021459746,2.6778412019243336,2.0827419812700185
9,75,6,-9.895596173251187,-11.43151748801933,12.358888510841782,-4.356011936759076,-5.716446954075518,-6.828728137424263,-1.66729667954993,0.28839136756638495,-6.030763836238231,-10.341243683667177,-13.836009146282214,1.563767379051836,-11.03561474961547,-9.165273828590967,-13.373543277825789,-11.491220704495634,-0.5253958812199265,-6.911949800892464,-9.242534951261458,-5.198189582070909,-3.0812504587655245,-4.570765705597467,-5.558509060840416,-5.570164188186113,-0.981081910431385,-0.7852944311254282,-4.82492159247375,0.8602892539077793,-2.98089039666442,5.42771310833277,-7.721604468687101,-10.3480908189923,-11.25304786701368,-11.983034122598966,-0.09658603565540291,-10.120251024482632,-6.165308355262909,-7.60975563080936,-1.1216667703489163,-3.8202829661881315,-7.486350901123905,-13.189346909051666,-8.472256794026714,-5.500950484147589,0.3940108530564093,-11.087939519616894,-10.478909199490934,-9.29403715214988,3.2535004049650276,-3.1839601737106347,-9.360709182797395,3.1596672032709887,-7.658517587078139,-5.338556716116374,-4.5710153596805085,-6.982655087849363,-6.474122539162636,-2.1210140353295848,-4.1303648511402145,-2.9728876418184176,-3.142925668530525,-7.173090312788954
9,76,2,-8.070576184088505,-8.90472228025518,-4.811323458964865,-9.60745455847098,-18.242278077980362,-12.897091907244643,-18.32484015204557,-9.62307908722176,-17.817533514848567,-19.463629576263994,-10.456424776248907,-8.714619882697264,-16.787087939407048,-17.30304063756655,-13.278122428702426,-5.114148469948458,-10.826651691345546,-16.024220249365737,-16.495056945376287,-7.603199789754861,-4.9860029216378745,-14.566469190051638,-17.467143777755044,-5.492755735099952,3.2715480797129026,2.0125742947183043,-13.6187617355367,-7.79375021205079,-0.2877415621698634,7.549773836315318,-8.447739801664907,-7.9225136204509035,-9.098028879885268,-9.307756905920993,-5.922762773953737,-18.938364921910004,-18.30128032923108,-13.020269290475941,-1.292306533583054,-6.141585132970314,-15.390419825002926,-19.791547735925857,-8.267141458873708,-1.9068907982948033,-12.092101233307178,-16.279441971422685,-18.77636472646873,-13.380137543659657,-7.87419012640944,-16.138268094214542,-15.996553472561274,-9.280643814175226,-3.5999240852301817,-12.5309495757811,-15.211457344180928,-11.365476049732692,-2.475296332796175,-6.880531238846298,-14.183818944798015,-9.656165255284751,-4.176876503837906,3.1744722093160216
9,77,4,-2.25760711486474,2.5133475363424918,10.422352554503734,6.317868430451371,6.302839352931015,3.419812360324146,-0.3509051703461784,9.839074818372008,5.515329746824761,2.7121856295611573,-0.746747062904987,10.777310280417511,4.917836052964713,1.14623819073526,-0.3118616682420516,-3.1329734697597207,12.300625818389726,1.373556306612642,-2.763710092253435,-2.6217359659466415,11.392435556913656,5.775039458300965,2.7377397868861792,2.1058152385692064,-1.0916310676896024,4.0474569972422785,2.8505713148496876,2.9048647440561077,2.4412368981922956,-3.1536363468096607,9.086847467234405,10.688454821319667,3.276160803024384,2.190986301135214,-0.5696923460146961,6.585510426748926,5.813862145372959,3.3903816131784055,4.108555902283998,4.4433597027403655,8.758612252465204,0.7098195247306691,-4.848247866955491,0.06515153718078825,11.436331897826369,0.3380112347431573,-1.3150182346836075,2.438820034628961,9.555228966606284,4.245894911422157,-2.8259294627734044,0.6544440381183494,-0.5455882481594618,8.32911109527936,5.314865576977865,0.7504443763073833,2.4312623254244974,7.091965422443138,3.035798402821146,1.2120748235980323,1.0745597348162326,0.33025505637363706
9,78,2,-10.307229024792525,-0.792039150553869,-8.58472344878402,-9.107071871778407,-1.9158474188752304,-2.989552429026822,-7.4267500847316805,-8.750737639010614,-4.099256782366597,-2.0793583625927567,-6.875524730217165,-9.707216044237672,-8.383078074923194,-2.209232429701198,-2.0137747388060494,-5.630136270859709,-7.026509897436994,-6.506056489205698,2.576219840827058,-4.108030954398576,-13.3623683438977,-7.920189586717903,-7.6971929911751165,-4.214028220260287,3.339039562360909,-11.066332244041675,-13.624094740646639,0.26783730734775724,-8.089712179879227,-6.226096741991433,-16.486532501138118,-8.068575462945402,-0.48553607660266285,-0.37621609199928413,-14.155198101817463,-3.2126514828854766,-2.57779476400919,-3.2454785699870943,-10.254920225877244,-12.024231956113224,-7.303479795824041,-5.542778961474029,-0.07283729769959624,2.379872253596236,-6.7827095404358095,-1.5904099631077813,-4.088312325280772,-2.7004664740567788,-12.567656281245203,-9.290717672874655,-5.737964592609985,-3.7754551020121516,-0.7421984014033179,-8.848159225964245,-7.2813571728765965,-4.841896918443279,-3.73959983792156,-8.475038497299865,-12.98641783980334,-8.619739997654968,-8.458101585689118,-4.474035567672151
9,79,6,1.9511744745711732,-9.282314796636742,-5.457671954001229,-2.1688412619618407,-12.668778320984545,-10.186317955711623,-29.289567150720725,-3.6375687495101134,-11.534681763522693,-10.221392127242305,-1.3445961493658043,-2.7804229334678214,-12.824315465214408,-10.002441804847543,-13.600714161361731,-7.02363854442104,-4.898267870519038,-8.887247586679623,-7.600840646262489,-11.711810083866753,-6.306318926920254,-7.411461740141595,-2.4530840529265197,-6.886936548711138,-10.287939386010715,-5.741943549660103,-5.810107275752759,0.7681335282125867,-4.020094151449641,-7.828481971433887,-9.358119489636461,-12.424472151437728,-9.81724349129945,-9.209384679044716,-9.68861782416792,-13.028797017400453,-12.989910288469677,-10.494114265456325,-5.934357074032561,-7.641209403825237,-9.118525338390409,-18.664157555529428,-9.798363555245466,-18.351479569949753,-7.089622292349616,-11.444529880746833,-11.459933453375797,-11.444065713936956,4.306580891429516,-5.8653834799372735,-6.554661693573905,-7.529254889547278,-10.294760848327378,-5.768128394711447,-7.047685019410693,-6.671696230064985,-8.283569345795886,-7.520909748857888,-5.452691063103151,-3.48912522898669,0.7564399230362066,-5.540240553730144
9,80,4,0.13711170706807152,1.727700983424013,16.398845349324912,2.544116247354483,6.0624000866409045,2.0982863141462307,0.8812979368121,2.915937303520012,4.813676206145164,1.8655616976661469,5.060975370383485,3.519717865884758,2.2467810964700203,4.188483585999632,-5.685508536549691,9.398760382199614,2.4293160870182895,4.423208961061702,-5.168986068107188,1.1822663449239337,7.209774724549963,4.808307981385465,2.3378932486265547,3.5982691163236917,4.232879303554756,2.4015755505051204,4.828618840087297,4.0503955573459685,1.6651454759398239,7.736354937930255,11.597714161931929,5.3393761526520676,1.2644379754528052,0.9523426497627692,-0.635131969133666,5.761127559604438,6.158224308681557,2.377759557600679,7.391573411460805,14.50064546689845,2.6118702515051124,4.226637205926748,11.817528878384058,6.226090312322101,2.1703105656736783,4.101894491249922,1.1953587505282137,2.0606161122005897,2.1398523530990983,0.8619890718652721,4.600279665818984,10.81957729778639,0.6920407020782179,6.169424879637252,4.6112625294524,5.163105680764848,4.6869167911751966,1.8960423448673887,4.601134341698502,2.705588177050941,0.6360827051330273,6.236676364069486
9,81,6,-5.248011085977094,-10.896073464463216,-4.15993321584197,-1.3873849425283142,-11.708743577096147,-8.568682864421932,-5.659381400975515,-14.489448092809713,-14.182119254125046,-14.885690175615833,-1.784843340527448,-6.14623307508257,-3.320950253934756,-13.395329894997715,-10.422400569622747,-1.3605855048020803,-7.0761681764227555,-10.977569721366578,-6.346633257480653,-7.829083731988583,-4.964590921793587,-11.413463337823936,-17.95891871975688,-8.841779431373602,-1.4233778252936438,-11.120859459224276,-10.280458453770093,-7.7647677279963405,-5.2705338672058994,-13.809408298898024,-8.362168604837414,-5.896981291200327,-10.8883780006819,-10.945043495651792,-4.160963969486882,-12.75164780802117,-11.301768332265505,-7.976819877512753,-6.353374757928912,-5.2994267452826245,-16.55546756470064,-3.883872346066666,-6.6262440708162025,-5.88511490619673,-11.074379763477946,-9.565994219309308,-13.252030409707853,-4.493898283667502,-1.044347937366494,-8.620764294684653,-12.28245319253425,-9.090474277643898,2.3992835602569746,-9.447832882482412,-11.49736994379994,-10.50671362190894,-7.600606926353416,-8.831766540911506,-8.791737173161492,-9.49452689558086,-9.62045093850664,-10.714914902499533
9,82,6,-0.36489390187737725,5.019220563901087,-8.576429447957045,5.991809929925494,15.503565066834769,3.608896727401129,-5.847723127515963,9.091645884532024,8.580328361471972,10.367742162061532,-4.392757089331565,10.007851582111378,10.984647245850509,10.099472700277486,5.863168340744215,-6.278603993060929,8.419499883927951,7.961541169459312,24.045861510787066,9.753084224063857,-3.866685801749287,5.191582511562472,12.87034366304828,5.134427374024398,-0.23774714411304473,1.9838734529685367,4.838529334664798,-6.89066582970412,-0.9395575533598313,-0.8845118302624766,-0.23769592514216237,11.299069815474311,4.441643918932573,4.093443609024516,0.8114344435062529,15.739714946143518,12.682040404346653,3.2400846925632267,7.550519689372403,-0.1272524123579806,12.983898621688526,14.743216707075876,-5.961319751509396,-1.8156537027893267,6.532545413367636,9.669590633072914,10.789067807675504,12.420192332506716,2.014850317477816,9.1171200487581,10.832461578734568,5.498031121474213,-0.18096324837789313,4.621112295273097,4.561585046737121,5.397629298383322,4.863769842970474,7.322126094933335,4.207193899837251,4.9221702327315855,5.546597769075049,1.2765251730636868
9,83,3,-2.3256716503557278,-5.46210866374895,-13.458144495685353,-15.396409046153332,-1.0724374364221063,-5.036045381027025,-15.203553800539279,0.3917381029871346,-3.67664430397222,-8.605805655100907,-9.057010285420025,-3.712189047177119,-0.7472688949144468,-4.453651163113735,-5.323873373123292,-9.171083831444113,-7.045854039490223,-6.707577047596979,-4.3725038568330215,-7.758743321988732,-15.821672068727084,-7.5510414983373,-3.594427837206552,-8.908048157852782,-6.443622684060806,-4.189856875983137,-8.036580726050028,-7.731066791647357,-8.887029926326667,4.539744102549399,-9.092779105830168,-2.310184797590098,-4.781095674849207,-5.723966324897821,-7.1777863628543335,-2.5362480459280494,-5.440635863328124,-5.54977652564554,0.17607522153624922,0.37680514425993294,-0.6637688354793485,-0.2927640607784978,-6.770827090572112,-6.509235176865418,-5.490854299786252,-6.981688401514163,-6.383080733940005,-3.3022816083166844,-10.425003036334203,-8.305804030843383,-3.9963101664921505,-6.00399007820865,-7.503127757175944,-6.827646211834577,-6.508034755169169,-8.435815769838308,-8.0466865152149,-6.38068952084314,-8.21124105549577,-6.07511474279596,-9.287407742824593,0.7574450688027754
9,84,2,-0.2388259079534466,0.583652265656671,7.923637153626208,-5.475866864299084,-3.3156397014220302,-1.2175998424191197,-8.289993916729058,0.07823111428084023,-6.734424428105715,-11.172028626610595,-2.151296185261413,-1.17037435984466,-5.482749243607608,-10.050928442216502,-8.593539199311989,0.6506347863071759,-5.1825938424231826,-8.494968487722115,-8.544575497414346,-5.6949709373548965,-6.185548683392769,-7.204678472404075,-4.665898488789069,-6.101049867345067,-1.4108039688364393,-1.6896337254268181,-6.494180478700775,-4.739497702932217,-3.2543966790161507,0.995192309387209,2.155089473334798,3.2886162058836423,0.7600891842484113,-0.18289028182228198,0.10079230808811812,-3.190608843828825,-3.9474713587679138,0.39719914838035597,6.448997319346606,-4.668280120348419,-2.4262397994128304,-7.760644770295523,3.0999351364472414,3.404485577456199,-2.7957944982662446,-8.270765125751495,-10.22629305254384,-8.573538861487329,-2.4448156474476184,-9.074452880684786,-9.356570145773995,-14.42769297616693,0.07887127951338341,-4.915281544070372,-7.53699186173972,-8.203430438639945,-4.192881912878918,-5.507772035715054,-6.503431570602627,-6.78127861195585,-4.981918390022543,0.9013750002969328
9,85,5,3.213371664223191,2.1303194904552276,10.122245202022722,10.658982548953553,10.223079129380585,10.768997113717283,-0.6798926247454173,14.552544511877368,12.612909901705454,0.1873461820707658,0.9839756647806343,10.866607481750048,11.243278203407163,8.09802538342774,5.903418663573998,-3.571722607787064,8.159441201334317,8.75898689230359,7.3755007924103175,4.458007825423522,-1.4487847979294082,6.1234958441757685,7.579191687585017,3.9245003383243224,-0.8495016227953311,-5.627850763159014,-1.9442057627957448,-8.616426884310274,-0.01425439786029703,-6.793996465983006,15.127432331624558,11.095817435782676,1.3537896469053694,1.708344019222551,15.270715505725187,9.977742238379106,6.333521601130686,11.014679746293439,9.71061880887975,17.35614646401075,11.284649008385294,10.162918137607912,1.5724839232861996,0.6573634374000861,10.891761567307318,11.79296068588226,7.157843654322232,7.937609792982299,0.6134094112075693,5.810757028643133,7.019858021709343,-3.973832239033421,2.8742656465733356,4.9104735691827255,6.331700291893469,8.308742633481259,1.8511472382219276,1.0562239846714399,-1.6702224368615655,-0.18190121737013698,-1.4148181631434236,2.5335751178151957
9,86,3,-1.8932669879527904,-10.272683007506334,9.633322393476245,-0.4194722715765238,-10.381042694308073,-10.464440326547109,-10.91605129529063,-1.8559232007530395,-5.262985709055169,-10.974378200724907,-11.242727612383758,2.2171359647224445,-3.461880921363467,-6.056538903699593,-8.7670311295575,-5.922974006931591,-0.17752529805662354,-3.3363313412339215,-10.486402946362482,-4.457588493687718,0.04769284493948811,-1.2382211405783885,-1.95978214457722,-4.935922112974634,-3.7559733586385846,-3.844195047180487,-3.115437979702041,-4.809322719428141,-6.611592737458099,-6.36292682129254,4.477675237488455,-7.060815787510716,-10.110858884072163,-9.517078486248487,-2.116372364712311,-7.56977728854229,-11.773837342783068,-10.360370172641986,6.420210050078247,2.808534735376469,-3.9299101479942107,-15.835263819246341,-4.457281173206866,-4.793615082578404,0.10398373636984859,-7.0235361603242,-7.861869185049901,-11.722793047557726,0.3265386574515491,-3.479774898633635,-5.1249328906897675,-12.39655865573257,-3.805673258594896,2.088186981179179,-2.008633725481425,-4.845709379058244,-6.797376849699951,0.2997263692768032,-3.1833616240552027,-2.831620947242054,-6.929280394635723,0.1798140385398278
9,87,4,-19.110105861319088,-4.907605376889612,-9.133688861754061,-7.762770259491646,-3.1490364969003823,-2.2637436340191064,-12.739919043221322,-0.8611183496044454,-4.4248895164374735,2.9264752792489777,-9.047576671469072,5.592107543755871,2.0192357069335705,-1.6639290877686066,-6.896126848071953,-5.979665074091428,4.832930682908472,-0.2405864605680108,-17.686702358905553,-6.024640208783153,6.915717462395748,1.8857925589503044,-8.69518620061984,-1.7281298197567359,3.5036197304384906,8.724757693957807,1.3064329143522713,3.4601523290095844,-0.3963156688004369,4.8677007663177285,-7.151348650682623,-10.088454683544114,-4.665882538464605,-3.398060991008563,-1.2416591235300205,-4.360701517630706,-6.922532533215953,-2.1696383727206148,3.1716008541151544,7.7766565545121304,0.030752751079001744,-5.435274015098428,-4.604780376707086,-0.6642873736620853,7.859798049963103,-2.1178353659854032,-3.530505526265716,-8.055002941420614,8.336649568115432,-0.3163975829758286,-3.356795963490514,-3.4751621511219644,-5.210961755163537,6.4418012925037536,2.0318960003333344,-1.9944337811775337,-4.980695607390526,10.604890650910583,1.610183041906211,3.0666631991725133,-0.9795549735654041,0.8452794473027666
9,88,5,10.010191581132483,9.302391995346493,-0.5872150742712934,3.620465387005311,6.022249030948778,-0.23049034641646785,0.589030051410833,0.4618160981662207,-2.553617082536221,-4.493911090659025,-5.817063159740912,1.2311243480270166,-5.275639567779737,-3.3358064684562554,-1.7018938465185869,-0.6792268327028457,-1.4750944298873776,-4.452108255357529,-1.4957318174732273,0.039917452635653494,-10.261255129149594,-1.122489468841927,1.7844784058085295,-1.3612641268551755,-2.2045972782028147,2.243596016787129,2.9876766104773607,9.302603203615895,-0.88584347141952,-1.755425465912218,9.003357090419392,7.647893256212514,8.974611332594625,9.456927118862684,6.139504444013102,2.7607811285855774,2.633980064089241,0.3901055398874155,2.640990460268793,1.5378002742441697,-1.6248599668828472,-3.367100193875093,2.3756628210270194,5.640943177870657,-1.3680215818557633,-6.543960398886495,-2.6620182895624076,-1.931481415772153,-2.126769564466598,-1.223985969100331,-5.1581696891964075,-3.997680187490828,2.3339592257213626,0.6427633248882867,-0.0875046469225751,-3.3429576515265493,-4.781867113509552,2.2480455071597185,3.1418084234039005,2.2999572989576285,-1.992727671295584,-0.7443047067684307
9,89,5,18.094673223384646,19.52437956494893,6.5070648390683345,11.06373622623363,15.570570168085396,18.822028115783574,27.228022589348257,0.9243012133576873,10.436936715231623,7.356291130321415,-0.70435526734218,-1.1186321445899776,0.5967190646816313,7.102036050368927,2.8444988201940196,6.557376186522411,-2.1982335775590904,0.785851432691986,-1.0344278024532252,7.911370536675909,-9.850614723783533,-1.0535382403333384,-1.5903492547435363,2.1119837760811735,1.9524036984345523,-4.87069052776958,-5.124577511351826,3.76468993796081,-1.5312061303113471,-10.274792592336494,6.62567107679277,8.656696454826278,19.19633000344038,18.464557636983503,11.832759555043069,13.914733255622767,12.950825143173873,19.70832624499937,-2.068016961080636,4.430766645137492,10.076431389023526,4.545265966316499,10.057192948578694,3.7943414651800116,4.808141575637844,3.864707581312733,5.3766623571424255,3.7309377835524034,-5.364667871944247,-2.9813512968944313,3.8675629285663926,-6.665604546870583,6.0662604952003925,-2.3080689075130327,-1.0377153608502208,1.2807217436138436,3.4316083247796048,-2.785538337491568,-5.431445509615562,-1.6057974444929397,-2.329317583941016,6.372017838424304
9,90,3,6.531444196612002,6.79609957925703,-1.7525573694487897,15.704304687587966,15.52313651616981,5.540576652169411,1.1182704315770684,10.840032206689258,15.199565270415905,8.288041137340597,8.23562683839714,4.4091657829221065,11.670650704059655,12.46856704099877,10.305225158246555,-0.7458892845344263,7.1611151150087,11.898407260637455,11.734665812879081,4.871039542982856,10.609820397070997,10.427576674920763,9.95769397737231,8.814762395238738,6.169780201065672,9.269404843722176,10.583539520117748,10.064254484014445,7.117807804924866,8.993328009186905,3.8857545911777427,9.539178762335053,6.807175336382923,6.56271878137003,7.84262737609083,14.253311214559687,10.011209490095705,5.8273643046083725,-3.691692521772917,6.787373475304513,11.972153638648546,5.1070933096656,6.085716764304912,0.8103588805874671,9.035124505801894,12.461732629595742,11.769160558356019,4.76195003469361,6.680060638569111,6.261462293974147,9.923509658109857,1.4753632445978682,6.753125171722251,10.704738771815489,9.966602580031237,8.833011717512843,7.592876352778659,12.086476939480479,8.978215742083954,8.064132364693934,10.007057751642494,9.527126658741931
9,91,1,-7.283543519312282,-3.992171096751783,-3.889704680305953,1.1576981139482878,3.1553009066094706,-2.455404847792192,2.254457308717709,8.849929445582196,9.347299902677175,5.852095793705528,-0.7754927068130997,9.944178946886957,11.262234950869733,14.069649292735336,5.554552572983795,-0.5425728947696526,14.951501016398591,16.2435418908987,13.412417260078133,4.258388785781656,14.502329343151887,17.335813199885468,14.638723883800582,11.74782536777372,9.850729981198812,19.943819751099838,18.293053472301036,14.912396756925036,15.159913646545634,12.004682990381635,-0.4405417551950921,-2.754785531853529,-4.511148809239539,-4.493238890611728,1.2498442441134188,4.888927138126571,0.15948720939639072,-2.1538186229697254,5.726111021743262,-1.514960589705082,8.760302444181695,0.6697323492887177,2.678807984128958,1.028038482477026,14.260827293733088,14.959058825199188,11.179160569203876,1.991107859171747,12.011504545944131,12.280843161523531,13.51373751645498,2.2349147023292386,3.823804231014149,17.06494770021881,16.90730750588018,12.812727514381823,10.836895121420474,18.846442772234536,18.23317737699055,16.053913322906286,11.781385627507065,13.332447911544538
9,92,1,-5.078241936692105,0.39307293010074973,-5.469637539555748,5.244038541823988,10.26640889737414,3.044681352722208,16.25773232643742,5.720701205544174,10.252397799077901,7.741140548843984,9.055329722988349,8.111223366957658,9.820982337952023,9.281322461740322,7.0719587054222846,2.3889505153226596,7.779780747982243,11.117261417119243,4.984405696641927,0.9781944897343835,2.317973017840215,8.25254450570338,11.867705822490699,2.4304940905421972,1.043550920354702,0.7350087257317927,6.967270776209214,6.78266465725241,2.726241520515119,4.226483595353074,6.031288813901837,6.219710636429671,0.8943423155649772,1.3106582954315833,0.4336145736572401,9.989455046268498,8.56608034388685,2.735745524459449,3.0678059314377606,-1.56136983521737,9.493717104559996,8.351761924795714,6.6913347785764286,7.829106170942482,9.002684778556588,10.522965583586831,9.40129572368886,2.2224305353309144,7.677986541036063,4.554174558395838,9.906617570914072,1.278445921156829,2.1899971869751456,4.654009701366106,9.06937601607543,8.724348030802677,2.5590653051735774,2.8907672429383497,6.687631142530137,6.8537669787069815,4.1036070681903976,2.8926270411508836
9,93,3,-0.38659396020712433,2.568223554345711,7.8218749069108995,6.003708375867727,3.7233511469917513,1.323148930331737,0.9160360320493937,1.388985430730917,4.769082027754361,0.2638615610123387,7.702081033369384,-1.5573844538970327,4.517701468680327,4.988839081922976,4.066765876464182,3.25186786507597,0.20615895283862784,2.299285086962145,-4.1700582331977785,-2.651013013020886,-2.176107736804138,0.5522721225449757,-1.6352826997285637,-1.6879083526479794,-1.9439528756079327,-5.72966101661995,-1.6596428316154705,0.6831096789896167,-3.3285464733475583,-0.3443301829393022,-1.0211368767692313,0.3733895584889808,2.4795441564808547,3.4148954983982374,5.264871121175506,2.1098710756249166,1.0271709778561917,1.4408717143531078,-3.763799976796006,-5.202123641368666,3.181149683438422,3.6850695521911483,0.06557404462861383,0.5348582479750694,2.6350140884609488,5.402168494910455,1.8145461331871218,1.0509069429472004,-6.38499176428403,-0.9482164497972818,1.3674390310742424,-5.725426019436297,-4.0510677535586606,1.1334083705612386,0.18003173315579424,-1.4270814179227052,-1.1399192592560707,-5.90448460466706,-1.9447595497434267,-5.331892077652061,-1.0928987056789214,-3.3282583716564007
9,94,3,-4.192974728021052,-2.286676054116244,-8.308470565473614,-3.6425720058926734,0.5140896503609145,-2.9061707894476845,1.7448075167471306,0.8285409922529825,-0.3605723995686969,-1.0271102000800179,1.8495883086196534,-1.0966983518844307,2.756321991163464,0.12035402814607998,1.196386283825766,-3.764753851369477,-1.1210425439426996,-0.5598907029375494,-2.4200905634107364,2.6296265419095577,-5.21162761352877,-0.9860883633458486,3.7035429098120916,0.21547726771181033,-3.40978976264142,-4.82332104514211,-4.356825016984122,1.163610444472331,-2.9900198349865446,0.675840061705947,-2.7344266529444905,2.331977766597777,-2.4527639670115775,-2.426668800095597,5.2765934514563275,-2.2701745545945826,-3.0926366827291654,-3.5483258409005334,0.7337603344221417,1.8400138786812197,0.5870262041415379,0.21798368934371437,-0.09947345516269512,-1.8657377655362368,-2.4913561123184733,-2.369529565387382,0.266233549260237,-1.2597003610373088,-4.238157896580534,-2.084582517003053,0.8088864200612209,-11.257814326743807,0.8330033142119646,-3.891465288564202,-0.8524082369489088,0.9923400556577775,-0.2821908690909879,-3.597590490624809,-4.253647898543885,0.2180797043142877,-1.170070295254758,0.954010446260615
9,95,4,3.454547202782478,3.951011761591385,5.121629361068923,6.191435468564855,4.456871407981054,1.744119255871671,8.276549407053833,5.547314887343929,7.889747336063894,9.563359772150475,6.85155502683341,-0.20248409253885974,5.346649049440535,9.14069269949616,-0.9996481617322036,-0.19846986986060716,2.883311911849532,8.421788646407974,3.151959024051705,-0.10547227011539229,5.804306866161,7.2831338892247866,9.183920123285,7.145269818484736,3.722736621894529,8.648671343794838,10.17168579875242,18.021659848348396,5.768947839873225,14.59679936693709,7.039570311356973,3.6772076699246705,4.5575965021966915,3.442165412281342,11.842161189162784,3.005785111156179,0.5282352641565597,1.2997874552611177,6.840543369399153,6.141332221609293,4.603714441085552,0.18846013156197422,1.2272510773434138,1.8353019288752401,3.842524091017479,6.90188240512024,7.939783396653644,2.398813023652153,-1.6591370801736653,5.124315110012528,8.116518026581268,14.930508375366616,-2.6621430965549324,3.6962956668718197,7.728768501828261,7.9318318831075585,4.403006928609452,5.54818881196878,9.80260183381643,8.286075760519541,8.022742471623618,7.345353111374857
9,96,1,-2.7369042861235617,0.671886703680928,-3.5040358356995203,-4.01815111171908,4.346613570411758,-1.1772790399561754,-1.9274705230264118,1.2679815510878485,8.91398291621448,4.720326488951174,5.763166630368044,1.3855187078347277,12.715478837308357,15.497239813038219,6.513297341400529,-1.2971433041980727,7.767411861659552,18.710601871424338,8.307961626319075,3.0508498700744497,9.162959467119926,20.12933810564643,10.528417029486201,15.205436068973158,7.629102907597835,12.88931329521101,19.730631334570845,16.54951679370957,13.148587673513518,12.332860656514223,1.5348392984398265,-1.643371762026376,0.31655123106362987,0.23515103357168243,-0.49331463816598387,3.571930744617088,3.1076114170207854,-1.4177855299501798,2.5745841041661626,3.5868476712167614,5.510768266496951,3.0989364464426554,-3.656205370227195,-5.275060131027156,7.857714155280007,14.369769441281885,12.215438551746495,2.793412872289148,4.095713196254178,11.878678983259132,17.55940209565366,17.674586303532124,-4.134369422045608,11.723087457939982,20.793606373526885,20.760014230567137,7.940948543593103,14.25394826391484,19.711863327407976,24.832954860633098,20.04354930599788,8.636068724391121
9,97,1,1.8698511540253704,2.817942786734642,6.163333266769058,2.93691078994832,4.120588739130013,4.352740476952818,3.4391788467310542,3.4689872274856732,-0.20314347409507125,-4.641231051896038,-0.7159687793109484,3.593774842757096,-1.2453467911677205,-2.831284820851754,-9.831545807080484,-0.18073915441168592,3.280802409369045,-0.9621635862603407,-13.22900516394435,-0.3998783667821694,7.133429070253194,0.395278493398174,-8.202723047809629,-0.7159495664896764,4.999847603000688,7.2584502350130125,0.46266757021374194,0.6474625116395881,1.0886316714558495,7.703844880034984,-1.5184561430999077,3.537525420290102,2.8206540299806644,2.9222914000473375,3.945000174750643,4.268721706710936,1.667683895586467,4.470988277436759,3.049159688750146,3.9049066056769983,1.1380786557977154,-2.1536777597375036,-0.6008068073268362,0.06210407841859861,4.547231427030411,-1.1387925082136217,-7.770606504526083,-1.631089274748796,1.2378018231290142,1.2920633014291525,-4.355282106976272,-5.165708189057863,-3.6133654417254326,1.080795455519564,-0.12284131665009917,-4.068110298297209,0.9217243129841817,2.761853498622501,0.7483891958069837,0.4943390383226104,-3.002964969128144,-1.6715732822592213
9,98,6,4.370291886209487,-1.9066187016063978,3.9675164846249094,5.078754144408403,4.952510055148879,2.651685234772543,-12.532556519023048,8.642749387452877,7.100726824445451,4.92008643299795,-4.752654104530471,11.205841605222176,8.794445166387025,6.901952843017108,0.4827319096103757,6.140522338097868,11.688583115592788,6.223871973607259,1.3092753810427595,2.079758516444665,7.351636808740381,8.058011960215506,0.24336505187221036,1.8273504750076226,3.1676379445849396,6.470060343172672,5.481907289441128,6.612572307459917,-0.2186846910044551,-7.467960717338256,5.024931206788142,8.192882915277304,-0.6200965072153286,-0.7845070074176093,17.068725015513788,11.829283249490635,7.596935278653716,3.6527866410863843,5.371377304247462,-1.482831367175095,9.274203249105685,-4.128722674321246,-4.569949451408055,5.652924821547392,12.03848632429612,6.146982126165086,3.7489085615464885,-2.8247642094814576,10.307478683387366,10.436168324111442,5.789498711016212,1.3810019936730582,1.4090433733583225,8.81809151864883,7.854250572127768,4.102265803574968,0.9684376065823732,8.481546339363128,5.126818311877731,7.1727222533322985,2.293209490337887,1.45758778204369
9,99,1,-6.205091306428637,-3.8985973559717455,-3.5721420497610827,0.020045098553344104,-4.125883295450628,-5.88662576075734,-3.706279788620591,-8.149594816719972,1.3589465669697016,2.5670872310988546,-3.9121378336340324,-4.738486122430827,1.7937775303371164,2.3247944484691976,-0.18391139098874706,-3.033160695329129,-1.5754897436581383,3.8179846151572896,9.703378001459386,0.48600340399482195,-1.0190850794542472,5.785795086108873,9.716742458242198,2.846947698785765,-2.877492381356336,5.252579019908942,2.289038548882051,2.7120670980160555,6.079705113386056,7.661533088536886,-2.120204134480801,-5.4611322965654665,-3.635769726174728,-4.222431013292477,-4.487723439000547,-2.0403436955246264,-0.3131037105851604,-5.730570087868079,-1.4711986883066424,-3.9630030176216158,-3.2247612064068307,3.6699540375209434,-5.332557930237696,-3.8344477566169237,-4.487867422878929,-0.9866293760289153,1.1485846460081373,1.6848577036772192,-1.637145753359289,3.4284648325211915,2.896557926870429,7.016109648937211,-1.4744893858981571,3.6886899139527687,5.29548939675513,3.6619769979904344,0.04562813768208693,3.112691468070829,2.2138228424620348,7.0538790721173665,4.791563172432843,-0.401955939732809
9,100,3,6.8717474453605485,0.16579978666609005,8.137219328285624,6.3766434128032765,-2.675056299478637,-4.645904625271925,2.059162807264706,3.341411529040738,-8.39276128682513,-3.8918429641280197,-6.6428128244673355,4.485313051107637,2.501061836825457,-2.7618886882711844,10.376525911485503,-1.267482174184209,2.5559986708330813,1.0951490140542752,0.2233711134233479,-3.1716552852076605,-9.709095084346925,2.2132626128178536,1.1736939140530185,-2.390554206990979,-4.594908244726129,4.60988281898927,0.5026360897392755,0.04915570057701535,-1.801328868355328,-4.375077465412819,1.9654224908615407,7.396202227384667,-0.7785562145901366,-0.5905025826664871,8.214141256846034,-6.259077427079672,-4.357865277814068,-4.7041577743167595,6.317000857395364,4.627600827275653,-0.7769171969238212,0.5402840545582692,-2.109550908899287,-0.214055980726077,-2.7662838176858213,-2.075414710791734,-4.441045332435949,-0.8754591573790707,6.545141607284451,2.7496222013667233,0.11618947779345198,-1.2557054422738996,-2.0217389728016464,2.5796129948959283,1.1079757304907574,-3.6975153095838493,-2.216374056822644,0.49540500206554766,0.5818212577936841,-0.2581699844904052,-0.7919526477003599,4.8157440781729655
9,101,1,3.6747204068503,10.438268299907351,8.137837176256603,5.49284219360206,6.25912549083757,10.896284738600976,30.517986502543835,2.5241287510569497,4.63315469425217,6.464212004697267,7.383282672653615,0.23086801435366766,4.32458057674216,5.819563206943978,8.472093623415448,5.440696707875585,1.2541913371817093,5.389466643946746,0.2965284720880952,4.572350264404807,-7.961307342595804,3.578371231810463,6.8177068961171,0.521631409436828,1.6857828477116463,-2.012036530826264,-0.10092991853144201,0.7622050791524537,2.151475411635346,0.17459941868920126,4.956399422422866,8.11263832859354,10.419830085252551,10.561551337448385,7.077256544118341,2.929340217969517,5.696914015620342,12.375755014906005,2.061413140933414,-0.6719091500655365,5.404979068910841,9.679318640562824,8.611670085955865,4.289026191517734,1.4210986623358797,5.782670898496444,5.448283222401745,9.237022761891525,-0.618608010044071,3.7645970175792343,6.7055379801952295,8.338845531186426,6.2648394094799995,0.2431089141428835,4.6690259646232475,4.933710176054749,5.610984273220796,-2.5180114672587433,0.3765938291042229,3.0252348322466736,6.085310249543958,5.191099085896158
9,102,4,-13.619472405069697,-9.8501409618979,-13.83453028349253,-9.712411407245005,-8.817851433439591,-9.693877166622636,19.491209968197623,-7.560423796519448,-6.622870123161504,-6.398381895110253,-7.6361965033248405,-3.3496863781247406,-4.064877166094759,-1.438749388961987,-4.663023975274596,-4.033717906829423,-4.671180314838706,-4.007219415112602,0.5421023228228457,-4.2340925155170615,-11.959173373809852,-5.930170037556533,-4.773198588524106,-3.8791155552309817,-5.239201740793337,-6.10662935558911,-8.080896357346962,2.7237958627548537,-8.188686306682055,-9.463140462286676,-10.28563778696116,-5.285498813566993,-9.826344177070096,-9.308275546458336,-10.193101071639033,-7.948112575382712,-8.75433889367594,-9.663070074594918,-2.3173519807368006,0.11881438138463132,-7.203078013115062,-2.9871036076304893,-1.6759843594400299,-2.6127441358531063,-5.922682762747945,-2.6168318989675323,-3.5966781411467657,4.3749782964814345,-4.555029237620173,-6.872679001856142,-0.798972615823093,-3.570755881200568,-3.899797658844874,-9.108771630040394,-5.231493505569768,-3.092406252407605,-2.636147216677939,-7.367674150118014,-8.597771023821782,-3.728828195437061,-6.680937729503321,-3.2046808365777855
9,103,2,-12.198152825508899,-8.388695888732352,-5.773374877620218,-15.653420312869622,-12.084741987560578,-11.972736225530182,-17.70557599121751,-13.297383271816486,-10.512408438820113,-7.662086820002738,-14.338968792044346,-13.12385298293538,-7.397533815934765,-3.2284199631994412,-6.194963024304496,-9.820265288640767,-7.215040465635131,-4.199818615179804,-5.506091423423553,-0.009459144413107464,0.0879239833845601,-4.911677241850668,-2.9742609235477966,-1.8984399420754392,1.4639770396837473,-0.5809921139124328,-4.823266604869834,-1.2426898910766233,-2.26221988972549,-2.7631051345932764,-11.140613277181522,-14.812711945167047,-8.220290519227555,-8.401192962950118,-10.244827296789278,-12.498826679137606,-14.697815732235409,-12.201485156280379,-7.609669196345598,-9.678300764195892,-12.230493385492398,-9.77109996547423,-14.353927401394193,-10.700302037251438,-9.847080750204903,-1.7841006385207905,-4.143690935994795,-5.477739516918253,-9.904421551649955,-2.2566851961409387,-2.862584936793143,-1.2726551833528479,0.3282671198703168,-4.344350467504162,-4.807363638557811,-3.835219192626694,-1.7262156301081504,-1.7904996486357994,-4.493408491971287,-1.944016975509684,-0.37392732578261645,-0.09213978944846024
9,104,5,-3.8494544350201387,3.8005323255343795,-14.396824989377006,-8.891469790509378,-1.0076636822706817,5.491472038690269,12.807874665254868,1.9644653465507962,-3.2600593604374586,0.995883616232653,7.305967002630048,-6.3375710041216795,1.2686665607389165,3.0665672133881126,1.8916313175748054,4.364994098023488,1.6767494046674458,5.448539303842838,0.9024794167248421,-0.41783329534554525,3.0426455234609016,6.916540131063726,0.7549034209904935,6.580343868469868,5.090969425875963,1.3953716415321316,10.50411759339636,4.9088825868874215,7.44606543391398,0.7802911878268175,-1.4007942199866044,-7.015296542562727,2.92852707466156,3.8941318044984135,-4.396889664437168,-3.345012750431168,1.94076780404714,5.249998970275244,-5.194610700201492,8.980049936237135,-2.209129999687032,8.504770156859257,3.3332744432917094,-1.3111704626410248,2.36309543102071,2.2146166439236326,1.619338085488755,3.2105195567696114,-5.598557773876717,-0.5351143694232874,6.520698175129551,3.771296905603531,5.0618013090158716,1.9605248129994768,7.146838226242038,9.050768194970018,6.136021582648251,3.3105467803231092,11.13616375243519,8.69957480965773,7.227783995089915,3.6949031979964344
9,105,6,10.209653849236483,13.343702785625336,14.291762441442136,11.485577261188952,16.026969927930967,13.021469741662198,22.309952939122276,14.372554414610308,13.83435424696654,10.622234090288146,16.016332750833342,8.432899604802778,15.726606530913942,8.611404405906796,10.614007385087014,9.31635503771874,11.739669125759974,10.28047443608322,4.484282260578942,4.51814963199516,13.679134056176526,8.547923859526835,9.668006014550198,9.022976369983178,9.173103697944386,9.360529827862614,4.721885368205246,-3.232776707129145,13.012612335111317,14.605112599441782,16.618826530351324,19.788721144131227,12.72851352161933,14.240148338131464,15.604181270785165,14.29128226660555,14.599802021164352,12.986766880234729,18.652275109254738,17.771787031945518,11.823047619792867,13.342883435759418,11.380745152109471,4.335172944492089,13.121000779727355,11.467254304372496,10.32697966096287,4.329897545777808,8.546115249349944,9.837333463223242,7.357037020313393,7.96058391518437,5.240939895258986,10.11918819382668,8.28711613129098,7.848312534721253,8.270400112872467,4.716542764155124,4.710771183210721,6.944290236092918,11.598696874477339,12.906458316995508
9,106,4,0.5213305051552064,3.9842165408928536,16.993323659047295,7.761544130606259,10.949352155643975,7.314625936299109,18.456574028244287,15.322233794654554,12.110232096528872,7.171496184576852,16.59129082157119,15.96175431401082,17.613692166351875,14.988403071183711,9.159428701170995,10.402582727917814,17.830392244372728,17.36571126708351,16.208608558901187,12.28431942572864,18.206083440789715,16.570035701072424,16.583169800081734,14.918619645208606,10.576535611637725,9.211388564464162,10.69685777669726,1.472191036315408,10.044359864914094,12.951292544682858,7.250463603735937,-0.3293779267497909,4.313495202580608,4.63124365968312,10.588424386729184,10.614570847144588,8.044705037504624,6.656177352205277,15.783358379925904,7.973900444771545,10.93146770972214,10.031744458031186,11.088009926763064,10.509098527669094,17.82843641631258,17.025292828679085,13.173447287936765,10.625483265816701,16.301670327254502,15.927973479577693,15.91454494305567,12.457324831905515,7.975699472263817,15.992049337887181,16.84608706600238,15.68655137618913,14.313171204134104,10.149479985078123,11.094463361245461,12.646553287146288,9.857858741428798,10.237071026690163
9,107,6,7.017633271698911,-4.189072569786775,18.94567286358328,17.065085412389255,9.189669230180533,-0.4440661362122471,0.9176973820913856,8.567485642823858,5.712442464308766,0.44674223179860695,7.817089300506131,6.582376464633507,12.40866842638792,3.4759272163614634,-2.704403816245317,-1.4759106610833501,5.88829353142802,6.260172250317172,8.772716294928667,-3.206108530017932,6.469564237198852,3.24380114484896,-5.3783940878361705,-0.9998305948314865,-2.820381959207447,-0.6697836015373468,5.043292628555771,0.19129304194868268,4.906465888318677,-1.0283489664519643,17.02870512563344,8.670995683818147,-3.864368210194587,-3.9339819915206515,14.552102715140446,7.746351931800652,9.373231806451596,0.5737545367375727,11.30918195598372,5.81534744585614,9.17624392646661,9.043245623842253,-0.6489286023538517,-0.8582789942355293,7.176000195873403,4.932791502339908,0.4956866327230228,-5.027706574830343,5.502995963208377,5.750977076044902,4.519270058221566,-0.419177733273699,-2.984942853552994,5.319238229041418,2.4386088748692534,0.2773988470662261,2.073708494034846,3.0188134107738733,4.835917389520062,1.271477174422727,1.699986029734334,1.1344583219871263
9,108,2,-3.1249355121356657,-5.720035353417102,-0.6681030110297039,9.229660319999178,0.9078284196396603,-3.5872254298159443,-0.6804879694132187,1.5374641632093353,-1.9301850268753575,-1.417936004164469,-4.31678911956118,4.309183388602036,-1.5311356451725808,-1.063323907508719,-2.7290263981217655,-1.0455099142713067,3.786380368876893,0.9974137936355307,-1.436281365308366,-0.23927405050660336,2.8876205644138673,2.368982169459144,-1.6723831827786373,3.3012124476727216,5.873450182730379,6.582824693475969,4.300377234430388,6.003129018606932,3.498856558373604,4.592523423795837,-3.350464199872676,1.1725223149150246,-5.8007185206402125,-5.521462962550973,-1.3795583010651171,-0.3759856403510007,-1.6572516582588224,-3.9084438586198713,4.2090825070456654,2.5122463629444756,2.06729354543566,-1.8208170529545822,-1.5474195405272992,0.7398167444994994,4.761626698809292,2.7954775443380124,-1.8050581812759185,1.8288549065288895,3.1300124629420543,0.06747550532085594,-0.7014454191170113,0.7542440221395068,-0.7435683557002732,5.519382356677386,2.875939834201367,3.246326796233475,5.083107613458681,5.062233442213481,4.482678462535417,3.976645964220526,3.145611306584282,4.744104021319712
9,109,2,-1.7241445679172167,7.730308184425753,4.290060170965905,15.54287756079943,14.268029559264521,12.055106374254821,10.546371920988332,11.384480899358849,11.508400930500612,7.065956719628558,7.249826568679991,9.386432999630015,10.44201034123487,8.692321208635027,11.4862687032579,11.615729805377383,8.50432197681469,7.022508521428015,5.204402751743611,7.8138498357928725,4.492464181765484,6.596224419568188,-1.7603871375435913,8.614916036950378,10.783610060583895,4.3852377897355606,5.178919040575261,6.657889869643329,6.779204335960944,-0.609193581849244,6.843286696821451,15.627776510286612,7.811765918911364,7.958173578491482,7.449762561517523,14.756177817743902,11.217167008225244,12.27087805983496,2.4426773861845663,2.272357660754607,12.757809804951233,8.120295316162636,7.671293018885506,8.96225512836543,10.783674000174646,9.868575962572699,7.918704258664175,4.505108458963905,0.4657982086263038,3.8076834849468084,6.163080337373598,-2.3178001832324884,4.528335519771021,4.307032211798686,7.083213734264462,8.497833385234467,9.622429146204238,3.9111231333099137,5.547292424855674,5.633334291553717,1.7953493350821481,2.118952539164527
9,110,1,-1.298759972807247,0.133619334198046,0.10016809492485534,10.683044970694297,12.521477601286485,8.682596360901137,-12.343654614759656,3.794222967074503,10.286460466046888,7.712529441639898,13.723167996899013,1.4257082021227345,7.853184666836682,11.616702893976028,8.689673934222721,0.6177373456246249,6.014307172531716,13.565034885595482,9.522795652425508,4.145278645993106,-0.7836394845337674,10.481540397786326,18.71769225270282,8.50431559740838,-0.46975156355921865,-2.5179922602752733,0.027532394611981204,2.591908302385267,2.7462770477982184,-1.755803203391956,0.24726716619802802,4.976063593904057,0.8289122876097885,1.0790956299979153,4.5869119313613655,10.484104470417998,10.354326472299668,9.475733417926767,-1.2489671748494964,-1.7613314839034544,7.239986422539852,9.515942191682392,7.766054578182264,6.0848620755984095,4.447114560775819,10.879015038766688,12.57274280393087,11.85038473934685,1.1599900678436208,7.617518177869299,13.027667014178164,6.337372561167112,4.593317238114228,4.918069697553065,11.264459709432437,12.599513370702724,5.5301091142322445,1.5244133546763876,0.0134861873371932,7.234163687059018,9.29892842860029,4.401544020860456
9,111,5,-12.61210325170059,1.6053813992681476,-1.5326273533992634,-5.139056070276154,-3.835865772306561,-1.6898802278006855,4.260424576040992,-3.0460610356999633,-1.131321261228038,-1.0005028648983398,-4.603525552694208,0.6856641434587367,1.455090831204247,-4.390103388032542,-3.4916828524480357,-7.048488460696968,1.2303625601003072,-3.170502885994382,1.7401307550963119,-6.899001461385584,-5.220958868439144,-2.8451998114937953,-4.320780928223967,-6.265569278856787,-7.740622048499063,-10.289760858819983,-4.356245539369762,-11.691179173407933,-6.8300406190952865,-13.022026726203721,-11.524313462580114,-4.725217746093681,1.337262467912786,1.4605871441365186,2.052248476686457,-3.763114986350624,-3.150166390316059,-2.8626553853363252,1.2087296233881586,-11.466963064902249,-3.1346060093946546,-3.343220130019403,-5.451749956695268,-1.685072225808142,-0.7997984464859519,-1.6959142420986089,-4.798282258712304,-10.65662002960993,-2.102908686768813,1.1720901727676392,-2.359884700181369,0.46308043889882977,-8.346355278766145,-3.4418709197496185,-2.523792621130183,-4.720989054443721,-7.199140740961696,-2.6088644977894684,-4.084832784123488,-4.484611987897266,-5.355887432554283,-11.72107394185008
9,112,2,-7.6830186524950905,-2.6897588648106434,-3.534225224596785,0.8528114979087238,-0.8271997479222168,7.872935261759094,15.588556824763092,-2.0799858250723404,3.257200848084034,8.629180036621488,15.701202789344263,-7.190766743872674,6.482214812007616,5.900038265327853,8.790898433863754,4.893050101506181,-0.34266885081533127,6.551351775846827,9.15245037032973,9.359793731624757,-7.956412923681307,5.152526139031823,4.620811358048785,4.961367412084121,2.777557957235997,-3.6202861772049455,3.226998565377803,0.5576658341011439,0.9365613304260307,-9.190748103758004,-14.437260931369105,2.9218336031658647,-3.124797913495725,-2.458999631744695,-2.483398235743732,-2.306353076792706,5.246282413102139,7.2619458777807315,-15.148901859037114,-16.208695001360702,0.7050979057122497,13.234414887182956,1.3762259525530853,-5.025789125106956,-1.4800272214158259,7.266635284781818,9.283073386359147,8.540449390528588,-7.369501994593382,4.494759309991467,7.787210478637622,11.777899513452704,3.4620921924573986,1.7821031672107739,5.239185680186648,3.800807665988076,5.966729530360457,-2.252344556516263,3.3860601786433193,2.0423155301136924,5.579511248415744,-0.0023944171418149307
9,113,1,-8.970328313917515,-9.441110615800254,-14.089896167029348,-13.03038157828199,-1.9383958165147699,-7.603964835990268,-5.835616668848115,-6.56214574079325,-1.5371504899386959,-0.9862580369624121,-8.653098383799149,-1.2669828307088005,-2.2471460379580614,-0.17198748297126124,2.084246433907893,-4.061224777251482,-0.6910035616104926,0.7542760201570824,2.4832702180279824,1.1536423276936663,-3.9562039476472943,0.46102861224151154,2.049713235348463,2.5638316257447924,2.452645522911421,3.0527225022158815,3.2211727406148145,4.407648517046031,3.4376455109521045,7.9334837193260075,-10.350449965952995,0.8858242653446594,-9.998779675562677,-8.795431068734961,-9.48267021743444,-5.243695964284313,-4.7863326807926665,-6.57334630833031,-3.216025402116386,-9.757040873257914,-4.731194074390594,-2.9638061161811753,-4.518552968664682,-7.704433810511008,-2.819578494604042,-0.8005731537620095,-0.5899808059173923,-5.656692439940095,-3.112509006113326,-2.7381975108348757,0.8108902637386779,-0.15072265046750843,2.265757077941444,0.5494583563356695,1.0769573638624537,2.352218155908148,1.423774768572823,3.3723595507965425,2.615862016578874,3.9340396113239398,5.12404297171842,5.469061407033447
9,114,2,7.285102488155046,-4.823199394420243,-6.44332819492357,-4.124919782415394,3.459239979819735,-6.244358847349335,-20.364332460139583,2.5883583303302418,3.6860202544073504,-0.5541415453899821,-8.863582025304797,2.4602384664595296,4.921293178246717,4.574536579524781,0.6392485713131908,-5.015718579383161,4.7085144621002035,7.537593716142198,4.7282810808676174,-0.41458100794172736,2.5638413409043745,6.87703566622875,7.306421635729237,5.49105916628841,4.393099630640524,3.3349197650620743,4.765263112772982,7.551524861590798,5.8111988674712975,4.315790366618498,2.0626616046065465,8.591945014757714,-4.848993662404033,-5.720835634757105,5.549635650078975,2.9600673403999767,0.5574706534559775,-5.825219520980993,2.640932828880756,2.796831655588636,2.008371295180264,-3.5324101859203934,-7.833658040478466,-0.5170314295626266,3.9211041201928225,5.914359892462952,5.362129455446496,-7.3597994914233,0.8350359826098851,2.302050874755922,8.093246220270311,3.8873551508920023,2.097498828795081,6.386707565370982,6.9471071966364395,6.757222510096277,4.055398843035376,6.936281214198439,4.254611437390674,5.914561565749617,5.5691302667397515,12.552297520550624
9,115,1,-22.03637307355315,-11.437737094820477,-9.691700452552519,-14.92445521692678,-15.587455764958056,-12.45095478681985,-7.932958682919515,-11.616965471403436,-14.22026964590498,-10.410329331416731,-8.517997062083603,-9.02997399405462,-13.360121236750619,-12.637187045249275,-11.698071087483411,-3.224876337173598,-8.539809107235293,-10.904521158407999,-13.356452801469242,-3.9825583307481356,-5.347279616801929,-6.974274790493724,-8.031503784538414,-5.383512624336419,2.7638221559478207,0.648944652128238,-3.0856839370680973,3.188656186026225,-1.969535833463166,4.666257027025539,-19.063543007141217,-14.530485786815621,-11.215009470169267,-10.600303583653503,-13.29464312538323,-15.199494811978818,-16.430395172227453,-12.608841397436098,-6.244243642985367,-9.91725144389926,-11.678976597037261,-13.692408922446406,-1.8588330779712985,-1.780902843796023,-8.635169241282087,-12.149288410548026,-14.588575916606143,-13.356747218998292,-8.63606230691983,-10.458870467184694,-9.903864620423805,-16.59797800448723,-1.275302433716873,-4.212145957685494,-6.939270976655432,-5.839858082550425,-1.7742926154240275,-2.1930510254531423,-3.150409689892885,-3.6453345473401493,-1.740338845297742,0.24016073470503618
9,116,5,1.4798096025635197,-1.798300703442321,-2.7960377784854757,-2.597366167482263,-0.1985819452305935,-1.4354139022847152,-10.650432477182733,2.898603443942236,1.298071700625302,-3.4386794709078012,-16.343773989234027,8.597895897129874,-1.0004516048356886,0.27043334662732577,1.991005478426814,-4.825430528618535,6.925445492441837,-0.7483988206765446,-2.3854356741336753,-0.42192745067906245,3.7907178236126233,2.7819210505624086,4.517298162381006,-2.595490336957638,-1.1723781534209379,2.608563544893093,4.517932010950841,4.218423223656759,-1.9832588880799884,-2.3523910006894377,-17.884048787195514,0.5696411464681338,-0.9758353304663103,-2.187209060779073,-2.500661641972641,2.4446044183767777,-3.031192110215385,-1.312092346355049,2.660552211083113,-17.439713792103092,2.582724449645,-6.573557580134088,-1.2365437698118908,-2.3635530848078767,7.717273360481721,2.191873004001269,-1.2371040083377096,-11.397131440360337,2.0066363534282488,2.0706962750239346,-3.4895733833176736,-16.84764907504546,-3.852239333115879,5.013420207902973,2.739698828902186,-1.5894336858267382,-1.338248477930704,2.4422548572964433,5.27014013543362,2.4726810524944303,-3.7834354162417787,-3.897294483056699
9,117,4,-2.933287143798137,0.8027659510162914,-5.879644261931476,-9.16778666780489,-3.699173466915765,-0.33671799332766694,-9.990533817278385,-5.704791833243402,-5.665210530048283,-3.080955966550391,-4.935416391232936,-4.461404129771922,-5.493924174050335,-4.560983312131678,3.045100685356686,0.39489759006054814,-2.156782818536513,-4.780221727460895,-8.158573734619447,7.006487141530842,-4.893062958942455,-4.214700382395944,-2.8713559186222355,0.28451169943777666,-0.9489591040239649,-6.995670725614192,-2.8394123730491043,-5.455517607752417,-5.363742722425516,-10.976119559604628,-4.178982815205504,-4.273168030456162,1.4733209732760904,2.0362559454174805,-6.82124403625636,-6.292496716694499,-4.631960655857878,0.21733066909833043,0.3162343507609897,-0.2834425510202605,-6.402981888800976,2.65685497599131,-3.9084374318580797,-0.12636251102496876,-5.42403504922532,-2.1517731435412375,-3.4160382681321817,2.44273813862762,-4.805964824187045,-0.034142687365913804,-4.094202309307392,13.484425364425643,5.3011040775468805,-3.881106593214522,-3.8359778874110777,-1.472053423239963,0.03373932844118671,-3.259079854591841,-3.4797621088488615,-2.5993220593734856,-1.2943744620240132,-2.7678299383288714
9,118,5,-2.5743440492760117,1.7324641162824879,-5.598746612236451,3.0527160674356266,-0.02915861637036188,4.646992953301111,4.243161161220062,-1.4073660541978867,-1.1590233166792956,-4.579719163250273,-2.2449788953654637,-2.0435671714424126,-2.6982736962779237,-1.2895728027470748,-1.1332290397002955,5.873735074760257,1.2453371380433076,-0.17573586687809095,3.071461577104722,0.5834057290141075,2.891423456870565,3.9853432586802753,0.5105557500316581,3.821864264812774,6.9410155538878415,10.382812864067622,2.535982382959378,1.4794766419544472,6.550577128442321,-5.259922251417636,3.884035615136894,4.305127598674648,1.7966265261922845,1.2856451144510115,2.035849383169013,0.049005265955290866,-4.80050060314853,4.233532342719049,0.4462204344752363,4.4378378432408745,-0.2597385023226514,-0.8440278516855211,3.648926167146915,2.1737549215805054,-1.4796143559420973,-4.4512055821648655,-2.7362384713345733,-3.8897879963837214,-4.064381073552709,0.7985820856411012,-2.785608672238776,-1.3244453979792368,5.080799622597491,1.360246246703333,2.0755299378708907,1.9293111151811195,2.445103794336319,5.226310933849251,1.9788349612471188,3.806374284166208,-1.8619669019613787,6.057236744136343
9,119,4,-6.662963635867414,-7.627796887624555,-11.50008459534587,-9.313778161058456,-6.323303845279467,-5.96380047587587,-3.8463429319643874,-4.9080599337907085,-3.881673168254695,-4.6131159665699055,-12.499191704592322,4.085396127570874,-2.2045108953309125,0.03780150737488597,0.2516782260840612,3.508853459832963,-0.663624772279547,3.85655748766915,6.633088004241535,6.011339788938441,-0.17026203900586978,6.282797450676744,5.726936880226539,7.8131167476587935,7.4387413005730725,5.84011094563175,5.479820151831785,10.83138290959092,12.666326317322874,9.401910255364957,-3.8879537164438043,-7.675649790820188,-7.463239136992429,-7.520016664048517,-6.770689451476422,-5.32415499152025,-10.362137062565942,-5.133188477228968,-4.610532708148042,-0.984628670440032,-7.2395383517666705,-9.97240611392914,-4.974975309539132,0.07432576902381097,-2.5670135601724677,1.0299142826144123,2.580233993917342,-4.729154983427509,2.8633147809929893,2.7080529511838045,4.559622845760116,-10.31655052137311,6.0201874786601755,5.166319534817153,6.863296577343487,7.406640940277676,6.741044294465299,6.658248473864574,5.359142842600351,10.4502787357253,6.1108931811390095,7.680877140291583
10,0,2,-31.986062164077676,-25.922234590134078,-22.472598366393907,-30.590979380215096,-27.146691298785193,-19.613747810354315,-10.442452288709768,-18.708983192992648,-21.456965142815573,-22.301477432977883,-14.98207740259937,-10.50637870506815,-24.73336781325136,-19.269330083915015,-15.746187650666737,-6.730681441898923,-0.22370932371037533,-17.60450838971883,-14.128272797548906,-4.3508179206174,-18.032633635984222,-10.665480772851081,-8.303528040533932,-9.660975076121886,-3.503414039624989,-6.032020641116019,2.733738258490253,1.3086451106682064,-1.6621549012460273,-4.422903183211643,-33.1496911585649,-27.706448796023516,-24.941773690101584,-27.055958253024837,-26.34498711012122,-23.722619418713556,-26.87000053716121,-20.57395028032181,-13.115331084035875,-17.446385431438447,-21.10465189146741,-17.599855288891593,-9.654848100617528,-7.714391784566431,-15.276338428304317,-19.084049764657156,-17.814345923365977,-8.894675122471758,-10.408680042619647,-16.214633243351546,-14.42998723426787,-8.531981714092554,-0.0538516566157341,-9.251013297431463,-10.923334182376367,-10.631333118781637,-4.93595376362024,-1.066035363983957,-6.487082231119729,-6.089237586935839,-5.742461717312749,-3.2209648398864204
10,1,4,-8.654995560002222,-6.633281012713092,-21.83925717987302,-16.168080505846834,-12.428457538347407,-3.90840688200168,-2.038544505976549,-5.267141836922522,-6.507761703031826,1.7282114298957427,-2.7210350950680118,-9.683672356762829,11.91264869390828,6.960812510695403,5.204826037251821,6.510467272513068,-1.5690251713187058,7.538821202793684,9.709138370537493,16.220100445354845,-7.48037258180912,10.225140102468888,10.62257417532184,7.031367799630619,0.4787659669726532,-3.6273367646769263,4.211037363124465,4.522324916304702,4.520107113886853,-6.764625593963102,-36.484503718774484,-17.44864872388723,-8.68547272718535,-28.89202029894037,-23.64077160425666,2.616223370451934,2.5621505590530513,-3.490861792310436,-11.390158584205112,-18.28231779699464,-2.3396976148573394,-5.06473667541428,-1.0499388288547535,-16.13332581425812,-9.820343821582089,5.34934397082117,2.112587878650916,2.9957501288139956,-8.462910836925966,7.567466508362884,8.639723665853278,13.607972403443075,3.1544801756149066,0.9704176318184357,9.028742743247166,13.806994613896054,5.35900120328112,3.6606703857187077,9.485527414594287,10.767341361551475,9.387811169153217,0.7935732751176123
10,2,1,-15.6547106607113,-12.722999327554838,-15.655595044741732,-24.58942183175282,-22.585993530001584,-16.293147238874344,-9.965619815008077,-22.27653439624645,-20.96592059951252,-23.4547471636679,-9.154258536992641,-5.445386331948659,-22.398446259293234,-19.37841613776982,-17.617625635679488,-1.4695122563535703,-9.90976444997529,-21.06120493065384,-16.751163421789325,-10.946968527238182,-6.972434845503152,-18.640056112332555,-23.14487390208808,-14.113344694714899,-5.66068770175959,-5.953425842859759,-12.660339675752864,-12.922607680339736,-10.998960366381747,-2.5963509702464433,-15.369190881710223,-18.807103026522,-17.83630981380348,-19.283928313224415,-18.491895659554114,-26.928779072423552,-24.392550710497847,-16.07956887036562,-4.729035807637179,-7.710840577850257,-20.214306518708064,-17.82979329848071,-5.5167803369780515,-2.8759472231322434,-9.617219336137811,-19.98500709603654,-17.779671899883496,-8.529792020949195,-5.859260861103129,-17.836573095855908,-18.607550827275233,-16.85318209412622,-0.16221116201543173,-10.071150935377089,-18.415799321038886,-22.096036769313407,-6.7885054364437005,-9.014772792880587,-16.419505339252158,-18.741162286333104,-16.809471876269626,-6.720034621667303
10,3,6,7.155230800518998,10.917393259704113,14.243247077967853,19.063489564944337,20.179379732688748,14.057219224550368,2.166534311728688,6.859302842944139,19.175989975471328,22.850970705289672,11.243050740740024,4.572674381092375,23.673034854596718,25.431779405329284,20.214471349538105,4.5420569863352105,3.5439800504856276,22.433274727133004,20.40513841153644,11.082569619845138,11.548390421562084,20.43098323849006,21.538005780090767,19.94826591105722,13.27100468145274,13.917589473810677,16.68130306440701,13.352533111763305,17.432454063488944,7.278086760927493,22.41410763986501,15.608165177652939,12.013288044938582,5.068733613620082,19.00405145091255,28.327455357444016,24.391648813718692,13.59097044460657,6.04488518216261,4.3048864567947644,12.779711083395455,13.57725668921159,3.486647292160609,-0.914586821739938,9.997781372629106,22.792325543376013,23.065780790658994,11.539585861428524,7.998156951098679,21.16399209646555,19.78775681259973,16.016712655926614,14.877051401247341,21.64212267841325,19.52793479002388,27.572535544633865,19.545557783201055,14.031002224945441,20.99716966671916,19.22226181989764,20.584790121854795,12.383413866576856
10,4,5,-21.963358791454187,-13.930776956956834,0.8477196281139805,-23.146323199315777,-6.057532232073017,4.419358944384062,8.536694593091566,-17.302032320964614,-16.21197674019127,-8.979993401276996,0.6783954282177653,-8.634544159802491,-25.672978460061824,-13.270201035093791,-9.349273488379827,2.7068194544692403,-1.6615407628620535,-12.775229763921073,-13.282956924539336,-6.441908694298298,1.6028184780237704,-14.404587991626514,-9.321600241404841,-13.805748854695654,-13.466749456813323,5.401479663917932,-2.9849244276992977,-6.04046370135052,-2.6841959549432106,-1.3542255606195632,-3.119220132689649,-14.303152100069497,3.554535633679934,19.167939983580894,-2.9400772646796436,-28.90924677829733,-14.75163740632918,4.299573592101607,-4.605078031081799,-12.288020653692755,-19.879774097262374,-1.5088148325817974,1.6939163488029254,6.456127818713603,-10.709868193251966,-21.865782886925256,-12.357193396063286,-5.207163122187298,-5.251301445560983,-11.76860108208365,-11.33002200898738,-12.01854131925034,-4.922762829515081,-6.1092924206267805,-9.127904748135222,-14.262337038486566,-14.825494743474735,-5.226853065181337,-2.9269003751517335,-5.774307440492896,-10.756136567013826,-8.104979545417484
10,5,2,12.734214607989653,12.46364740749095,19.375363369676744,22.26503121462175,27.055158284560918,20.50046127260289,5.705257618825358,15.3978888746351,23.0305592761625,22.65411349429135,14.313381256899099,6.914130100724859,27.17680689292709,24.221742094562536,14.124819845233745,6.41132979176757,3.5569464616568354,22.459916364481078,18.96698405600448,7.163638696511754,15.00691518714514,12.442367776456033,22.342046997441756,9.602087797778774,4.970473422873312,3.2969418223422027,3.642092791635817,8.05321221494275,9.38700750279354,2.578685858582215,25.753162917635592,23.81547191193919,24.0356475659078,27.580978491343558,25.270796546303664,24.5787820603426,26.090825261593604,20.64742168407069,11.51239684942497,8.128729498545884,16.819757170282397,23.864631856371453,8.028114777353663,3.360317297143543,15.304495959701688,22.910609019783934,23.146112520100033,9.970336145357928,12.938500656780395,15.583544800182947,22.323479947088885,13.446073348338643,2.930441079615819,4.312890853258642,19.035721649801953,21.327575073918187,0.9525630423662875,-0.010976684995267695,10.553032994088598,13.6952416248983,8.849063032147727,4.677187769844127
10,6,6,-0.03827092088702211,11.324189769694721,-1.0926384467506642,-3.3810670927330913,0.4780782021286844,9.80639836570907,7.56254668229419,2.0013086831583284,-6.093876695845323,-1.7064721284933941,9.890341227689595,3.930946322635,-6.543428861422512,-15.27468913866253,-12.469507756665717,0.5390885449696067,-1.7066826762222647,-10.845690407920866,-12.25111474873635,-2.3182776663168454,-4.70916693698524,0.7581692543335079,-4.1160757921000055,-6.68656770237607,-2.7931344357841663,2.82718737437049,7.277044474169972,-2.3992341201150404,6.436293975802185,8.22769149277564,2.234903338183537,4.689224338068102,11.965451161513428,8.4206254389421,2.323737906973535,6.476003698368628,5.151037523204962,9.950807588629237,6.979218082139035,1.4904409443459872,-10.789315705017257,4.814778733813975,5.843824115445522,15.470907551259174,-1.5845777041125464,-15.580053175825112,-9.72734046470737,3.8506075263295965,3.0672879752521287,0.24239214866354022,-9.934535637821591,-5.29221831757303,6.596645355585216,6.0327610318753395,0.09073998174834515,-7.062069550520047,-3.871932661581059,10.458222433197786,4.944656532303224,3.8569484733772,-1.3549239094846124,2.565126404924342
10,7,1,13.063483288398059,20.55420422272347,15.250033710106488,18.522600836881498,14.32788819811738,11.868134973934152,6.739405141663507,17.847339095638645,13.868317266217387,9.724536642136915,6.773707275733168,11.633034968703265,23.026720244119446,12.181110441650654,1.7960926809507165,3.747613401203301,11.458046902516267,10.75402404214596,7.464353278710892,-1.5403447679084983,9.03309763813528,15.790638153256685,12.053341684408672,9.04115114425431,1.713304457118418,-0.1992503764369046,9.914845731313815,5.598224615712268,4.652788742161471,-1.8290016946450995,18.85539955684415,17.64245302803395,11.097087137071737,13.46364736529749,15.55430999652641,17.53874312273636,13.290361155051643,11.643625599400302,7.912087649424991,15.726031043827998,11.895443274843977,9.222374929836384,-1.806353567145402,-1.075057456153445,13.6075652265785,14.059931794226891,6.963588362258697,1.3925878011916824,10.762821523222799,15.160104242724179,11.804629570543305,3.3079254610418563,-2.8467194953161075,14.71217679464053,10.683932066230646,10.18664476002862,5.574600874900635,9.382645574517596,12.989074741778381,8.553342182825249,11.908609748159236,4.818031688039075
10,8,6,-12.554913726703429,-19.164999116757297,5.6198796313256025,-11.829709561382682,-7.857685049473332,-6.451572939094791,-3.8682128798852626,-10.264741026830471,-16.448957708914108,-16.938567049392475,-5.308879756845714,10.878087026771253,-22.558916792727818,-14.58373087173237,-15.0850959828112,6.402985022443055,-22.241881269007546,-13.09326543164917,-12.450638876708998,-14.004550060847915,-16.68525429787796,-16.738232195490923,-17.054537761411286,-9.86022898040303,-4.6728154734606155,-13.474824113657744,-16.664750441295535,-15.996313999111694,-13.618419087933093,4.923741846419186,-8.809612975626182,-4.6390994066293,-2.3254854481655918,2.985131359681848,-2.5011789049532975,-21.7203737119122,-14.815033941143536,-7.417474320237866,9.18280920510396,7.294674546821275,-15.452495104110824,-14.701593250115746,-0.5871254979468111,-3.656220696960214,2.4443829420317957,-18.035974382172988,-14.152461461313976,-1.380975991836749,2.0613084187185975,-5.400763794654841,-13.902938736585618,-11.787803175313988,-0.5645685565726062,-26.163156395278317,-14.512487730633168,-14.413978413675865,-8.261256623255065,-19.238628487778456,-14.900798058608643,-13.132027625163062,-14.333723799160845,-11.553327792707442
10,9,5,0.41400433429119365,6.404357096106494,0.5523251363064914,3.2416198364254556,5.561002833541575,-1.4136322800115475,0.08479198886127035,-2.533887846463518,4.849614280497475,5.250620640252104,-0.38813123569210534,-3.3447190812766214,14.216528281137887,6.8154593891032595,-2.5938945360220504,-3.896931970562989,0.06787079622651038,7.343069465075644,4.217146856312797,-4.4410526200492955,10.663736824173386,4.335535575729437,6.313118809297475,1.471677394339634,5.716490434584908,-4.713026988638064,1.2338541913039336,0.3692449155865558,0.9198645996724866,-2.6047729560196755,-0.4231456702166222,1.2327312942883202,3.7076089402274586,-1.152262585283053,3.221140325682738,10.615436559172473,-0.8487864547386418,-1.5818335737851328,-5.331938583803471,-1.8481862931285145,3.8838707892814797,-3.3616929330476912,-3.289046233747062,0.838694101196669,-0.9459307067459681,14.642547989445857,4.664354859169847,-0.4944940666872558,1.8379921556064276,5.273795169443121,4.461925134980958,-4.089609678039643,0.10419057912715637,9.130775314040216,6.242324854281348,9.56117089592465,0.7308855011871813,-0.07992121404627389,4.665730432289223,4.234983901869825,3.7631239951474664,-1.799279040020958
10,10,5,-25.921006366539554,-27.424666339667844,-17.74899477970491,-35.93527703361996,-36.7895624172397,-29.629166095676595,-15.444623921782059,-22.975223056608574,-37.316084759991334,-35.97401840439657,-21.423326380914315,-6.273633662066087,-43.017355894170144,-42.14126464070342,-28.113792787964737,-13.666094598246785,-11.57735156378618,-32.079679648687176,-29.933982905454744,-16.889519383449386,-6.426057768122455,-21.4685875520837,-26.66747256050385,-21.22128620907301,-15.688970644572166,0.2629663796141378,-8.068838604794047,-5.463791943200656,-6.059893874718424,-5.902967554857817,-9.361874704862512,-22.499468006738795,-26.96860454849354,-13.169635560817829,-21.825413599451316,-40.43290462217678,-41.93901736489155,-28.79314594861212,-6.044397415956714,-13.916866524281303,-37.34354058998385,-40.78014704657766,-16.63030437330103,1.5809843824188259,-15.510354176527125,-39.30226552922552,-37.467322721713934,-20.63979978139354,-7.8447642638007276,-26.004401511126527,-32.11994741748018,-26.26267265592045,-5.2455113089370835,-13.015632144925066,-22.078894623532516,-25.875629260590898,-11.143713364241323,-3.8829093373766748,-15.078246026867765,-15.902633334669025,-13.650531503814834,-6.287249223170119
10,11,1,-1.6082822310670108,4.517766497075198,1.642064892993559,2.702875217695423,6.086826722807729,10.722753821304305,12.335050498612414,5.069684522771614,3.217792639222067,5.415923428721726,10.4803091530211,-3.2252214923501015,0.29103963580209546,-1.8177056994243725,4.778409752864162,7.157789060096376,10.117710574387036,-1.1110615265419386,-3.220627979534428,3.4806887259843196,3.531933103029318,-0.3830465402414384,-5.063157452043237,-3.8520849621088074,-3.121304597433022,6.209268537554436,-0.3538221765150578,2.3394906110550493,-0.04165026368346275,0.7501017197784849,-14.615330872602948,-0.09554405299458318,8.731614691546046,6.228979526700953,-0.7004890965252386,4.325134381561015,5.181872597077814,10.811995536509183,-8.06331163640248,2.156522642378127,4.453422480399106,8.369833783019429,6.755512347762903,7.693915787436881,0.9800081688558621,1.1066328577651856,-0.6188097338407954,5.749967879763374,-5.433616642658483,2.0963895614883636,-3.0619294788097853,2.083307434881403,1.9915602700138846,2.2545652092809263,-1.911291706946498,-15.366208192460778,-2.006414546347336,-0.21846999296146263,-2.5719621138556334,-2.0259641367351526,-6.00895837167414,0.49382388282839695
10,12,6,-12.61027440567864,-6.19642501633342,-12.806629806984121,-2.0874166459572034,-3.013113445284346,-5.812332671703537,-12.39152710652121,-14.154226588687255,-0.8371570814946088,-1.923896588407818,-5.779206305182897,-13.21624062524927,15.176218420812274,10.650959856808186,-1.2001872761175036,-8.554787785212346,-8.597648764217972,6.390222177704478,3.3982794802726772,-2.1006917635932902,-6.624122098920209,3.7556529319277274,9.801745241008154,3.6666148584790355,-3.230095738136186,-11.219813094394869,3.324927409974537,-2.2195086910434823,5.032445319030981,-6.547653874200651,-28.812113087079155,-1.9980347403665883,-6.245718320967943,-37.741062268501175,-9.350115642496727,7.224508808789457,-9.148679088165123,-6.75005557433497,-16.096830455359164,-9.177345459610677,-2.2690440398618232,-11.54462509743143,-8.894232948322038,-12.42708893825596,-8.827804437906643,11.59413233890039,-0.9825278167135842,-10.753634489578662,-12.011982728341007,4.48459434492241,6.432447946289691,-5.523553065194677,-7.171751967790292,-9.58446476091177,5.170341463577816,13.81127581545492,-1.1824063193507324,-6.333840423402737,5.56717196656618,1.5190054608804244,8.659866312655007,-3.324580009265733
10,13,6,-16.507497632012868,-20.964836279975202,-13.858593429325195,-18.380048114993816,-10.609769221054531,-12.299600959386357,-12.331320330591458,-12.48467078132601,-10.173302709738289,-4.183567659384226,-3.8200145103718794,-8.05899882656749,-22.360841961168674,4.3280083949041614,-1.1318602552864618,-2.247332831435813,-2.5601749296794183,-0.2920467933049276,3.137850269842782,6.015674900539684,2.2993281114272874,4.469582121051202,6.8656228328600735,3.687518987057887,-2.8090976304261086,0.965603076276459,4.316765014610322,1.7672158464017085,4.008225114925241,7.994981154379227,-27.628404955311535,-11.281514769102012,-10.119998521852969,-20.353823839198427,-14.580923585902624,-20.891477145799776,-12.926495857957033,-12.515642719933906,-6.978723276429238,-9.492700032776268,-15.614562315741411,-5.403171067540649,-4.912158150316741,-6.062013459971127,-7.895538429434341,-5.717953816147115,4.859022331804537,-3.5450643663260557,-7.396233264970163,-4.761183316115196,3.9991503934824553,-1.1550207480379353,2.0661756874675423,-0.3376343450792951,3.592659185603603,4.037726679288713,3.5373827916308778,-5.021240481970516,5.169243086447438,6.01339397506743,4.5185596446802,5.693301910897947
10,14,1,-2.5103868385549735,2.3464562749751368,-4.849361558796885,0.180115009578536,3.733506553681432,7.372384979946132,1.7510455328880283,-2.182529114731922,1.9423897917859427,1.0248448182452492,5.973905350922083,-2.6550803609226414,-3.3788176295404346,-1.118830774910748,6.3062900112851015,4.061964490643998,-1.5657651078455674,-1.6873402654352376,0.056269554148725365,9.559949741085493,6.610071402701844,5.960672283749574,2.9886511119491415,4.815087599861553,5.128908686016161,-4.101944376123936,5.4822817034337925,5.83344395890287,5.600207246544701,4.400665626611289,-10.416087789597308,-1.2521895903685123,3.641612011325976,-3.823007799639573,1.8262610042172427,-3.6644146667748023,4.50058900328387,7.117630060762167,-3.6296388070019536,-4.118335779938034,-1.6573929983849922,6.0063053386785645,5.68619225771598,5.296787238668467,-2.041629037797091,-3.3147298039878446,6.0278236378131895,8.787585960678394,-2.942028387835843,2.0686250792861696,-1.6755389083267684,8.466949911606381,4.215841389186296,6.501711820524824,4.362215664101445,2.0306840366343137,5.174734935664188,4.955643690828652,7.841504313028987,6.99175992589898,4.03325949818259,2.7857651470183624
10,15,5,-17.087903138477262,-20.42724606853615,-24.162545906399703,-16.54557203440132,-10.455751946230029,-7.937809886115533,-9.266197551189489,-5.873030884691129,-11.22663496524414,-12.154275851823929,-2.5239638481345947,-2.8853447598450597,-20.368818510959798,-5.19866745532831,-3.2972366133273194,-7.009642580283807,-12.720265694473659,-0.2785084221143683,2.9025958346702687,-5.989177143456773,-23.56499825872299,-0.19995229623121574,7.914923084354615,5.6875714653557745,-1.6887297890626063,1.3415645739665576,4.865240559368056,3.844245260694949,7.7304357106729285,9.380610303413796,-41.02970144961303,-14.851999630530434,-8.548309981255093,-42.967094171576484,-31.25700155418459,-16.92685687662352,-9.80519822962219,-8.389667570727266,-5.887555239353015,-8.899970357851466,-12.801576549039654,-3.468227688677428,-11.173274658256906,-5.139257274134717,-12.68046825887954,-8.95053048315458,-1.0300382777037698,-4.6464967448945815,-7.317396411376935,-7.649875777713221,6.376087267633256,-0.6247050993899785,-2.6303196491378307,3.9922653844852642,4.754322890646572,9.2552734157752,0.7446764118106269,5.441866684920815,-0.059357464591769826,8.360215256257524,4.8904469144735,3.6166759924963117
10,16,2,-15.3349309451083,-14.248044174834622,-24.091850288041922,-18.369580233015306,-25.492824815304527,-22.66472166626738,-21.01113969694097,-6.315894481669203,-19.115674543643095,-23.80159314303864,-15.27461204387066,-5.882273960086266,-8.308209296474914,-11.42866471871484,-16.77723652173243,-13.364692360208158,13.482509130394433,-10.665270247618759,-14.282602389093213,-13.120184294737463,-6.0356104643163615,0.5655897501856089,-8.26203574403757,-10.57812008722799,-1.0152402363672124,4.373136233311241,-2.423296334676264,-6.294281595863584,-7.082485813312461,-11.577193586144409,-27.511911050268868,-24.63806243965449,-24.195328475135135,-35.211416896932384,-28.406509717244933,-13.114457291619082,-20.235852787816306,-22.170624111483747,-1.120157240299371,-5.832692968272944,-16.93609310098265,-24.28127494563417,-17.535897205166357,-11.194866462800901,-4.15505918905866,-9.325761963902949,-20.714839781344885,-20.282447435075373,-5.874529254401286,-4.950702735291021,-11.302587358122013,-14.088773632016771,-12.621517728628001,10.057244127332352,-7.899749424581119,-5.785266468471778,-3.2394897527652,15.573333186392743,-3.48560502818536,-10.062862162364691,-5.655364249719352,-3.170980290782342
10,17,4,-2.586034065884789,-6.580359296464338,7.391846875682831,0.1398858144856644,-15.115944893008514,-13.10914789705833,-10.835008606638349,-3.2790485438692025,-13.351869945366099,-15.830340938188321,-10.403132084030197,-3.416734208932099,-25.114178927300124,-16.36796267594143,-12.36157626095342,-11.425001031247804,-4.920106418203658,-10.146731451494478,-14.384048846590028,-12.654282825294787,-8.139874550432639,-9.421225387512187,-7.227519571213282,-18.18462952744308,-10.026317871857154,0.10993167518342808,-5.743374062929208,-8.85784288868308,-12.05413480402855,-6.731920122969658,13.088521115197919,-6.248851950121363,-10.980645961060027,4.127603425167321,-0.9696632030579025,-21.806885190364895,-17.715843737114035,-13.520646713412837,4.150013013180667,0.38051638561414486,-11.567887407753098,-14.435654751434015,-13.48880459720315,3.208159924660833,-6.708043835529056,-17.30336225925513,-11.511007272828627,-11.889537404768356,-11.324954723984721,-13.976778597321086,-11.53064795835626,-14.051274645392128,-13.166617472360771,-11.720641221396816,-8.519085616055063,-16.38040606590079,-11.224424050530278,-5.7424442480522675,-8.581236408750819,-7.346255743330939,-16.17716921893481,-8.986692500096286
10,18,2,8.499816757331532,18.85894387176583,-0.7630470892777901,13.18253866371289,6.078850327105052,6.772338649019505,9.047074649062727,7.380487778746501,7.101828323847543,7.202994107972924,10.141032467130572,3.1372853089691835,16.859063368699527,7.079306364332034,5.10433758729955,6.916881323405877,5.097080633453118,1.7627205590933281,0.6247192828847887,3.0226373503484365,-5.794460552980238,1.1116018775487087,-2.4025644290136037,-3.240928446101698,-8.063265905556523,1.7420760861075495,-1.421871675462344,-3.6130613244888323,-5.929100124579971,-2.70407522356183,9.317055885748172,9.886860108116595,6.091514925813161,1.4174291565105666,4.788688145759634,8.862296069994938,11.518053576137264,6.275219864393702,3.2414443392275323,6.37400631926863,8.065013678585437,6.6064429350038285,8.241321035382548,5.859653890456597,6.9618266285283505,6.861990893279516,3.890317217764875,5.305303965059179,1.3172811190484146,1.8459545793920418,-0.8510883214043039,1.2568532721843675,2.8587803809744563,0.5154823249251348,-1.5499387904093012,-0.7493473483113235,1.619248214870598,-4.179602014843564,-2.116647853777269,-4.4205379584213516,-5.893110474753312,-4.135979735860367
10,19,4,-8.536076876243987,-4.139320541951219,-20.407601869914963,-7.630845631898669,-11.590837220065058,-10.450783007392072,-13.652265009879159,-11.583643428208987,-14.211046991915229,-7.033410182222724,-10.862569554413598,-13.137516004930642,-12.961541910951096,-5.985833000141862,-10.85965692635807,-8.133926583840173,-11.627206246527592,-5.959763337517298,-8.550773400600386,-7.979368969230215,-3.2434375705140663,-1.7483540443737615,-4.002912213384151,-8.371244415663542,-0.2727428524720867,6.652556884431896,4.919039563048724,0.3605878447216543,-0.8941283527670834,-1.9013922721283834,-28.76602031254186,-16.00848371635487,-14.991071289836825,-25.177838871459937,-22.470513985060702,-4.462707709895853,-5.470466404062947,-9.223943605235341,-8.452148296021308,-9.593132365040669,-14.676892221519143,-12.743727912660688,-9.522570039251418,-12.05939857089301,-10.38203147358102,-3.1171847676585713,-15.574898291725619,-10.649184159911803,-10.261996856901982,-6.017036482203393,-6.434686817137931,-10.628445058708964,-0.8508288228725333,11.985664003346928,-5.105141190931248,-3.1162513527201416,-4.445400466568901,18.521323443379064,-4.261513178214072,-6.647819496165227,-4.506561703031615,-2.816203690978355
10,20,1,-14.882831143987625,-16.10173273705537,5.494163765276711,-7.076379876583815,-3.5787629871969915,4.919464279783937,9.131550739383007,-12.918312494586244,-9.036189106997195,-3.360198100483638,5.787245784942968,-0.7085848199714702,-8.733169231166292,-4.981751905799639,6.188711774217466,10.347192436008056,-20.81084359514459,-7.711542404688348,-1.9739372417467047,6.95481885298405,-10.443947220266583,-11.3397565074265,-10.743237033520439,-0.6052011913313298,5.275560261329589,-9.399166840333038,-11.626079864618251,-6.506905447509954,-4.25832686573267,-0.8212781035136894,-5.965560445948166,-7.069445703814667,-3.910550983804395,-0.6183641743732665,1.5897924309460112,-11.963984398421175,-5.248272990081006,5.436718619610302,4.872037788395905,-1.5170753575498002,-7.656515176595396,-0.5154718659454725,9.53632254561512,5.8374338403923405,-8.71252478206269,-10.229558103649715,-2.854088609901869,10.362590636194849,-7.210552798463426,-8.213458293776322,-7.190936679951847,5.9061678989858475,5.7752163122044635,-15.167483933906,-8.74242983572185,-7.64818093998403,2.7941100369775427,-16.818206200149003,-11.363039755466872,-8.93020199093877,-7.869679547482869,-0.875326361370886
10,21,3,-7.510716293325146,-12.477624477012226,6.7760689842905855,3.3850955577771646,6.210121303887631,1.5378076327828367,0.8568680421619612,8.243742455989576,15.780482746852005,12.140312906854394,4.301889616837043,10.888442634400441,16.227862726079255,13.43741290780103,18.13180955859446,8.35052978155833,26.305217799253573,23.345727939919637,19.417515183864275,12.914101464037854,12.300053642517543,21.606736316368355,17.675737538579387,14.68074867121375,-2.2091004313764753,6.1570240822052815,10.218490253066324,10.520096067634482,6.764579983382692,-2.172987608784223,-5.127954285955287,1.5986811448933502,-1.086637714559713,3.629165065117043,5.736082127090636,7.106565758239524,3.050321211197938,2.3964407516461677,7.5415127452962665,3.5621961224653815,13.69839645517853,14.170175772023994,2.953489288343429,-1.3855870104985448,10.719455272731622,16.938588018052094,19.349711257805367,9.310241036719027,9.740808551194053,23.399270724777775,19.995843312492966,18.2364004311129,2.442779343575239,26.662036794805662,21.258897517373367,14.714963197889855,13.30272398398416,17.13694016764895,18.893031934003645,11.358274367206342,7.774016033585482,4.058107902437856
10,22,5,-5.57241464549784,-3.35981557112777,9.229095044659404,2.8658758798023545,4.846217412138133,6.885512870213972,3.1067942048809147,2.1436931576534386,-0.917446859816951,3.761941314833919,-0.07882987810071818,10.592391911439785,8.958713964286556,8.223119020831156,-2.474109207166406,4.28722481461378,-7.311943073677494,3.284087842830072,-1.5865428879311896,-10.183946007797378,3.806535893188013,-3.6542941933361464,-2.910898442754929,-5.662087712459627,-14.307457741804235,-15.307977087614008,-20.034359893693438,-13.942353682865084,-16.712934712811215,-7.765923961923207,-11.377872977542076,2.856587113982928,-1.9265284453655016,7.470476636753942,0.9164922493339567,0.7672439575558769,4.0349160111168505,5.894173540992708,13.819080210677003,6.775395226074242,3.8954826719014024,0.3803092948638067,5.105207815703865,-3.706324601807154,6.534269910403698,2.581942130891015,1.105464337575365,-3.353825421242905,6.169927195100704,0.2256357670738951,2.367949815285276,-4.948920098474108,-1.985808713244495,-6.3700410168754305,-3.0598520456881393,3.1306564994837798,-9.992380656263645,-21.148130668917812,-6.727235292311663,-10.261916173167714,-10.636765160680211,-9.556037142509362
10,23,5,5.011593840959506,-0.23766530321899637,22.40073065278007,18.215085745312084,7.991784395082153,6.922025760249574,9.79352676704889,2.8426592943553866,8.364615573184334,1.1745492971921765,4.6837851630932645,7.947354747209605,-3.6401032127110646,-7.9883908988544485,-1.8536185433189445,3.0368038676224822,-3.2886881542437454,-8.712844060915641,-8.25947748908274,-5.645742209264778,-1.9113688884961628,-5.600224569167311,-15.705541139695699,-9.248725350310165,-2.7770446030104994,-7.6496196018032165,-1.0253711389150533,-6.795102531680978,-5.961363342749628,-5.138014979399287,10.728010625305883,14.953642470898428,10.520499607991063,19.01176108538015,13.372149459211297,14.721521934891888,18.311384211317076,6.897745756545988,18.238137510219005,9.555931725039532,11.895653949528024,8.64127830570427,2.841441633577301,-3.2366192488016847,10.653837359987385,-0.8777897853131695,-4.587153177390376,1.725470741688298,-0.08012814742581556,-2.512446896332065,-13.01954479860825,-6.523984646947099,-0.1913161655297379,-6.955636561098627,-12.695287547823861,-11.782942990675894,-10.736650209147026,-12.247917917443488,-8.839044635070533,-13.026573535037874,-12.034388653752275,-3.8077148190903936
10,24,2,6.552745787608557,2.349109216485309,9.800769745349507,-1.3570013202545124,4.264285396220208,3.407684043492762,6.990900113474483,3.9675048216950293,-0.4984875331155769,-4.378010476766178,0.1923058346913355,3.0714112546567467,-2.674640482745885,-10.40647288425485,-12.202765582492807,0.4951398313420299,-12.753378070527454,-12.19861404032151,-11.833597841445451,-8.947481036419049,-10.813563941410047,-13.325793264320168,-11.815395817206044,-17.724939414141016,-10.356558460975066,-6.29037583940776,-8.457973353417088,-8.78296783463121,-9.926727953588403,-3.8346020076537473,1.8520566678446948,1.564652847904119,7.380845689373775,3.1966673210263257,1.3990376607583017,8.851901754873202,1.9173940475291853,4.574878106825054,5.998465852085047,4.861355893196048,-2.8599735475713155,-2.0544690422304877,2.5311295818423916,4.445811050966742,-2.423471936819755,-10.378880062344958,-5.4810078190696405,-2.4328799872636444,-0.24535740614391766,-7.314838198036317,-12.37733947458427,-11.77785121129326,-7.301099926892023,-9.379694484310537,-11.49121222363376,-15.050836140335326,-11.614664425834919,-12.48204962297047,-12.270874715058085,-11.448119441388034,-12.250707882459324,-7.556479560892761
10,25,2,-2.848495010048058,-4.271131793042738,10.29430588084932,1.8657461644672777,-0.252424815215351,-5.872251710625191,-7.162291246466339,9.652725040640043,2.904546920937009,-3.8465087614987596,-2.984310261888156,8.7057732350545,-4.108201290475111,2.0403236584278632,-3.650830631686672,-6.167334028201679,6.896429842565114,4.300829883869283,0.9916094964960742,-4.779357221045691,16.20753415680218,9.22667019722257,3.0003822595704475,7.586865196981257,7.738833147305542,1.078513938252155,11.568725909776525,12.18514249025185,13.737460507511555,7.003606798536168,4.934048315328428,4.160986129645963,-5.637039379830042,2.553725135240069,7.149356462867794,-4.404448515099544,-6.8713533884686635,-5.7179642872282885,7.2642886464643075,9.005154151106018,8.283434596773029,-10.085587637521693,-3.6073415231232246,-2.5492368715747102,6.002290924585129,-1.5853778659593218,-0.784091477567705,-2.0386322154322767,11.940922063570932,6.441810429550525,2.671419028840142,-0.13666088687165112,-4.614089609873366,18.552625382977833,9.270359291570122,5.731590359312728,8.142857446162052,16.834432520381196,15.43466849725058,10.906458710068302,11.531655156331857,10.230828487064418
10,26,2,-12.304724327015988,-17.789199253589636,-9.799173059032817,-14.781356576784725,-10.757540164106501,-6.71640971953776,-6.7053137041015045,-12.330011388170533,-9.015927335383688,-6.58331055289543,-2.1563998030771216,-2.2748201218229247,10.454808003655288,4.126062855612846,1.936241793761412,4.081236780428033,1.7584218372329596,3.763520412056182,10.422797420204105,11.314065850407982,4.288228475908961,6.934823723214608,11.306717725606962,10.277142487719745,3.7369982074593366,5.031848679750969,5.221420863859088,7.699948034453678,6.889579918042467,-0.9831629628713083,-13.233611002291852,-10.006140139317374,-11.625199053936248,-7.784813773636587,-13.717002183494229,-11.419098711958743,-15.552355321851095,-4.834566890307497,-4.501424331536016,-6.680668830439995,-7.522970325120431,-10.890063898774184,-0.39512855984361367,-7.951646452159166,-4.297001383108336,3.2207088216503243,-0.6717420065116784,4.795309927814258,1.3028900078497827,1.8985708889256134,8.132691380499695,10.950439011814398,2.299398319293158,0.33439197500304785,8.359488770320294,12.3289585453657,4.885277874313483,0.4280760866112811,8.807454823479409,9.563651911005753,9.14425054410326,2.46625911085526
10,27,5,1.9296656324778045,-6.5119410123471635,7.471392676739665,15.542971893866762,8.508393167865904,10.32490928334796,12.584769793808833,-0.7974789511645214,11.457106437068433,4.009397067583909,6.521626406053941,2.9030449900353092,0.8540607083634284,4.532880519221465,5.140369616994037,6.476716124486727,11.490078554125267,8.294004213564643,7.453478275656294,7.4067256938064086,14.113850082429805,8.87745559445537,11.06266579348822,5.784469953309406,13.390470713643893,-3.3095677649664745,4.757821493929753,9.444171828632362,8.079766085166938,9.917737252328818,1.9484467361258673,11.314623812054545,11.810079380392837,11.398482305202167,11.29181073855881,10.89166399809283,9.029725310284787,10.226108670325528,2.372683716114474,2.510692276628461,4.765155664213551,17.748405305100842,9.476943900818275,12.320326082696626,6.141229348368626,2.5269922847496105,6.591697397255673,7.512534046727351,6.120504199777069,7.203657361707172,7.952716778361857,6.6400536720345595,8.195228179757727,13.913217109616657,11.398994656344994,3.965518561759732,10.508536835746256,5.1870310558783475,11.122286394794989,11.596248285640495,9.230656574639232,8.958710415544353
10,28,6,4.280259118847,-17.167125932633784,-1.7955769476049195,7.628912081044716,5.403697452650956,3.4150112550364904,-5.429349448594335,4.4221031229180605,8.315782120655761,7.730565606786798,-3.9744810213153134,2.9662626282107563,26.863964774259696,19.604960883575743,5.803138819500446,-5.6860519755779295,-0.958616304642907,18.46520845732857,12.509908773141303,-2.3335635668666277,-3.983527643997903,16.15579146419356,20.253244126170145,5.771370280329592,3.1053379005411768,0.36550418976069726,3.807742991666424,5.559999177402748,1.962679831447396,-4.086065408796431,-15.322617313529294,5.670959051471299,1.0042460290885482,-32.61811197140231,0.34835136870331146,13.125107544383457,14.299691983078391,3.537249507904961,6.5194823281674745,1.5884344655304863,17.600578174403886,11.775121034452372,-7.277809434025213,-12.535711711613322,5.127161194729375,17.426576099199497,11.479333527567915,0.20929710936296714,11.695501536176328,15.441886867089874,17.05405365405376,4.634421619853551,-3.5213424694020174,-5.325576395494863,17.882823844144987,15.416304988514,0.48600890950822184,0.5487984194670132,14.668828192871159,13.687409263513075,10.227284277971021,-4.025399017170431
10,29,1,12.497731859659453,9.871360170257443,7.075706042031328,4.948432398392118,7.509291601821591,-0.06521437281747122,-3.875631359110518,7.9077503265494915,7.399858198906629,5.644857873095247,2.0485595906062457,3.0019789084241335,8.344108043539501,3.306451627166894,7.320645907325193,3.8832531939828536,5.777034016098922,9.773370120220072,10.868201716814376,14.080432321785436,5.965332396385236,10.770036396576186,13.624412844002968,13.343942696546645,6.317210403174477,1.3956829448366856,6.388815016911659,4.796324033437798,5.526676167242753,-3.4487834291010158,5.417509549638119,6.514436154603599,0.9897391025613016,-4.888888783900568,11.082204661718226,24.2780045292045,14.925828907820515,-0.13519766454289625,6.930202060271196,7.488566443517163,17.596209167360836,5.207282486357498,2.380228466626892,-7.608530797740086,10.073751241604727,4.756568773138541,2.4448426921920094,9.210268418327336,8.810006035196524,11.034918668884323,9.073688160190816,17.26945329584726,7.54566408082752,11.198526575139205,12.196108756450613,13.849715289722267,7.537565010440791,9.110471200107074,10.758291071371694,10.991152344135251,14.899661183675242,4.362671920098364
10,30,4,33.154645950965026,15.219914531812261,16.410290152958893,13.67719410575654,8.967265694583885,4.027318480259897,3.864612478149554,9.147577161287398,1.762057363049969,1.764366372380543,-3.7481433185947526,3.6630109429157858,-5.748104570706081,-5.573428773485894,-9.764470904997387,-8.373662247049914,-18.388080564157168,-12.896317010095178,-11.21284748449149,-17.068536027720782,-17.032538911123297,-14.931064549129362,-14.600922264043732,-15.316690343545703,-9.735846690220264,-18.11865735862677,-11.819834844691952,-11.80570699432411,-13.30201167249824,-11.915505210800863,13.56887320285982,14.585938099504844,10.76595874335163,-19.5633702234524,9.650093162131332,10.057672244167275,8.943750749546581,4.43480284370428,3.0594379664285176,15.127855097375273,8.697074016510719,-1.8409328761215265,-9.5525208056859,-12.80966870504909,1.9953045631679358,-5.852789931958995,-6.174805027100527,-13.03692581520483,-6.3469190872536965,-11.756494449539577,-13.471564064756407,-14.058671977230789,-14.151338475324751,-21.321802657143014,-14.664778553176577,-13.88754751276588,-13.911616873541263,-15.58289209637712,-15.73733047997898,-12.384757882801862,-15.664059092429838,-15.379893908231733
10,31,4,-6.401581336363649,-36.69199723057541,9.59372192661266,10.499163915454291,13.216075739709707,1.9233490996312625,3.6834518675431145,16.3483639137263,16.034521705789004,9.073095066098087,-2.311764623242908,-1.9764673668243806,18.574248774811952,11.32042089444813,8.217721961718333,-4.3784982458938195,14.44003754700874,6.159799819460091,7.406483584689115,4.3473578795290955,-17.57842130159459,1.85469231629608,-0.35037969808071523,-0.26986885547251765,-9.932924861224688,-4.021142401573498,-4.782659386330078,-3.3308192809543984,-4.662975774169327,-6.653690335034147,-65.35071772559564,9.765074484550007,0.20970421553044277,-7.398121272906566,13.213475363896924,23.36471604692136,19.098707747691105,2.5107764144308815,9.905655172221906,-3.3054795077116017,21.204926403966272,-8.535764671248819,-4.94758316129446,-7.377511887129662,1.9943535779034958,17.128107580839004,7.663754565419816,-1.5628455251955053,-4.501827897538047,6.5485101595986634,4.973557945851958,4.480400866664884,-9.062216681905278,-5.214441127075654,-0.8885067087348272,4.798243645993179,-5.275900636481622,-7.683641005398299,-3.4099895373531965,-4.362847380340099,-2.7986507938220746,-5.877424341751398
10,32,2,-12.664041872795037,13.48133703917917,-18.047249272965434,-19.614902404205097,-19.504002215096538,-9.664512442879193,-5.558377968138877,-7.461454619403661,-18.173340620518456,-13.711812012738033,-6.353719836674492,-6.665214459991035,-33.5594212874407,-13.416256080926743,-5.077211705416942,-2.199278346183369,-7.3234952820873795,-5.612636708313734,-3.434455463941006,-2.2330084257622866,-5.7900776844130935,1.2339840899108019,1.8004827118683138,2.708275785919553,0.28474419959253,6.074527103323259,2.66826430404922,2.6165356653083753,3.134011251556618,0.11786233184563863,-15.622170201957037,-15.737951695873615,-12.089173740412038,0.4542860431914657,-22.64822171157986,-28.3078459506718,-21.65113789492808,-9.042179356079275,-10.681321119423956,-9.648243783257627,-15.389695012215057,-11.84425166067553,-1.9862158591518322,-6.666688306450205,-6.808886708010255,-17.185342030145417,-9.446094820593917,-1.0598909144414728,-5.992152926761928,-8.937420236927073,-5.204748854779342,-3.812287331263463,-0.43564185774998626,-2.196067433951924,1.0801352065329148,-1.286446077135822,5.906262631499686,6.953123908319581,6.520773638868937,5.5858301839666336,4.336353200340143,2.826517121141235
10,33,4,-16.734010688358595,-13.916347270169878,-14.938735584444485,-8.154707915444929,-19.80790996645214,-9.463960090175084,-6.2545298110976235,-3.210833974682341,-10.255883934510106,-6.6490266695050755,-0.18984590683177927,-1.053851567276912,16.442563979928362,16.377188188864338,6.019177069789207,0.9961398071723018,17.244373325167643,18.584695586707536,14.419852892436625,11.228550930621056,3.0621715628701036,22.470513959347123,23.00864456266891,18.933267949694173,14.040550686964183,4.998132704280134,13.854048929154503,8.439964371392643,12.495128119864109,-1.4217664745704433,-22.011227306364695,-11.578063780918905,-15.598795612166613,-16.80665063131146,-16.90616689240788,-14.266372449241768,-9.752929177260167,-10.374567456679738,0.47014398349551273,1.488724899455541,-7.944940453088595,-1.7904219102034924,-1.4370418824255464,-1.528424139214089,6.870823467323532,9.766846637748378,-2.7924290726915357,6.010793636621137,12.87472163835859,19.74189559461139,18.414178186436974,15.131623857631908,5.64305420512924,22.900916596193145,17.87731442391509,22.64614067885388,17.896239387916356,16.09874301040317,17.84673204300244,16.153047318229593,16.825487603592432,5.77790094494093
10,34,2,-1.9669891723954083,-10.508259591169466,3.742977824788994,4.924408557938365,12.466539028032518,8.142429265948921,7.683023354084021,16.65227523941274,20.992053455332435,23.11983241717807,5.922373103437851,0.13180077270173043,22.882935610304532,24.232606345197045,17.772007859834446,3.780694405889003,19.05207416315268,27.7175901777497,26.313067738966232,14.34234238620962,0.43830519296773596,24.429919599987016,32.64151122314264,23.56663339348828,5.905009875653264,7.451267481531678,18.612330150495218,17.145162079301546,16.37462301197939,0.44158636058521694,-9.909715343607449,3.319793546901697,5.675675358804992,-1.0366321159753864,2.423471876601802,20.11140021465424,12.884399852829008,8.20757332983109,-1.2758799733412334,2.974200358296314,16.661493872360488,12.842805854067576,2.5618101924476093,-2.928500460869656,6.524103978273983,28.399122959900094,26.401081252025396,8.51562907438293,6.071368813014974,24.078076785793765,28.15871691503902,20.85030414920482,6.497532400870464,18.96385389557336,29.35335994193829,28.443713827104116,15.77510314895886,21.796747311222838,26.047571362155246,26.093369665396644,24.957385899090198,15.434001662109674
10,35,3,15.851227457004764,8.703144825131794,10.918214333096024,14.123430120310092,14.927200936417025,9.038856116316575,8.544134005041023,16.296589739620686,19.690061602923198,14.223353569736563,6.7758619197439875,4.37527331943828,16.18635627227586,17.95558988843568,15.897197619080544,7.885628569780324,3.1740192432047394,13.570417066627158,18.116849979249434,11.64742245961253,0.11939935849570602,13.899268213704946,11.68665861138483,10.4809618116152,-4.084212522885604,2.411340702506828,7.067821042385047,5.874564361644956,3.8329948631637727,4.274570754149976,24.770722728006824,15.167733229844389,9.48055133930544,9.913838533730036,17.981105036942708,17.811180680717637,11.007715612076364,8.802320851467364,3.8477650110087374,7.084535210438797,15.148927523232087,17.151320652263916,7.989359524160646,7.274574065308379,8.103989902792906,18.74935596949626,19.53761301244177,11.740510229839058,0.034375815856747705,14.829393460983175,15.199708859277218,13.280809221016913,2.318846111572002,4.132512728819945,12.120801943604178,12.511294882199381,6.633417850223987,9.112548636207238,10.755497855929338,11.792814176257068,7.58257690751244,4.586802290406125
10,36,4,0.1470586684005042,6.0488927192281805,3.441343995038326,-6.933549828145925,-9.767601072106778,-5.962956834652622,-0.2490489949903846,-12.694736450944639,-18.17262465652169,-15.692423686998467,-7.963777788074281,-8.085566779825744,-21.25986932567889,-20.37327515329348,-17.487351397006982,-5.378080590310076,-8.3666790151378,-17.563198558986187,-21.050460008151887,-19.323631144151467,-8.049917106471234,-9.727407124677182,-12.424751914469763,-12.11600138319135,-4.831145500224759,-4.817007007270412,3.294225677030116,5.697839311062836,3.456812395907302,0.7213230018344954,6.808090174002807,-2.396882942832278,-5.179524914611406,1.5349616275237121,6.1406784292946455,-14.247808844986842,-1.998252377050315,-5.808974544801634,3.095371867598191,-0.6422229731773466,-9.784048551602698,-22.599205629036916,-2.6497183176404917,2.5288240632224017,-8.660666424145061,-20.91529748934071,-17.913946646015805,-11.230361706395515,-8.405676403835345,-13.281409363603077,-17.644614663838247,-16.802270998752373,-7.6865255333392435,-7.227509172905875,-10.12294634874547,-13.309184380591198,-8.814209933051982,0.536130376432725,-1.624582275929978,-2.8779755260613626,-3.3684971333799414,0.42643021247718627
10,37,6,-11.545790004521242,-14.749352899811623,-4.771780959296426,-18.10058157130076,-11.660553780148689,-10.825796958723494,-15.157212776041078,5.376876902993673,-8.6798615503954,-3.213648231503078,-6.439620773716853,0.03949915853942364,7.4104313126338495,14.522643323698105,8.05215950362475,-4.6786266304552555,13.157262080065093,10.732604155998395,14.20779396136429,13.643271012254429,-3.26421890360099,14.26908855655842,12.898103188053248,10.532058786555407,3.837493686766435,6.8589659895941075,7.60690949398389,0.6015236475618501,3.17828288953183,-1.9073473306134257,-3.5657614618653377,-15.681124282092226,-13.28098482484135,-20.811183879390452,-13.984653123654425,-6.498164054665076,-5.516741649770155,-11.570862969576678,-7.126410010614338,-3.3595592775949976,-12.372903875188856,-36.285390234711336,-9.080271269580944,-9.80631069421042,3.4459269618297546,9.535262657874613,5.182634076103568,0.5927577559927073,3.750705003215955,10.470971205033267,12.0517100247032,8.758487869996765,2.978256971943024,4.691912238917696,12.751967601409946,11.350768211615717,13.09783439990133,9.508417571676196,10.047467425829037,9.01675185929167,12.457867849663618,2.1714927426811954
10,38,2,-2.50228069515376,-2.7895831887314944,5.622150070851716,1.9571177750462425,2.4280617752725724,1.0348809099778877,1.0006596745877767,1.9318377385597427,-3.8954544737480803,-1.6737525713879868,1.1142512863819958,9.126216800474538,2.975786546926676,2.971480693940714,-3.884709493188961,1.282719339198636,-2.1733596087092644,0.31207703717234514,0.8829517565360997,-5.444133566965057,-7.1816830105352665,-1.5406851206747152,4.048748927077326,-0.6824307812991106,5.262906164294337,-0.8508358137034691,-0.786768989506882,5.63738688644839,6.425576985722814,-0.08467613596741663,1.5098887523863345,3.214746593702132,0.04284338803007515,-7.430900344397965,1.6323761496602076,-2.602309464363428,-1.0068568156168927,1.6333129941145068,7.5111795483702215,9.429110510070334,3.23031675235209,-5.680574235847083,-2.795510147266635,-2.577411978255684,2.0531742096674175,-1.7350368419940347,-1.2264603564470316,0.532126361867642,9.634168577085179,-1.4608270541605812,2.3602858611110014,-0.7227232084132544,-4.955559405884369,-2.518131690559816,1.6881964680988646,6.864450678888077,-2.3534181280197926,-18.126988069767627,3.8659741352425825,4.890320613821283,2.35109186520028,-0.4047892250847537
10,39,5,-8.658834564760788,-10.968121738945388,-2.579345500840602,6.575516754761338,8.302945599323373,7.112766444365064,3.597063272123838,-0.06968149689605291,9.626023870143227,12.830284986554128,8.650823189493652,5.868823339163166,4.444491564375689,13.874675956259411,7.474147335512611,8.124764227649058,-4.42799500215844,11.282676265325126,16.142403911980917,6.0640206438483535,1.5148191147529297,0.23997424770055825,9.058444360043948,7.4680097252187325,11.125616630948173,-0.6778339665928277,-0.7808700259093494,3.126238486888568,1.3094310189892597,5.876157485300722,-11.07202117703855,5.2087492738827725,7.64879854863918,-2.8875028471030815,-1.4465973562470111,0.25736918745607834,9.021191022381547,7.394885834351905,1.429532318197832,0.24188320097945054,4.6995027254267425,17.458165824277003,8.733649954881246,-1.595561463401438,0.9409161318411554,9.505606736442667,16.840868366927626,11.384164928117908,-1.8567802557358286,3.654610005548089,13.750528661034462,8.082099699029104,9.42822625218868,-9.038129590485791,3.6090189439994167,4.967581776924793,5.668141119684688,-13.096907931357258,-1.2485155479119312,3.2842876426194163,3.5792611029862247,6.34449764084434
10,40,4,-2.216108292386664,-1.8369324564161476,5.091795801843813,0.4638450703606366,4.77564813764539,4.8283277109219895,1.7003416572867842,-2.805935853433498,3.1772302460016277,7.977403913919885,1.3184987636419334,-3.172875290117568,-3.433560636973509,-1.5203388887116827,-2.1755107562171228,-4.950667708657865,17.08877680927697,-9.531223672192269,-6.424875220329293,-8.052012117079844,-5.616398539791653,-12.365875077340192,-12.516797317986983,-10.168091718698061,-14.057805130303626,-13.804647002925677,-16.157475943350605,-14.220360332463938,-13.165382285693243,-9.845876510908106,3.2123323247949713,2.927352979949605,5.391274955418964,13.824712395577176,3.363426476628973,7.939210047877228,2.7264988551643214,4.691940388119804,-3.9046345208885085,-2.2987245758086803,-4.224624738108551,-0.20944462738158748,-3.2521578193835277,-3.4699436826915364,-7.506256142642536,-1.2192631883592142,1.3462456996075634,-3.969438290995794,-3.98143263489133,-7.406367744633601,-7.783539797292976,-6.308627063953655,-5.030911813410593,-20.34100481507755,-12.18718131754275,-9.674046757381133,-11.591953126131557,-20.175719825687214,-15.53130724058463,-14.673446183581277,-12.046604091031826,-13.499472390383294
10,41,2,7.344350319361407,2.897837386807289,4.155217030698933,11.915842101068757,10.840019573934558,2.550868547314254,0.8409961118226552,0.504147763659316,12.413101471949187,12.484225311725423,-2.1918107933001356,-2.556851775726169,20.33195469319457,12.43098409662432,1.9078315928714673,-3.201987276569283,-6.666344392431399,11.05032394104069,9.82035094451886,-5.569526561104308,-11.363762594305163,6.569649348580614,9.890309585939821,2.6944532646320587,-4.46531157507902,-4.940561244093881,3.455303466174658,2.3580786021562643,0.9212542960374841,-1.2260392250084287,5.414425020265144,9.547741353648103,6.659529626096893,4.092785485315976,6.865840370675958,22.859501545396967,14.593451181926374,2.56570880101403,1.3962233116759397,-3.0800894036798225,9.724494499407095,10.532409646536973,-2.685666201590764,-3.876280482199677,3.7557897580469537,15.45349517347086,4.487250835066888,-1.326018940521085,-2.6712610776786043,9.336654535040447,10.236064074356563,6.901693690514973,-2.8869870258722354,-4.1791355275526305,9.668751424257982,10.403177487266413,-3.1558805077632015,-6.828822282165651,3.2684544069556196,7.780732546274261,4.314035030490743,-2.8300790087115484
10,42,2,-26.193142137263063,-15.631013175563472,-11.462815912894719,-12.196568375748653,-9.60638312844378,-0.287474273999291,5.67093096401865,-10.092367349328791,-11.725220681804162,-8.865619113714228,2.780262827617687,-7.860846828396725,-13.439535779530672,-2.91581475752883,-1.7526843164388732,-0.8733717104783513,-7.477140491692037,6.01609957396485,1.9331993151728661,-0.10364676166961939,1.4217736196658806,6.409810395593325,8.552885984201206,4.424120951778949,7.693361403002102,8.899015805434166,12.952572359385474,12.073298264107452,11.745138825757845,11.110579870629866,-26.461828336414936,-8.32937296940491,-6.2843752650135185,-10.021306715746665,-16.802544687579317,-13.101894408549617,-12.525703494005453,-1.0308911079404555,-4.496858913286748,-11.134231532740385,-13.787841640526382,0.977035914979328,5.554875845203129,9.776770556618162,-13.34207581306195,-4.67659483927234,0.7911975713355899,0.6005515283564236,-4.543808005318593,-2.1619829647243023,4.284852682635546,-1.828264823910303,1.6611618172922529,3.4969746071572714,8.373104276388263,5.323088415603082,9.208713823520554,8.033557475885242,12.48302176297733,11.175737840220016,11.515902488083555,7.97515780860331
10,43,4,10.3403320185295,-0.6582387255550171,3.3406730147260357,1.6868453179713256,4.1736506263657285,-7.2678399312014585,-13.943950447833119,4.816733427345753,1.9142674680163199,-0.5327158492149386,-8.86349965844349,-4.485219015569497,-5.352063587344275,-4.7165010879668054,-8.88129825286976,-5.002066452669481,5.546204637122771,-9.219185054018281,-9.546842905306605,-1.7558706055690627,-15.617559131711909,-5.753252556774672,-13.140302191692864,-3.126958052241581,-3.40306611887531,-0.8913807072108844,-8.15318145324681,-11.095329117620507,-4.03362431899621,-14.929632830240461,2.153936354051594,1.6024569409286107,-1.5768681202969714,-15.999630136733366,8.688662520905096,8.289133518968326,1.850042569019444,-7.297429238082609,-1.883158648923243,0.4095266889440039,11.616355903480745,-2.5308593172216547,-8.806682803531793,-23.83464250686328,8.094171351185304,-5.496009552521947,-6.650525092567528,-5.901156719671781,-0.4168081951395789,-3.514425849655596,-12.335015363945839,-6.274896945213758,-4.243788332496651,3.9909635428339243,-9.87175659912003,-10.872465435778961,-2.387717123211524,3.1014497395343628,-8.7686750005658,-15.91659603899392,-10.5911250259818,-4.524711209565135
10,44,5,1.374978823008063,-6.567266573538861,12.832808120948519,18.05613088135312,14.338180567251472,3.845624415930815,0.09665999324174457,11.122816347494355,20.389231534981416,16.83432366281021,0.7386582763752034,10.154676173524024,16.761466566382392,20.626019347368224,2.7263935832988264,-1.001754496030784,-3.4838681204199125,20.051221441931837,20.842794215604773,5.784571773349877,25.513171045404906,13.798758633889072,23.58126303294627,9.299745044784572,5.33761640042975,5.928647586950896,3.46571173802836,7.469669616440449,1.1385979309291936,0.5038530608446052,13.848609862394817,10.286827812130309,7.86594922545298,-0.017201983665187492,19.11356186208588,9.595585375933386,3.879361424776844,3.4913496251967615,4.369248062235915,8.33527894508911,15.67700792213038,23.95955478063808,5.028413240752388,-1.1317234334376904,14.995584077968426,23.44836035863747,18.933345416878772,3.253021060012101,15.839047131832784,16.364558783882273,23.63169689803589,14.476101317760957,1.3696414019867051,4.153708138798433,19.118941415737318,10.05771077233481,9.51030206081753,0.6739317293210711,13.015881440352373,13.172923598620228,5.636733977760118,4.083794998550196
10,45,5,20.718868318223947,13.341661798790472,4.999880260276818,-4.86046466363662,-5.974133401927423,-12.640920022911414,-5.338451583665319,8.128168013565837,-11.435868955069648,-9.895282020020044,-11.85131903324367,-7.021671946166177,-2.3747015021082656,-9.267506382041953,-6.802352555482309,-17.724262136557115,-19.090594443606168,-10.742826300105314,-5.946175929340649,-10.066666202523132,-13.279472292378173,-16.35610868341131,-7.79265663790994,-13.939648160892657,-13.401843905539767,-10.32881490568199,-10.89290274934071,-11.694585726210258,-14.307675335828847,-11.428847168822116,2.961707670116663,3.7575197985691124,-7.129870157461707,-0.41274442586184534,-6.764106229992537,-3.1633303217680724,-12.666550875845836,-11.766439346732891,3.7685315666603856,-4.41842901340981,4.628757930681587,-13.942525538808967,-3.26841229831384,-14.695073142466018,-8.317866541974805,-10.051173285603888,-7.944168413091997,-7.500360783365578,-9.393934602150694,-12.49518435167875,-8.870738961949666,-17.658816320304872,-13.540852484026384,-17.048635494599985,-12.095749975216185,-11.329302631409426,-18.629149680639202,-22.235140181078425,-11.898773565524953,-12.24347888205836,-13.632034718899469,-13.402001814053557
10,46,1,0.46287300506970136,2.4967327723506747,-10.427071569382399,-5.619798876538236,-0.9907883775261493,-5.397679276366881,-8.854140764920087,-2.8838042456361412,2.7194418966594127,2.1620495641581368,-7.121953379129991,-8.289024695799478,7.4833343070949425,6.220666294042929,3.5865392230632835,-8.265102764137277,-8.755101559990344,8.36094505932443,8.37586952101939,1.6152689335754187,-10.427433032110875,2.1981764611832095,7.3214353605943066,5.552293088290667,-5.90542040617069,2.4194082743828984,3.7782659494522495,0.48683714678102075,0.5913365422407303,-4.425994798575144,-14.893176111756128,-3.304307573111501,-5.636639393536687,-10.943736488544726,-7.068989590287392,-1.6320076309053633,-11.439985168598056,-5.201551998170409,-8.053654426538456,-9.37214971167921,1.5214303678480838,-0.6089630734811474,-7.813515176474141,-10.159129197743335,-5.783933131506937,8.660140068489609,3.0846969551497665,-1.8553379606427152,-2.8627352177182495,4.392303282781162,7.402272517906455,7.682809330523014,-6.576481664536253,-0.8289175618485345,5.372830920693713,6.049752399450304,-0.5791913084515448,-11.050720467623995,2.6820447047854348,2.9995891645936874,0.7202737753892814,-2.4917216736982355
10,47,6,1.5582344040229223,1.1493535140506572,8.823389837748325,-10.026079208908113,-10.605558282354988,2.8518884427754614,11.170470804174819,-18.473430566148973,-17.4635908015572,-10.104821378910332,7.045850116509674,2.1133318604765146,-14.528658122487276,-19.112470467802044,-0.9604165243984392,16.59596722645732,-0.1357310524710077,-14.9953560020502,-4.839556981508462,11.163796361598257,12.281184861175255,-4.611685838314657,3.765194384154026,7.704941573575499,16.214043663133218,0.6492202347882727,-2.2124342188528723,8.766853699446422,8.530171007216094,6.6199882758281525,26.213028654092685,-6.275160219406756,1.684322313746301,21.689166643225196,4.753245532055523,-25.88679563799281,-16.634704909128395,2.5565956466626827,12.307745737000932,2.3089608006156634,-21.15064989362004,4.10742574165825,20.293132766308943,25.82821005473776,-1.2045105803621625,-27.58172247994966,-13.279767126480978,10.486397594108432,5.1726294912670445,-8.265951913179512,-10.619850971883658,4.084286253263312,11.733555039277347,1.311406745825236,1.192951370871103,6.172766298419097,13.533549964246221,-8.073761908064892,3.986882379925925,13.693423993787194,9.482923605365725,8.806787932745925
10,48,4,-20.025541269197685,-24.883331811464394,-30.756106613249333,-34.652666588938544,-37.05769781014177,-21.002201888982857,-31.709108302687707,-17.048137085921148,-23.148740897454886,-12.68988669127589,-16.716447374295072,-4.132688169520943,-9.175896186336153,14.861520022585442,-2.603316611337772,0.06591615248925818,1.1967378403173696,3.098835317599704,4.93469046188019,5.473091128140282,-10.001697475862935,-9.018025815668636,1.5990845847693151,-3.5415691200745982,-8.218981595664491,-8.651844390463538,-17.72032834680341,-19.777871398221166,-22.622731122392683,-6.986215389799327,-34.699640279590334,-24.487715802280373,-22.6925879587851,-26.652063640357,-32.55731926392764,-14.194725709081416,-12.393246456844405,-21.31058380970866,-15.242910144032864,-17.850672791927774,-17.663037814510847,-28.731426760100018,-12.941409755452748,-10.291586192392908,-10.014881538442992,7.060704499210528,-0.6116055235331989,-5.3833829463039296,-8.396313940106726,-5.982285147351095,12.055657726121924,5.243447836051217,-6.779521990919533,-13.761943977008134,-4.045727405299595,9.105562098233447,-9.45966128950439,-21.528706436840483,-16.14689210829574,-11.460089193975058,-7.749034050800954,-17.73381076862172
10,49,4,0.20602314520297882,2.287365330039615,8.349505043213778,8.731428661678988,7.108383479028391,3.9927145934595534,4.687915460842591,-0.4893531138602671,5.328138056336105,6.40766977992621,1.2070301617041417,12.214893183267746,10.278335640926365,2.4638168131364746,-0.8808567200406893,-1.8766315824284074,-12.029282947593346,2.6630707045806905,7.029799154073718,-6.241914307971194,3.0706848637768767,-1.0130750159051534,3.3887134098061713,2.792888821079965,19.196999329346696,7.113471747002994,4.494521854309051,5.904381692863813,7.566683901780527,11.423092128653591,-0.7467925924262611,10.071256241238698,3.616546109545883,4.792786792920128,6.5000589883023085,4.3994970308906405,5.790119763509164,3.8497476848296657,3.805718196169818,8.597585629552556,0.25562866464847767,3.350498719015955,-1.429672700648264,-0.5019791167138553,3.042516759863672,-2.818077569077837,6.841560605822537,0.859696455788231,16.011894680514214,-2.205275503282504,4.858246825442358,-3.358566298301436,12.202828670609113,-5.329562818648567,2.728137673378539,4.109699597320997,5.118728676379275,1.2069844603424955,0.43344868030172146,5.882263410518447,5.006982706277059,13.875865556523992
10,50,6,-13.76780419242454,-17.899594148575535,-8.303057868124508,-22.929154897790124,-19.13077078600664,-10.632132997304746,-9.448716261946572,-14.361730645706016,-19.365920144882875,-17.09450375261467,-6.05333171934798,-2.8191794879484644,-20.178498985881856,-23.773667174027995,-12.148847201929946,-2.3396133600120863,-7.564652204956499,-17.782044051896502,-11.390442795915208,-2.765176849133084,-5.349119416210893,-10.960331398130558,-10.94036763527135,-4.122602817579741,0.6039940670314365,6.507428292128281,-7.0579111442571865,-5.970894417661615,-3.0151453032044753,4.283680598183379,-16.000682923306776,-17.074129473258996,-6.262720134836144,-7.8053879382588525,-9.687578153824887,-17.45122464614489,-19.171887719049682,-10.630031254483251,-12.001714884848678,-10.953656968274496,-13.878332248883229,-16.25916810533623,-4.496483362824996,-5.721877013946454,-7.8992055656343,-23.074550213337677,-18.327115797823886,-3.851509305194201,-5.487226133876503,-13.439198910872014,-16.891947763540397,-11.518492270465483,6.397303694734208,-6.3963175571705335,-8.858383204816366,-13.11187454778701,-6.293783171372151,-8.21774998023572,-9.73644315216849,-3.838367468382163,-5.60528153767128,-6.384481169669551
10,51,5,3.049173725025,9.425306591790216,-13.255946839205546,4.530262649683963,2.8359462109212643,2.3625949132824102,-3.8252431592710936,12.263828443005544,4.65214293260445,4.643791143166285,1.098484697683555,-17.51305948265986,1.3473547368605674,0.3877838270329839,7.603267098299974,-5.964925357793664,4.204250618236187,-5.3772523759568935,-0.709746340335143,-3.0901081490035094,-10.28422046357357,-6.010614650732861,-1.968862928841944,-2.6351832234323394,-7.319189556874335,-3.9025606347628443,0.29830015318967895,-0.5357197095645679,1.4385789660736918,-3.7040963021118367,-8.384396792434876,-2.202362806399967,9.698309094122635,-6.105870966163535,-12.29280731334102,16.564486456807796,17.537307942189596,2.6035796952683716,-13.496082554176663,-8.621637427634214,0.3422243206239324,13.154528409594718,1.1164691047970114,1.3089222678085561,-7.633579233678323,6.48719091672541,5.983418560496006,-0.6666537274368018,-9.01788890304998,-6.030543307614756,-4.038997065616635,0.6979626179218466,-5.559262256995524,-1.1096368004090917,-6.543499022336081,0.8233941864767462,5.643633152767109,6.293095581381151,-5.687848767208891,-3.9125897929572075,3.1830658844285997,1.8636617377945583
10,52,4,-11.27332442407156,-12.288224163124477,-10.796348128649525,-16.905759838267738,-19.144498744207183,-5.652367406405461,-2.6183884981707313,-17.275738193948815,-11.369272061163654,-10.880922433942922,-3.4624446052149285,-15.1708423815009,-1.659470380022668,-5.723087712145617,-4.7708370118851295,2.698460624536226,8.105898861415543,0.01240490524598209,2.512341441722905,10.032687005927645,2.579966637078767,7.234057157186838,7.541905860303018,7.0689789892600965,3.5623505340843717,9.990433103245945,10.085728072640835,14.355333309030017,10.551604707043897,5.7659732128902315,-7.002536436179419,-18.385020533508467,-9.615226103106467,4.943035352100595,-14.642407574668152,-15.873935367230612,-16.382985403840777,-5.132172341117772,-7.608530786024721,-14.385533235805323,-19.0964933583263,3.7955345586765667,0.16030924782801567,7.13551635092988,-6.844789005316246,-5.667383226380035,-1.0509424963284557,-3.7877371824664476,-3.39887952611096,0.6092016686026649,1.6691627118554777,6.235232864665552,3.1281930988444357,19.010318764366165,5.856857106180455,5.661842182551221,3.799640356452299,12.748360048161773,10.541565110725232,9.794007594719904,10.312609631079805,13.59240208985284
10,53,2,7.3590923182030314,8.058876009462065,-1.705222870594122,1.9918444177161376,6.847715724293691,4.329166415584751,4.5954628717040675,7.129108610449406,8.81209032969243,17.425074170714122,2.834272344278673,-3.7062368444962104,15.60859327186921,16.785104287106822,17.540480088482308,2.6054783080045776,-12.288434820763603,11.813311284725998,13.413662886201617,1.2477399834272698,-3.976502285202647,3.964634288011525,9.863520661244028,8.22824945785786,0.47717640656841714,-10.61481548252902,1.517626459460431,-0.035863723424149896,2.263713596865714,-3.1850134444468434,0.44404629516847005,-0.4071509195832407,1.5512301825475303,12.407023614249754,-1.7710126927917498,11.903535474500641,9.678324367254737,5.033406863011779,-1.3284402609967456,-7.917361939863993,9.132045592340393,9.082917247827885,-1.0547814059366538,-6.322891843861189,1.4756567858062983,7.46379527626786,14.07947436243114,2.6793988193044553,-3.764534617416425,4.585767121485817,14.215152733624219,11.861165840360455,4.314634957850528,-4.037852979867106,7.322912835061739,15.813349580732963,4.258502339399075,2.3519129455998202,1.3077396591898172,3.197755172303534,7.8208493518575,2.872143278500387
10,54,1,-8.201551760296997,-14.865495790045987,1.6501639893664626,-0.051816465040644855,2.836855173110962,-1.5952000386853957,2.9735090379580518,-1.126898304241279,2.721526516101706,2.562248960046504,1.7228353808906576,0.47367073824947287,6.636899068179286,3.500592614967016,4.925433244828776,2.0258027008853925,6.491033650662114,7.190104995377174,9.147380569949746,10.482446206052131,18.200603255184323,13.661792367946635,11.670207487192098,12.43156655378095,16.259027657121795,18.954835423648856,16.933327946015094,15.388722997976512,12.723683710962463,12.540638565381128,-0.2156416929849403,-4.600628462025936,-4.181907716746693,-5.287821238088171,-2.0586870231824683,-6.183374426282214,1.1235224170292322,-1.0780543226112662,2.4924305055812934,3.8344091236954787,1.7235162816033114,1.5301190075896152,0.8513024737547363,1.6379697480886364,4.839086757927413,4.461612874324,7.836840664593086,4.102797164888363,8.143257413559201,11.538922764928776,8.758031707109396,8.785571533732305,3.723715987359597,18.587267719436344,15.115295654480763,12.129343218329103,11.51201777431045,17.525885468223922,17.208597695091502,14.336436216787586,12.001830707718737,11.973132764511718
10,55,1,17.410391807045066,13.884592813916692,21.819942664741202,23.838428796995903,27.93137575231674,22.57664855805839,16.62154912024101,14.168154312638423,25.258363612723077,24.102995428233964,17.70065254722609,9.603782714435415,22.628310571401933,22.761536098834963,21.392140415020098,12.134129735732033,7.273721289974302,18.711053541202737,21.232641752990993,15.94120236686091,3.8362689950935,12.697877253053663,15.9956366211494,16.726213455200195,10.145864581870965,7.170850113142142,7.7000498091802,10.150352750552772,12.710064603322447,9.003961078754463,20.996387096303618,23.674989346959958,25.323426961898804,23.25804795988086,24.259563890762816,28.715231966045597,34.877463850760606,23.116344270091975,14.141305875786303,14.955874446376297,19.33209169010926,24.496039459072982,13.607996877487285,6.303444057345252,13.010291201948402,20.799445817019883,24.13637802695357,19.59620546386009,5.442996604511479,16.32963538424838,18.57866682452946,20.55981891547762,10.976764835516647,4.584110759403103,12.716163402037115,14.798456814412654,10.324807529644367,-9.894380173929848,10.631950613207788,13.763779313522154,12.79271942349833,12.407813119543047
10,56,3,-21.15022201896305,-15.8493922783925,-9.985464066113689,-16.494447142249204,-15.218065222134673,-10.112166163545643,-13.545435515192636,-6.408427687236903,-6.853695384249453,-3.0037473214835635,-5.568831754257765,-2.6879541495951207,-5.618332083268864,5.355337672435287,9.073930361785184,-3.3838287678933354,14.413101179275381,5.194109112887478,10.487267912342766,8.815582007915772,5.112710443779641,5.954699489151744,9.814567701436768,8.883259700486294,3.8300227108865808,-2.425184257632325,8.918161933151328,3.612047315007305,8.776539090203075,-1.9419862606176521,-12.862372874941045,-19.732676969909267,-11.527419610630446,-3.2072264086909414,-13.318957475533638,-10.83958788965715,-13.534844775457028,-9.819280751299386,-4.533526122098697,-3.349403843260938,-9.51739742806772,3.0069126426128667,-3.6060852913594816,-4.392808631999511,0.18748772732641147,1.253365151981661,2.1751457618708496,1.8625247772419584,-3.0944524077335136,6.108994158007572,8.578032596627393,11.162161008204983,-3.6509780138958114,16.822725946594762,8.88463882588576,13.240836389317392,6.683584907217091,20.96276935371683,8.524012419679085,8.065929470916014,8.74035246604939,5.350175745012925
10,57,5,16.89581478715921,9.68860276553371,-1.9392035160009282,3.332054563525431,-0.5943719638829559,3.6001512409165164,-2.2121394119316307,1.8960337118648867,-2.979776342876437,1.3600016290253767,-1.2851196007246557,0.044755864933860856,22.86178241211284,-1.0484544873782786,0.08025103921025312,5.058399104740376,-3.2685773286857778,-3.59833344521864,-2.242721791129285,-4.4671572786187985,-6.31671573176254,-9.914575498596552,-11.803159362295785,-3.267387759985356,-1.4204050555552645,-11.457478470668732,-12.263168725253248,-9.991868440493398,-6.705906736363497,-4.878659659735405,-5.169653597049322,3.634221775604913,-4.943126446771912,1.0130505137736108,-5.67659473053475,1.9967749553346432,3.2966014333750775,4.040681456124816,6.844578416450181,5.808988503257104,5.688494336427889,-6.108811687644025,-12.993222746134899,-8.885186358763859,3.6765247664936815,3.027364194574882,-0.40982141045898857,-3.4002200595398486,1.984008603479439,-3.337879786733538,-6.322800547066263,-0.6761740094289272,-2.6555961609431895,-11.198730033615098,-10.146194373172262,-1.85878748389915,-1.451783841691637,-16.05065684468008,-15.729676922067716,-12.879890512220753,-4.31780366089604,-5.537533627209684
10,58,3,-14.82991640176624,-13.103333250142445,-21.528281933213478,-17.350069272326213,-13.566588659066612,-10.151205545041439,-8.425741736754416,-23.463323564109633,-16.013680835322642,-12.76908514133042,-9.438532609265392,-15.025078732792919,-18.458133974177873,-20.74360446851961,-15.516681176065118,-2.1534977097393626,-13.066844873567582,-18.096661858669496,-13.0488288547026,-1.545790940727585,-12.535086996389811,-13.83468894973942,-13.098543276147149,-11.318711873507361,-1.7704442213573373,-1.0834233072847594,-7.566708550493162,-5.747999257975957,-4.899861933561274,-3.986577089963958,-23.00827605200069,-16.305646852840017,-15.220402349592975,-12.057229886058623,-23.82213575302102,-14.218939095934315,-11.247714577705553,-10.699263367290818,-4.519703550355103,-11.93420554508409,-14.360319872375388,-14.014618061664633,-5.275890126506368,-8.707861138825736,-12.174218522157615,-13.87250719058169,-14.618401511176558,-8.035582251528778,-13.391351589870569,-17.896807867374907,-14.957927305296785,-10.748002367434882,-4.004986167103465,-14.504764080274755,-14.474237998538626,-12.511330073790209,-6.0608484002239065,-16.821767983026803,-12.956039547647649,-10.35924997544144,-5.235815483577002,-5.680146086449944
10,59,6,-26.50472791692834,-23.24958033896075,-7.505396427802476,-16.20232294440814,-23.567121278653612,-16.492990679879934,-3.4311990191274067,-21.599584673326934,-18.743481772474755,-20.90125019884692,-5.552145770228492,-0.25704988920720406,-23.60793632158735,-9.325235673203705,-6.807865501824408,7.944494797893592,-11.703207720661679,-5.899826838714405,2.2177995856987636,4.129189554738198,-1.6516730514036997,-5.727316199421382,-2.211490351689705,3.364584513655977,5.928015909873217,-2.214294045766044,-12.618068336108818,-0.5051128098428135,-0.036105676849441104,5.06338563070224,-9.016102706650036,-12.878006189879843,-12.949319497477731,-7.756596519907076,-15.54875489751378,-36.20679191372743,-31.74417195128412,-15.091503574535626,12.610442806739455,-2.469091044812714,-21.54056410518725,-15.261231392849142,4.933518387168566,20.60960000853349,-7.349782487387103,-12.722146600848301,-5.51323610750913,5.794281606306892,-5.234401239014068,-8.118837130415011,-1.1095945015549666,5.812606531331632,1.9085017947207494,-9.142997650656755,-3.488914313146892,-2.5359721328188667,-1.6114018051771504,-13.781542677428037,-6.9919493559112,-1.0584449805546459,4.449046502914851,3.5964140183542224
10,60,5,-7.357530743928579,-11.57596184154291,-4.552907283531455,-13.702274156075603,-8.987415341524091,-6.120219941228268,-4.291162112614186,-4.30162286216488,-2.5718920089931965,3.9272406162302227,3.154736400854479,3.7688438463956118,12.67947514564162,12.611741256877409,6.382456411948287,13.275896416500022,18.01997962703065,16.145316627580765,11.913164666603969,10.513575994307411,23.92425252061063,19.436640224987404,17.60530153175863,19.957045900022095,19.551218069567362,-6.888906209460574,14.92047046215795,11.997696912052435,12.582014994286908,13.519520290922838,-0.34146986499701215,-9.087935379093013,-8.527093534550922,3.6441911768122806,-5.938241710659211,2.6962534047822233,0.530736759100563,-6.8887377544192585,3.335844408766163,-5.131372185787415,-8.738987435285772,-3.4828574189195063,7.662249103012471,19.945669321388735,-1.4530507420734837,11.187448059276845,6.787042156952191,9.496454859493157,13.736334106112574,13.175674675168796,15.57036440464009,12.197807096126608,12.922698864168144,22.06450347202579,16.454660060883665,23.82920684701787,13.155258319908516,4.620644703552849,17.447996073379738,19.305246555814282,18.29836502707587,16.23735848614355
10,61,3,11.708029191532148,11.193711995624193,2.1833643298596144,4.015411872689315,1.5835074463081187,1.7120130819654675,-2.0674319659109885,0.46251160290273957,-0.7152451737954209,-6.522907196475963,-2.948344830900611,-9.195350958925967,1.7823684195243954,-8.173158920142894,-4.878343781320062,-4.882863589585187,-21.35245524056074,-9.881529612966421,-4.870009564556087,-3.2570250397320955,4.71508335512949,-10.176801202955046,-4.290540946692952,-4.922959326880006,-9.089777619918669,-3.321632276107441,-10.519938156020084,-5.1207218813488495,-7.7498238584163,-11.335812165947045,10.644527617455806,4.094287372852972,4.35234444077331,7.6205531604042855,4.455692837843898,1.258737733044234,-1.316088005420525,1.5818511660824086,-0.3502041943394012,-2.0270871182878096,0.43155371716882,-4.9334587356609445,-6.412414190472988,-3.9349783319446088,0.2864952967275022,-9.630919157680712,-2.7785608845694743,-7.685086804328534,-10.692848803293774,-9.042491502173966,-6.588700552823069,-6.475182595611666,-8.429222868829639,-7.61727558565326,-8.92033406230053,-6.673464497740149,-3.5502509366271555,-2.0462262315374615,-7.91130515014208,-6.869647874201577,-5.199432242116554,-4.8811756339741885
10,62,2,4.751575120293149,3.426065058674572,-2.4090211170203046,-0.692382870560011,1.7757220653726207,-1.7488243450387975,-2.1095349643061447,5.325018370092461,-4.353832420325142,-2.7744375230416543,-0.07473818410085833,-4.930844388785772,-11.454018336130165,-12.251307816312814,-0.4053086429584478,-3.8652020410929855,-11.693694337748179,-12.095557048462519,-9.627497626423114,-1.1001058510027655,-16.728427688988692,-13.141555083324995,-15.895334193437565,-10.869128186255693,-12.512291469179639,-13.002528919361342,-7.427759674650323,-10.172137680713366,-7.023447565558342,-5.592171197714537,7.321361808242592,1.8788739659073879,3.439873629397282,-8.727386126385582,-2.0489070537874916,-2.7636574566841365,-0.5304769668728113,-1.3089714157735808,-4.147103865789933,0.04125367118636558,-2.747908234232804,-11.89091651791297,-3.1860697770082393,2.9290584467220815,-7.454113403573727,-11.520892511780675,-7.165456515032705,-0.20990774035453796,-12.39927884044761,-9.00420315162188,-11.448726566372114,-9.664828082523872,-3.2571514206597687,-14.754153457859234,-14.54045939000277,-12.665799978098319,-8.473891253673994,-9.43682017706607,-15.969440734808941,-14.686812707563723,-9.757768480229284,-10.829530809392656
10,63,1,17.326143747241037,8.901928595380811,7.81815778227841,13.650148848202315,24.758254944846584,17.776232902324065,5.3499266696048915,17.29557888832217,18.742007868591603,21.478535926423778,8.840686480423845,4.763278254625818,20.923554424264616,21.266020889961855,11.456751984339665,-0.42498100042433923,12.217833906957305,6.494447895530157,6.1149806755981055,4.482172935655933,-13.507641603596648,-4.676391457639087,-4.319060042182484,-0.7934326049758104,-3.5661685656665347,-4.867258294417362,-10.41066269731012,-8.516481953150617,-6.893843745222174,-5.164411111871093,-1.8981917962522772,15.5399470289306,22.13128284851042,2.861672019404243,8.640653547955816,23.86841112482022,23.394607184000503,17.859951174568106,2.885039473987802,4.054665288638053,15.93737059642514,20.574262586274614,2.020331934094429,-2.853499122372852,8.882178976427669,14.960464399995093,16.092345674544948,4.63872045944104,-0.07246431913837148,1.7601062230220643,5.791765511035919,0.7951770689872276,-1.700594229873543,-9.803184239239219,-2.7185367091059107,-0.5518969091041586,-2.343645353176886,-3.6219852678477773,-7.253873597921394,-7.560686841717122,-4.47570210604406,-6.825471116820491
10,64,6,-31.340344081064924,-24.247558917498168,-19.037216550602416,-34.123968653608024,-9.507077128240248,-8.005515604632022,-7.7068997588315264,-22.065517714780906,-11.690862543244917,-10.386319640569576,-13.628841300608544,-8.455611740074284,-10.364261004256038,-14.731989674997056,-9.974641865959807,-7.889397448388765,1.344975416434976,-6.562115123949757,-3.112440303740334,-6.836472285752428,1.6370503668241758,0.2330191626508784,2.82609245708076,2.136601136951911,-11.43144038124238,-8.341858704608477,5.952025662607899,2.3869134146356714,-0.35120425227938723,-2.9544682931666024,-21.119593994536864,-21.82275361050965,-9.654876185467513,-7.012481657833584,-20.92207691627668,1.1273440482640058,-9.202211352156064,-8.092813196251308,-4.707398310377512,-18.227995754696618,-17.84342296198918,-19.71187469272353,-6.036049062567878,-1.857390831042899,-20.541602900433457,-9.793968945060204,-11.083896218821776,-7.381393051183806,-7.499406306845377,-5.897616055070016,-1.6196940173508554,-6.162340440128642,-11.632512089728213,-4.907824351338717,2.0787805506005537,2.93000936574053,-8.73601528295747,3.2723144316000914,2.209609285496724,4.60028458285577,1.282701815773803,0.26019063314831925
10,65,6,-9.574333730857912,-8.540421383886992,-18.215022604980657,-9.6075305652055,-15.11801181609987,-18.56823395116528,-18.32508741509987,-13.955439365582494,-11.869482384676612,-11.309103700661709,-11.971753639492722,-6.462570625323254,2.322243000426126,-3.6832027117290167,-3.8860850339108026,-13.349016959983391,1.8342724423174088,-2.1252523809217116,-4.552072138059884,-15.351841648188769,15.178867882980802,4.6336357172340055,8.678243781394533,-2.147405756569312,-2.064263128209859,1.4457902501269078,8.086254551790926,3.205549131942594,9.28317832822979,-8.818206859519705,1.5741625817992335,-8.647879025035701,-16.688107223371002,-12.935914501615963,-19.008574617617754,-18.68502952890163,-23.61289827990709,-18.68112741780032,8.224782357083226,-3.6297545830560143,-16.868534708213883,-10.550748563391478,-14.896646674268137,-8.268846979393146,-6.576902797309368,-7.311262369499449,-5.752690951118431,-18.621398063603696,-0.2024753431267114,-3.1862277196402213,-0.3364728042208474,-7.027528711549216,-11.008884223950345,5.41298972560865,4.409136756169949,3.9302233107069986,-0.09324901744087166,1.76009215235784,3.115946000987073,6.097122567535447,1.6646710856045344,-2.513636381229064
10,66,3,14.556257596301917,5.857629010186913,8.323182910794346,5.547285419593494,-4.497406365213599,-6.0914132014234985,-6.288782722418894,2.8043215333415956,-13.652763309184369,-20.061103434915236,-9.960320981719143,-3.0172823664118975,-24.10738884080657,-29.903526798072367,-20.301740807685533,-3.5541180286829066,-8.83794595712296,-28.842541229888422,-29.266722016309103,-18.337022169850908,2.27662383015381,-21.240477795281063,-31.143150025001916,-25.171280197026892,-4.614963425277935,16.04517213941165,-3.3244501688494914,1.0250975272686396,-5.367286364979496,8.24824821782049,4.385660439843265,2.8556116334185337,-0.43720698615581455,3.4053259031426846,8.786017212585163,-12.689132350065352,-7.545014819221165,-5.59087624657536,3.002294715107759,-0.16485715471208162,-7.821775720182165,-12.510038633467396,-4.917113022356317,-5.121771110994057,-4.686139770510897,-29.52049418068603,-26.146161441623086,-11.437444529314408,3.783722713430663,-22.819177647825423,-29.99440009071119,-23.401555460991293,-8.51554485409032,-7.320038711089956,-25.46533068748783,-36.83316052241661,-13.137129980588057,-4.210946127363457,-14.18217712343193,-14.550555271028376,-19.745366190977553,-3.0080217642755045
10,67,3,3.856127338552074,9.657027292394694,14.12651115596839,3.8211094400999515,6.542095424775984,9.01487106929829,10.375932575862219,-3.0729096573947867,3.7796661292270946,2.844947222302238,6.148580972957086,4.860640040769172,3.0030737939040826,0.3568329949204525,4.906613608234468,11.3133499492187,-2.7952329108900407,4.105365894933615,8.515737811489625,8.99792878033321,-0.4180539179161744,5.286122850937456,8.45965436709727,10.460285889166526,7.871876126836717,-2.038976140428198,0.6527083279882986,4.699116700771836,7.047983705406868,2.5030036407853653,18.894888244756704,11.749419924178419,5.6118366117929925,18.642614446324853,12.281777915456793,1.2635978718810692,2.822762223040094,8.749774673442564,7.167060227985157,2.7289763720089955,2.2954399713837503,19.64304240479805,12.290599979823691,7.630084083620005,3.148412902970094,3.5063407667458226,2.8843201939357312,9.128483784424779,4.214216657891508,5.115563409623015,4.89990760968635,10.329004408519081,13.592230217145174,-1.9580055927721467,7.601410709082986,9.709043629830939,6.48073764963121,-1.0412466429037652,5.4115193747438255,9.107520063332473,13.143323660248937,8.00572621508888
10,68,3,-0.8018865029202635,-11.407177984578214,-12.101154107009853,-2.519058076028779,-11.522629581437235,-15.000903962062903,-14.608544228041964,-3.360099763216212,0.4589145922864408,-12.51044216315921,-12.070340065671719,-3.5269465572768586,-6.800689305462757,-1.8986165010364637,-9.932802052941268,-11.469405988367596,8.087917925528727,1.1792901677204428,-2.3848430034874877,-5.601003810127337,-1.2603203720049703,3.99886268185929,4.923433006582097,2.203482329027681,4.630621291035446,0.36322317630188905,8.914322946720368,8.451039328785022,8.300348765483674,1.9032170025450061,-10.076344453934123,-6.052921172435873,-15.00744152236226,-12.436198754145249,-10.276395067141006,-4.7310991669982325,-15.267144430247017,-14.812602162633722,-8.377813604279853,1.2003065780168638,1.9287988536071201,-10.545800713549665,-10.552317156274684,-7.225838742451742,-4.0990985110061375,-3.547110265109507,-6.83811805449517,-8.599891174845855,-1.8010827598020736,-2.4185659885236124,1.4263320160666244,-0.5397588092629313,-5.163593366401407,2.6696889996642184,4.624985518842575,3.114268713747151,6.527251564542669,5.731081632403203,4.473428270075377,8.330776752131737,8.213223188881985,6.429177462429985
10,69,6,2.8888012236211313,-4.514825819017612,5.16766037378551,-1.346365102634923,1.0882833936512948,-2.4566861158464004,-4.081903553090807,-5.4614231601022425,-1.8132351243459588,0.5611893095802989,-2.938382305328026,3.630024813280282,14.393239394330026,5.360106599960117,-4.29241493154919,4.424131417266524,-18.285728750977572,-3.2330469766336445,-2.9390771158675615,-3.6797776541604468,-14.792600056928844,-7.46535331569612,-6.1413661418369,-8.110952096809514,-3.5019296174755383,-7.955804872269765,-5.079541786301239,-4.101954890324209,-10.408830876501913,-2.904743424710456,3.908641937773722,0.19538683922416064,-3.7384826076421414,2.748206476016518,2.0182790706820075,1.6638077453982731,6.88495846805958,-2.466764450743341,0.5111696403132879,3.995921979635593,9.92527836304521,-2.5947507034714623,-3.729951840189356,-9.628978512868876,0.8362306614474545,-2.2274359273440325,-1.3509129820272299,0.3232923991301676,4.984169690347301,-2.1174797073642666,-2.94023514477246,1.325117023167678,0.19892407672070822,-12.48765713785116,-3.3811547643073454,-3.572755125243354,-14.8109599599024,-17.936973656232404,-5.94763921938337,-4.226045974189558,-7.896587677799714,-13.356256377542534
10,70,4,-2.531252289940486,-1.6070645488117181,-2.2334960875010523,-1.7186173412880685,5.400223526592577,1.8141193080966067,-0.8478741096417861,1.4322413359200823,7.161736869480365,12.471497463062406,4.598028151363857,0.6748722826482789,7.903521823696792,10.710998145079722,12.564690400127924,-3.78300336538672,3.5280449253665997,9.105007444803674,10.734829015382447,3.9823028873425104,7.3389777994101415,7.7713947091393685,9.565774972209848,4.5014981178385085,-3.6878348582469638,2.7617905600615424,9.617254317147516,4.492956697668242,3.136088696240288,-0.1280599851842707,-7.31602783520456,6.044032463519954,8.388288398227868,-8.853252911769856,-3.286337033215135,8.088489955677316,6.9018935992655,1.1171499107944436,2.808634417361532,-1.5989092476211662,10.161947098946781,12.737843118221853,-2.0180053222674608,-3.4794570166140626,2.2933765989614687,8.031286998992643,9.903942724621688,3.325906472098895,3.344557695303722,8.446954745106494,7.264323727085777,5.646731774402186,-1.8138596806391263,10.611667698907969,8.673576657421792,5.001329543747627,0.2597274755741048,4.572400698756298,8.954187084824172,6.567080684892114,6.311223869643557,-0.6530522658665696
10,71,3,-14.549095341447376,-12.206622126009654,-6.581840261385393,9.445014066869252,1.562729711871502,-2.6526169143390037,-3.2167293781800774,0.11701311206547288,8.030202684969431,12.187784884658805,-0.6958218911128873,-4.6085170263299595,-1.6765705050287272,8.179556320205611,8.352326541162306,-5.712809332373845,0.9714282754944958,6.311543177776376,7.601028158902981,1.695544486910832,1.342719117091491,0.4902549912108173,3.271072261807763,-0.43017822008852596,-3.173499915180244,-31.993087406020326,-12.9596153282356,-11.24079446085705,-9.453874701191099,-8.064560901214616,-27.230212730287423,-3.390952347831733,-9.200776104128177,-18.940216137232582,-5.19436524924254,6.636993676333164,-2.909368399485218,-3.1146336046683554,-8.313964285535691,-1.3518533693035941,0.4445516472432488,-0.1381873482974566,-6.445982759295987,-7.721041687667685,-1.9788220404170285,6.905427239571197,14.345314693455466,-1.1524274945656632,-3.856913386160514,0.9915989670084733,7.8507333836268405,4.8390903855878395,-5.050036769863588,-6.343402964744445,2.2611132354884402,1.5814615981951468,-5.002217321724795,-13.650927939707778,-6.0831842186133835,-3.3146279867647626,-6.080622501001216,-8.81841049413765
10,72,3,14.199480684428686,15.686489743294148,9.740331487139548,12.93133504057257,14.72638546570954,19.660142594357815,19.04620348864303,11.530146197432927,14.27484015452608,14.023141679513012,17.673912579602582,10.438367653331468,27.009037220032837,8.288080729884888,7.946073976041539,17.846535500139,5.172692614539366,2.305970916433666,4.785217547539353,11.426106544347808,2.1578701569630594,4.544516777937731,-2.209630199276459,4.7485222776069795,8.014930928580272,-10.214854869241945,-1.6339447652500851,-0.6342501322165278,1.0865885554472083,-0.057603023673703846,16.589187489640786,12.25970516942169,17.091131585888657,8.909045217939218,12.900370072505273,10.4971918202596,26.741284373148197,19.833821718558298,9.075330421782846,7.158869894085137,18.623510360354324,16.67513045845781,15.55366084833697,15.957277936633771,11.620787991301674,12.212180468265153,7.856484890750771,16.669491242583305,4.427724840732791,9.119714511740137,5.686360733628996,12.654767115941128,11.906827049011856,-4.421836371187168,1.539495550096035,2.716294193424555,4.654936220951187,-10.34700647163455,-0.3283070981411669,-0.9998524532448966,3.1886700292646024,3.1025059757265856
10,73,6,6.5733971574639085,-15.088983955440996,8.833415569879522,9.048060745455139,6.751655710798617,5.162526537644361,-0.20780929137112153,-0.8978796119506414,10.32671283910664,6.2951624329349505,4.119956883806282,4.557248131275496,1.6812202140870625,13.340401949451818,7.816357660277675,4.240479299662317,-0.8292088760063052,18.01675811546242,15.92961170506186,6.857362290117436,2.184532823131942,13.339686024343454,14.981006993662282,10.156065756932088,3.8430487507295505,4.3335950143817,13.39834169062173,8.92968955579237,11.052955784721346,6.058321775777673,25.659812160625627,12.166414121489554,4.011457129131731,12.307472025384985,3.7726442769124375,-0.664060414518888,4.748760750926124,5.599319353154523,7.182823394209414,-0.9488888316242604,1.7233125922815296,3.673275270473737,0.5939578486254378,-4.805363686164705,9.745668809173814,13.4317385412571,15.126486548330492,4.7843753240020135,6.302033351052821,10.301510072063385,20.54286608481551,10.204657121788616,-2.6666886714718694,5.67029942699322,18.572101279093722,11.283669462450213,4.5573744020061335,5.488120952939114,14.641898746261514,17.151818986982107,12.489345065136323,6.811992308093665
10,74,2,11.295646231167206,15.463847113761862,-7.276823531745408,3.6159881458322456,-0.8133824896862436,-2.5402780280153214,-5.1094855507495,-1.530420821727958,1.2672825468840383,10.295793687629445,-6.151813022746915,-20.0718904620082,5.655146763387431,-0.8788143533009394,-2.8706624017710407,-10.719637797852956,3.94376172236644,3.0227110112403963,1.5258939965151073,-12.379044920302603,-13.356831790697642,4.325492323330807,7.1466790021101865,-2.683262440955219,-13.710282090051866,-11.5901283804191,-1.6108649540862952,-7.042512938380241,-5.995686691981263,-14.638491444380534,4.378129921444668,0.1702366264128093,1.841529406079022,-2.3930053107167883,-8.749553570154742,12.158072857504216,11.574642401992158,-2.6006566605008197,-11.000132367213645,-11.481677684967012,0.7711005127153261,2.7096443987272614,-7.238657699080137,-10.310598880779455,-10.580387005003217,11.79967478646829,0.8532290911392834,-14.184036980860125,-14.260856055389464,4.397461815748545,2.5817984881379257,-5.438855769442081,-14.249089832190519,-6.777539364329157,5.285670240523248,6.222062999632482,-12.937655007301995,5.368019785027859,1.8957530719159954,3.2837473494398246,2.491149679689509,-12.816623929751712
10,75,2,-8.158673100309763,1.8209657169844413,-23.132486474132403,-1.8278788218115705,3.786319467463396,-5.973929916122334,-11.277191521327309,-1.93339584297614,-3.2456062340671665,1.7084267824751926,-2.494746533739267,-12.558475674601366,5.322200617321385,-0.5932770925233284,5.2097283323783765,-5.985618892846991,9.385867073518664,-4.134179552017552,-7.008119570409379,-0.5168860521048243,-7.891362597632061,-4.83141225708149,-3.0813105749647782,-4.50873388995121,-0.8311844180088236,-3.207043946925097,-1.3436244347064599,-10.567080225613783,-6.509663606153393,-6.629954381641454,-20.23451918432284,-3.129410677532689,-3.7278849294000302,-17.734372087913314,-17.70642161537416,1.064221170066469,8.25648774862256,-7.39875638053366,-12.135761640494595,-8.906329061739461,0.9593602574725698,-13.360534087913784,-11.767871267184983,-15.476673255560968,-6.13534795603056,2.532150689285344,-4.133575960817723,-7.494904009670742,-11.09725199589824,-3.4319288986848613,-3.1378643335206666,-1.742290213431527,-0.3022759926005656,-2.2672438083625424,-5.906760960090452,4.004073782233389,-1.581233534748983,7.700906037151383,-5.656332820568734,-9.513014690905086,-5.624041489938774,-5.582963154583077
10,76,1,-5.117970681249548,-2.480794090522091,2.92225771441079,-2.1210064452550372,4.640997852857521,-0.7092550194395617,-3.8275978630067913,-1.7218668538191135,6.05485475808382,2.915039360080277,-2.9141129586822947,1.6534381088752461,18.120871559466888,7.252950543412799,-3.0533882510996007,0.7586675312188337,3.550135156043192,4.785659752729372,2.6077206482707584,-2.3082589432426777,13.722006093256363,7.209029832718579,6.458464979716553,2.6054852842580445,4.96099520915347,3.6761878581672196,7.594750264137075,6.786347369504408,5.15109367913953,0.9936658763184736,7.354516260007897,-1.4204260245783322,-0.8641495044547612,7.301857727329911,7.984573005803677,11.403426722146383,6.098368418970848,-1.370388849206814,5.734197715927688,2.443088165007351,3.422717319574298,1.1970430964876606,-2.6533398013107647,-1.871206377706741,6.316673667737984,8.209261284936673,0.14269670128549694,0.06834803071872517,11.773247174191772,8.242601900029266,4.420225730529282,0.09788463060834882,-1.7754974168123356,5.219076726313044,7.456913755752329,9.284859244098389,0.20689693283539456,3.0292907315419937,8.584440244043744,6.441877130146434,4.471140180862078,4.295183673989389
10,77,6,20.536079350313766,23.35468683742192,6.766615353229386,16.716678938669407,27.47128550424353,19.777650568804642,16.444648471206612,22.441261578311504,8.078411604584442,10.041235347869014,18.855294220740117,5.76599778883655,0.08267947634477846,6.453387149206433,6.696375720929808,27.53321516895438,-9.13828832342676,-2.386499348164696,-2.672678887111517,-5.044309804602189,-3.6379836527971436,-11.69091157905939,1.1672468013925128,-9.073263411887181,-1.2395637516931788,-3.699429069463979,-5.71664130585495,-5.772124716307872,-7.748307950993451,3.326980273432395,-4.170531098480996,20.81742671027598,13.676839925825782,7.879989181667927,4.624978497567609,7.286908760893998,13.33709994830736,19.285693461711453,4.3452875274006395,7.515088754183637,1.7000573440114162,9.477526531850057,9.414831720610582,2.2643066890333308,0.673493147714108,-5.600066796467615,9.502150323315776,11.184826863191388,-8.506385878648425,-4.644521032664471,2.1196517351810362,-2.3891208003411437,6.371813240302048,-19.083740985111845,-2.0129347245390647,-2.47263530906426,-8.668719923532592,-11.373542736466161,-7.94603894201175,-4.209577533055846,-11.770790609514059,-7.192238456853546
10,78,6,-1.4565528738653144,4.382498719366037,-13.101101405305288,-3.2048402695076135,-5.523763538480211,-5.806310991643042,-7.420569443711781,1.738395063002116,-0.6927759675876937,0.21929478208057085,0.04321888691132336,3.5218161722792827,-0.5838338915917383,0.6261614722131579,0.21844203958306152,-9.157002761522765,1.9106915189413256,6.928068582740864,4.369216429807881,9.288936841153975,-5.751301345446648,-0.11742018779353572,8.058574252557463,3.680784881251252,3.395577412757387,4.204822616878806,-1.1290284159434265,-5.540698744654772,-3.0246866623836985,-10.28485562103777,-8.800380295721766,-1.2292711910956378,-6.446607495033433,-25.367466929096082,-18.648499159823825,7.490780764225325,3.5114957130877533,-5.643124329391868,-4.53962512582359,5.732337908807958,13.752735932334886,-3.4940656324899644,-9.366794736686774,-19.1706033608899,3.7322643166635077,9.455474859807735,-2.1427912358819268,-0.5280591923879779,3.6787460763348143,4.637653653384981,8.382108853630173,2.621087093053887,-5.860618916147097,-2.151023769739835,3.2115147029753874,2.826432817530388,6.670713282898692,9.137435654632563,-1.4714738522860689,-0.5817249787732868,3.4230226548956475,-1.1968255300052109
10,79,4,-7.807770776441009,-7.827393980895556,5.1185075677477005,-2.35806805828995,1.94221085514419,2.0635368284746667,2.7600990725999193,-1.5367162378232284,-1.0393411596419244,-3.704120853779519,-0.9515698942321743,9.106853333472204,7.732127173485734,3.0402849297175494,2.5881991544511287,1.0770576648050683,3.2912604328608377,2.0516827693436186,8.494640808234486,5.936571299870744,-2.2578989591494913,4.152813285770942,8.768629423183645,8.507354514900502,1.1062609588772787,-3.0342456514878964,2.7759886486001486,-1.4802783293672257,-2.2349805743319973,-4.763923947812942,-1.7407041686337166,-3.2180768013704686,2.979362341446133,-3.708949464032561,-1.1251192361019875,-8.56438189772491,-3.388250394869118,0.6594179036243388,6.93520962044585,-0.8618896798480558,1.0783911887897033,-0.9815311811909808,-0.17963773231930652,0.5739485819074445,6.147735352241772,-1.187694681354048,1.7902288746724775,2.774328782649077,4.614159759555708,2.834240747419776,5.268506787081319,6.021496648423188,0.8704660912594482,-2.9385261975410515,5.714170866350573,10.716261966926304,3.707437058365566,0.5139664321365538,3.217290665295614,5.667063882824301,2.0482789871351046,-4.344526000820649
10,80,4,-1.9504574023005439,-10.435844501145416,4.630417713595885,-11.303545373321581,-19.723704017005954,-16.7926067038462,-5.723350846004195,-2.9405931171325093,-20.022028764664398,-19.553677872572916,-17.131925510515163,-14.071806819246316,-23.173185881133566,-34.37563906428292,-24.66294583710045,-12.43399497892754,-18.106203331089596,-35.28777301856657,-37.29848995186934,-26.691794517745315,-38.0724081828645,-36.793163005898656,-45.66444942355156,-39.59773379936814,-26.698237465103947,-28.92791911487174,-32.24925318587478,-35.31999057713077,-37.26193133650758,-28.81039367570747,-6.448112802943443,-11.078330569650703,-17.857947354250385,-8.68395672561374,-5.0674176418006684,-2.2937836538682266,-9.444178777110832,-16.98514757632483,1.8579803652800155,0.5543604657258392,-14.990867736772072,-21.651748482274215,-9.919018049065658,1.160912698218188,-8.082647187135565,-24.68737330067358,-29.164275337987387,-20.06857434038652,-20.652611734504564,-29.863838080589378,-39.98866175914684,-33.56250928033413,-20.766280607081857,-28.31356589877749,-43.13722193531876,-44.49228275912562,-34.76264017865788,-24.651576218626847,-43.856555348489344,-46.54048446547697,-43.090676499576126,-35.58175337314606
10,81,1,3.1196131535419616,-1.60592396157544,3.018507109455217,-1.4432320831479817,-5.8667564270719765,1.3600895907275552,4.242300563423733,0.25223177096170263,-8.677215666214865,-6.710977411124761,2.2761957807148336,16.792255824113756,-3.046506610131118,-7.575674491048586,-4.713834039503482,11.962419357343874,-0.026767875811812447,-2.0871043772118654,-3.9022658642994754,-1.09691955113965,15.725469609767917,2.026637911478558,-5.706538480706513,-0.8466283613872676,1.7483961650897264,4.339662343945081,2.888945150120957,1.5904767265225326,-1.4230754481764878,5.506631846335239,-2.76615609228611,0.5413940056431563,-1.1420509232316043,3.6141283941432496,0.6453461218625307,-8.708419094770788,-6.800952492162538,0.9952309300168997,10.878911748246312,8.265099191322644,-6.564252242127934,-6.923060893967023,9.96367926291395,4.447358595025608,9.89193085465217,-9.55347887656038,-5.476523048721434,4.628754314625773,15.480154240330705,2.070116418981698,-5.555732121463961,-0.6379593145826303,1.794046860256391,6.198435704291958,-1.0356635743338254,-4.250076791907589,-2.732846909872734,11.618843950268742,3.167306097496935,-0.6884912520919642,-1.5406816243307593,1.1617689825475175
10,82,5,5.933023491715322,4.071726956506959,8.337289748696339,10.640583227704791,16.89637639633629,15.244987626423733,8.302489410546363,-6.897601924529981,12.018706329700702,24.25745134828216,11.351940034797835,-0.8950688507572586,20.375352568878988,15.895457039201055,14.219939194437929,9.54725709889175,3.4627744496640975,10.41382453990418,15.53890827332805,11.297874556888434,7.973792795216803,3.046976972558745,12.468521716164002,14.167733365624425,11.108267286837824,4.387460639189201,3.6986676112226187,12.425667693293308,9.954688767610095,6.827239590946855,16.850855428087687,10.66950578010278,16.672523171073063,16.844317829690684,13.563240997515994,24.481402670873756,29.337824803095597,15.171365226221438,2.6325023407968335,-2.380488100120935,5.358436325201533,22.66501993949456,11.547407760943585,-1.0813283393863677,2.267587701369805,14.918968454275905,16.82792657879521,11.630539903053778,0.09530195918661033,4.460331946015126,13.348620448147926,15.264091462021836,5.334714299760667,-7.4888682371436985,7.067978972614528,18.218759810055097,8.825572614200274,-1.5863955422395435,3.6979867321688933,8.237766325416999,16.421586184802166,9.873640959537246
10,83,5,-1.0838374331956961,-3.390197804470253,-0.990135568773327,-7.223133174685496,-8.181802158062228,-3.366124992531426,-0.6621970146349274,9.025858175043558,-5.932788404431648,-11.723588983795207,-1.441544222338806,-0.30722044792208014,-9.79698337323782,-6.808055014998673,-5.7998717386820715,1.7616748223705905,-13.669501935677022,-7.108095714214783,-3.3417117821915814,1.0073620720834637,-15.174677895427468,-5.4794182173464785,-3.9180045127641554,0.38011284213422325,11.218820050404194,-4.563224216644857,0.14685150376157485,4.467273163171939,5.653644775426608,4.759783093278049,-4.751371834620192,-6.111829484835625,-6.58917781170288,-1.1079804227210401,-6.043906184731099,-6.899233591827994,-13.83368532467496,-3.7799994795605873,-1.1893439281550118,-0.28735848681478704,-0.075945358859695,-11.004329346324788,0.21955445313417363,1.0631298195888728,-4.032361140179377,-9.185065589936041,-8.08844078101058,0.7192595945444046,-4.21106894530651,-10.18140173789749,-3.4276370864912407,-2.6232135874650853,8.650939062646614,-10.08477709435562,-4.5062143137996555,-0.5887081057923607,5.203773246782762,-14.283269086080347,-3.621427390360978,1.687126205552643,2.2406162587789504,7.005849146170589
10,84,1,-7.652816363860195,-8.825084723168748,-6.524251244803208,-10.282048212795914,-16.64903976177661,-15.340759766293782,-14.829723398178443,-6.141706603283923,-12.080941421593096,-11.357130314473341,-11.193027741071301,-3.4715403641954587,-0.9227316534123963,-2.1822027308616487,-7.750483517705392,-10.713728291539063,12.094174463370049,4.1664148099129905,2.6829325506015027,7.252013560736599,19.993450256019102,16.269790256986536,14.974448420266365,14.861867432914138,17.59515301265367,11.342097063480711,17.320258982070698,14.959446770718275,14.187240667459436,5.5448326533433185,-14.733214417745055,-11.735685081279717,-17.21065022940066,-9.949716393131668,-12.69431193000297,-14.141716305075635,-8.217423696457061,-15.742517192143854,-7.001129330550439,-1.3192462283300168,-7.880712297858623,-16.687710786965212,-11.72635763143075,-11.839233502064173,2.830289471462913,-3.416320125913113,-7.352775798715151,-6.176559612927278,13.79576879683542,9.791130027773498,6.39454549687301,5.565136641354825,3.0729377441585233,20.07064815392582,13.95813435983911,14.346427099347652,15.465250951652534,21.31324024294595,17.536055093159806,16.42896246401274,17.28396017149817,14.130964258912856
10,85,2,2.2411497304920216,-6.224435136653483,-4.171415357146317,-8.46055628391119,-6.270538674712906,-9.85201048841075,-4.550531607714663,-9.176489229563893,-6.975200176239014,-9.10037185288058,-9.023198284390501,-4.887818563138928,6.036252654839036,-0.8624933676839581,-4.990324733103054,-6.2179116477093785,0.6691768481509702,-3.860369857173507,-2.0579044917632427,-8.152510959382468,-11.927931199537403,-5.100228342977235,-4.7418266483923315,-3.2341314403385617,-7.80674939993315,-7.2446197630797045,-7.724992974411425,-6.726400231351935,-7.306409136801049,-3.82938752346104,-1.255200546802726,-6.241198507131914,-6.7012185636601185,-6.815346897011851,-4.814543605566299,0.416892471586968,-4.84324861690402,-9.548232682618568,-2.52813271096362,-5.702881867202315,-3.8582574016437268,-8.999571078252504,-8.862387278435255,-6.096926104941789,-6.331787515022769,-5.746079776890388,-6.251311894142766,-7.727295085955293,-9.259112530904705,-5.726779304717377,-2.5446292516241624,-5.33910408875019,-3.504800200882573,-4.011878228016628,-5.935164015762868,-3.364844133941141,-7.258674221158749,-10.637709250264777,-7.270103381554851,-6.005007007045719,-3.1005478563559468,-8.760235478579089
10,86,2,-8.413796606042032,-8.294470835204532,-1.7002012269662288,-6.640264205634594,-10.764397148406369,3.540842842583247,7.379231300841016,3.3888993814769313,-9.774370222874895,-9.459401619049908,-1.7614396742556422,1.62524551063742,-6.236727707065281,-5.9201449157624735,-6.036245608475153,-1.1515116146850832,-1.625726192644452,-5.281431002860387,-2.1450582132106883,-1.2048228460977344,-5.083850813086895,-4.1329829943616225,-0.9196259769179482,-3.460897052717373,-0.7435186026481566,-0.3201763255339927,2.968462735675729,1.3201339852019447,3.534565062943567,-1.2594676214929024,-8.831997983884527,-8.335994902225895,-5.720764546632407,-2.3457894083566786,-5.84152559461299,-12.292972215065147,-9.195807044076295,4.194902298404131,6.106723699116763,-0.3388100225569275,-2.6568910068060037,-1.5428292245246333,-0.04819492480672166,-11.293926706719331,-2.6723489218459644,-9.479108962162234,-4.982425650877017,-0.4810434988154682,-0.774230716568304,-1.3400801748843758,-4.420930995310587,-1.8348689709403891,-2.465466068194405,-5.281897724583385,-1.5461664639140764,-3.11913946623028,-1.109994671330218,-0.5181211381242037,-1.7244321224166144,0.3768879256279369,0.837539544601627,-3.8659881615965848
10,87,2,-1.1701136545800586,-0.153192684236096,4.221547288002399,-11.297432384112991,-8.573284543778122,-5.268917484225976,3.701934636485333,-4.526363987044047,-14.22257108568419,-9.084980630520267,-1.196278030890404,2.6948005713113568,-16.76178583475511,-15.50571850969503,-9.684567187708332,3.241605812601361,-16.57134337845917,-10.81152520459089,-14.950063136996844,-10.030641126196565,-7.387646364244039,-10.267713285800886,-12.1844582071119,-15.01593020126768,-8.865429619866665,-12.06453592960564,-3.2690720693094693,-3.5892483033466975,-4.5073654847901015,2.214483482581449,2.9680768684370498,-2.7355139372563704,-5.592820338155261,5.143745672786839,-1.6832203563620762,-11.327856911323593,-9.133547456548897,-4.481548484414816,3.5139239987290325,3.426703789277091,-17.80895239403527,-0.6755880488241768,4.761327141918601,7.070337060685606,-8.969206313430488,-17.133918620100836,-11.783774663273965,-2.1819114644739135,-6.4685643093047185,-10.277290010325071,-14.244555999365897,-14.561395012296547,-1.0064147410505437,-12.56716439455021,-10.357512971891722,-15.826709009479826,-11.725550748589567,-11.836394533242398,-8.947382693156236,-8.98496927784347,-10.983053387880965,-6.779483315012442
10,88,1,-3.811838069726236,1.4328239397486562,-6.0557776503946394,-7.24439877923578,-15.803902869487597,-13.737439545586982,-11.518183494384237,-5.323579726956514,-12.35028029171886,-12.865952144496191,-10.726677121276532,-5.016506624226341,-8.401412680813273,-12.00552940000666,-5.749648533613851,-13.04229827632946,9.646517382611004,0.6913828864727711,2.67747580105575,2.839157139885286,6.879571854432184,10.653872527772702,14.0805094910604,9.584703345152713,5.214206059622333,4.886355216728476,13.082383446667972,10.27163667595242,8.688806323834303,-0.4146640762550433,-4.6523640421407295,-7.25197140382966,-11.068701510062075,-9.553829730079487,-8.48312019070656,-16.276562945780952,-11.434517985527831,-13.999710937030613,-9.345325629206988,-4.49911176454185,-6.782775021839617,-11.716079313989455,-8.643983811628434,-10.471637953322652,-0.5887958768573469,-8.32914490036939,-11.119001832858821,-6.904009754883078,0.3662936831938062,1.6223749133144927,2.3369252599048886,3.7683315611239996,-4.389502950745252,13.140958564991992,10.48209875013407,11.873886558658842,11.114703008428028,18.252177548208618,13.289360972257658,14.274717357463945,17.79104516043033,7.933391859171422
10,89,4,-0.7182910754004628,-8.380620901918645,4.9336412321412695,8.736857398049676,-2.4242649425457112,-8.561683374547918,-7.491310702591414,-0.9141552459857454,2.729909745658316,-2.0942173470720316,-7.103982972057827,-1.574997722443829,3.8820565512812673,-0.7172558971726122,-6.157508310839173,-1.5442258758504486,22.172171713216468,-0.7079321592819062,-6.167758638629826,-1.9343011432849802,9.125788767617657,3.7002431490322225,2.7699178505643522,-2.483134705164446,1.822607999459537,-1.8057008655401072,1.9078737186813148,0.505323403901081,-0.48224006864673896,-5.509081238310036,5.681981433977985,2.41787819264502,-8.092013171873987,-9.272166528909397,2.312887536678051,0.8704345297159222,-3.6444966343299585,-8.786750648602302,4.060802922856697,7.237903235786849,10.811984925178765,10.479498561380842,-4.104551761797293,2.7835684125141293,6.035389351499511,4.187147012190534,-4.472336822984422,-7.587553042600432,1.283565093286156,1.912232120339642,-2.5778190052454755,-4.977407552176948,-3.05211081237691,14.65970087889582,2.3134876460563842,-2.871276564305516,-4.029388923334271,6.825218424920794,2.6871752377440443,-0.5215952753929826,-0.1206135556964957,-0.7949909983975127
10,90,6,-7.508512579006844,6.119405853675631,-8.749160538313957,-15.716061446179706,-2.6073485630132778,-11.243861486130141,-12.113102867069262,-9.124020125489775,-10.675611809111858,-6.844497744789031,-15.384568045824393,-12.105000153218004,-8.795000812282971,-28.223801548888048,-22.469892872179447,-14.38548765061195,-21.90619449839904,-27.89494358567614,-33.69570298783663,-21.766827977427138,-22.771803961748773,-30.352205294229837,-35.549805789640764,-27.62428178376993,-22.074553759927618,-12.30930384034973,-23.457761425797543,-25.93316921709879,-27.245663748963228,-15.606452681902214,-2.2087005258696832,-6.438974990827462,-7.672741490143646,1.5896871701428084,-6.703678442227724,11.80713862698616,10.400093081225522,-11.192985731813055,-10.259007121254571,-9.76617997181716,-12.636751137202513,-18.113972580650962,-11.504231077834687,-3.644212361010604,-14.617903151344972,-15.076705442786936,-24.829466253337348,-27.88945166893848,-14.809029793866515,-26.92365558242225,-32.492154228796295,-30.14854384413581,-15.071052293724776,-22.708396767606818,-33.41605405368637,-31.309239021525165,-19.80081097372216,-20.273716662805995,-33.39170396861778,-33.71011180376136,-28.863504831452016,-24.35767642372264
10,91,4,2.666513166004202,-3.720045429166044,2.561031261490228,1.770560075178611,4.272275873204334,-4.413905746354605,-6.17300483347882,9.293712858837559,6.597378681606901,7.58772141123532,-5.914063391491499,-2.516303354451183,2.3890469391012554,13.928236270948052,0.9816189337203813,-9.103530100069756,-12.205225390342362,9.992822891345437,7.952667582734701,-6.738777073465428,-2.574766073046571,4.749115200406631,12.346329030330939,2.5685899000069696,-8.302313896032366,-1.5204232182217443,3.882544362622242,2.0326630929144205,0.3044621899167481,-2.7052297951460527,-8.316845505611925,0.9624413532806904,-1.0308489143201032,-0.5383340139737032,-0.48698435551146163,7.744689993492162,-0.8187515420509845,-5.0583569805546675,5.704278575466586,-1.7863161779326828,8.970929256572223,-2.6197043910633955,-2.3072588535298304,-4.369651602058695,3.959479331856641,14.888845831984892,6.534255962946642,-8.1218094073872,-2.286677573358913,6.466528995235163,10.368019375757008,-4.80069998500687,-11.076526802351196,1.741925229568309,7.914758209002812,5.957678955638924,-2.558680033424824,1.66949959005025,7.391478267793615,8.104316351162945,4.068021389422938,-3.7167679038262222
10,92,3,10.551983843682477,17.656542297236896,9.571066726180844,14.235414543200472,-0.7208141522317362,-4.165123451092257,-2.3391816984669016,-1.2800629136902164,-5.066199986968284,-5.149998808415917,-5.956619178935909,0.666366012925963,-4.510218316105637,-16.83733810352662,-9.05383674408559,-0.4959574251026824,-2.2235758120688147,-15.863183185390032,-13.529700400356038,-5.8738274518854725,-5.959766853101002,-7.666010938056673,-15.714019128970403,-11.711166500545495,-11.856849523857466,-6.67992129093944,-14.126216408512674,-12.452112820856955,-12.615415314587246,-9.85542848961507,17.69664848018892,7.112503216374759,7.265650141518563,12.715394923122743,4.144247318964404,-1.4380981421961274,1.8556853674533893,-4.3461683023857285,7.411382398965607,2.5835565719299183,5.2728862814014645,2.612700164425981,-1.4694069836788435,1.149079801185373,4.965350061325673,-10.700691730414352,-16.92896234007871,-9.459752531546146,-2.836848033592105,-7.6800054966858236,-15.61745035507511,-9.1889677525657,-8.288319394810172,-9.62121618477374,-13.941125459426015,-13.47866999280707,-3.528423957140525,-11.157153524344833,-12.073705349935265,-14.857242267232435,-13.4751397608893,-10.936076108411678
10,93,1,-0.9500820590183139,-1.0617682596259719,-14.40841650288189,-15.078414574174626,-7.473031365130913,-8.40276730814721,-9.738931200398902,-3.383969237550909,-12.914396242758189,-7.209050759820762,-12.21408606565944,-8.774752824493426,3.851881234497739,-1.3057045274663965,-6.014523930722708,-10.762807498674656,-4.254544100678736,-9.251778237055987,-10.036810192347668,-11.073144046447757,-20.23475771638132,-5.19989220293739,-7.7313726192067636,-8.90294617309985,-11.014751513102434,-5.580415530493717,-6.181876070865593,-10.847234544503245,-10.965307415326732,-11.389425144792064,-17.923084592219535,-12.322028065423996,-6.903177875298553,-10.874606092801177,-14.467921418109444,0.19458670764252872,0.010646796717149853,-8.483878154035022,-5.242163583545421,-8.322512677030222,-11.170305814656498,-14.897120496999214,-15.512940273279463,-12.62576736413261,-7.811048196123282,-8.15106531023616,-7.134958309365624,-11.972178268473503,-8.571052790187837,-6.649682929512206,-8.642008110608275,-9.497700482568563,-10.873398904183246,-2.7718969578968347,-8.4383815532414,2.0196265741819275,-11.596041492845233,5.581394502711368,-6.882487911526576,-8.227119535934644,-7.963967153211918,-12.437725227244874
10,94,2,3.4954728646226574,9.557728415261384,4.781610072204251,6.698155065498698,15.618053989166885,12.563960368276527,6.6295999441432185,0.13409570994128173,8.276865467701748,5.511881530830045,9.154798917495077,2.550331767091935,1.6257228332957836,3.2183961716321523,6.734050165924314,7.2748126993708215,-2.8846254137844385,2.9597740258919316,-0.25683225266544557,-2.117153263491829,7.781936196698354,0.21304844104026088,-4.898128667346585,-5.289891788190824,9.80352424239603,-2.770584488707798,0.1249929581791509,-4.284863089370292,0.16008811235064785,6.855776194187742,15.730915765028168,9.616306864088633,11.568950589763272,5.1208727063998705,16.13074305712632,8.441575089333261,16.563181076653112,12.777338768968853,4.0468575362365975,-0.18506988133417285,3.135864105103991,11.720592146676895,8.191817349456134,12.716538947839409,2.418071328094456,3.9230471647730676,2.751592890382177,8.013955195275381,6.282434647675698,2.3637879880304222,-0.5622874875631024,0.7357210866743459,8.222455827256299,2.4725018699721577,0.7061775054146577,-6.378596267265426,-0.18846328542908702,-4.054426738492597,0.689192917470523,-2.093926119277394,-6.9687255782347775,4.580405182909315
10,95,5,0.15767731221120385,0.19110918054130177,0.8119822479557357,2.3154879442029976,-4.046794325658456,-12.564006043109679,-7.616135256705672,-1.6609372130776876,-2.898581284575349,-10.238401386432532,-9.232951735612005,-8.628936579394178,-15.529254498687106,-8.812220226526088,-7.617005446198873,-14.194487177880434,-1.4541385501066628,-3.997146633430955,-7.8528529873640265,-6.172257394461733,0.7732763080516942,-2.456573898472441,0.7972790113843362,-3.0885289567181946,-2.3006791085652196,6.0062667948602675,7.835766828210069,11.525075396068585,9.794102365770035,2.832489751035167,6.419821887208917,2.8447543554144294,-6.474463238948729,3.76425754001773,-4.290084771127667,-16.77341517133684,-18.21041156842215,-12.460629527990864,-10.474957623246423,-6.79537639110463,-9.10707087852288,0.9169029184594412,-11.721195731028102,2.7676718879048123,9.510821444459449,-9.083296293983375,-3.291695681923045,-9.630631312177087,-3.628771986630629,-4.827415202267284,-2.172078826601005,-7.495833964870742,-6.8466172919313335,-4.306672651547844,5.447811118392392,-1.9686383570703445,0.6028220672160378,3.708268692944105,4.6088398233419525,8.846290785001544,3.267240278104821,2.884797386416211
10,96,6,-15.802099228632176,2.4865069901343535,-6.519956041757784,-8.881231422490654,0.7088619970557504,3.306771017417946,10.388347915487316,-2.653399457837025,-1.5068392348816506,4.7886180245408365,2.552110938042992,-6.355572682674044,-16.413416827052114,-14.351634653191454,6.831977081042145,0.051244367898594295,2.469206866564049,-13.209703153635303,-6.772942369145053,4.405034547580813,-0.21083065872251083,-11.19359276593639,-15.21647205810268,-4.8865482593296,-3.650778060864157,2.3292683350211916,-0.9563038501740861,-2.12051512659868,-3.16205301562114,-1.2660227850556547,-10.446828143898305,-12.28581344417478,3.624371564333757,-3.0121554874065444,-5.338005870785111,-9.392165876482045,1.6424860008083622,3.6996325267615138,-1.3513165244679322,0.2221547972706202,-6.366170456110524,12.903047661211838,6.237229608362769,10.606074124385833,-9.070898355427767,-10.969121804801604,-0.9753726143617072,2.539786670402421,-13.811991663837087,-10.567897856199657,-9.055756346497219,-0.552328637960116,-5.0460923934900554,3.782017266792362,-12.998924801444126,-8.212482762432131,3.334984630654728,-0.40347682487037706,-8.113520806700711,-7.032364474882083,-5.896079022065378,-2.8047953943562915
10,97,3,4.475744332754758,3.3036865557021478,1.9115864272433813,1.274076375871806,-2.7991386387020163,-6.969631153329204,-3.5518792043099277,-1.5470297210281951,-1.5301226158058507,-3.9676662161492025,-6.050650800751498,-0.4039715891306449,-9.349227810846406,-18.400966144712054,-12.1656983347337,-4.369388459852284,3.5541987340761034,-15.993471402686275,-12.172014595594304,-4.368549767609046,-4.3428837243672,-11.132389228949998,-16.357228067873923,-8.186560638748649,-10.664140280154417,-5.047573295728548,-6.324941052282913,-7.61797745466777,-7.366882711194641,-15.094195125465541,8.928573462657814,-0.22612708834249595,0.26756341189498184,17.533742498924457,2.3899243497176146,4.001841954319033,3.0499596979508823,-7.572010948459,3.9616760288808157,7.019657652552533,-1.4541175852972672,-13.233558448088331,-3.154883823039511,-2.406575284955068,2.899644639456599,-6.947698771453846,-14.630476510833669,-6.84178164123739,-0.7969455865279932,-7.707099787468906,-16.83375175471031,-2.3145683362807468,-8.230400567908383,8.054563278877513,-16.95317201960333,-13.79453365083374,-8.603182770857005,4.391798039761982,-11.221904623282445,-11.629409833748754,-7.099459635832046,-5.448249741264328
10,98,6,-9.966037409294886,8.955713522688646,2.9015816897835305,-3.4137548461738163,-8.756350749876445,-8.171295644613217,3.7146307537161802,-10.271359456619297,-10.558142427514047,-11.397380376586737,-9.19617562618379,-4.556641049972712,-7.52041212487512,-17.61427780890427,-16.863863881177664,-9.660469755973304,-0.12084863923323969,-20.503893373534083,-18.804660513775612,-6.76889277357472,16.90401234595878,-12.776791271134618,-17.930211519141032,-15.50596765901258,-10.613218761162784,-6.213269012480427,-3.1622985211178305,-4.6901752521942655,-7.936809844655416,-4.543414958457392,2.355148483022319,-10.144657442792717,-7.6519356565720305,10.938739552699241,-4.020528193563223,11.159564296078939,-0.8253066369173352,-7.92272396365226,-2.600404010835761,-2.620171119703162,-2.6399278259770824,-10.246991664398367,3.5175209810457586,6.0942942466496,-8.230365444607914,-10.519352039310892,-19.03818155473051,-13.74121888870055,0.09575462394689263,-9.062409711729094,-22.39403523727344,-13.74602647305526,-10.192417131487014,7.078671423025524,-14.64061800308707,-16.891477558807257,-5.7516170856429305,-4.721978900335138,-6.964146205564823,-15.296123132972811,-10.264850333878178,-8.518783753340294
10,99,6,9.993963414081938,5.262439587374966,4.203889117031016,-1.0248237122304542,-8.421014867768408,-9.634393237781055,-7.458886011327593,5.928650989810506,-4.401693880421729,-4.4940304996945555,-3.9529346656395017,-10.302889241746113,15.425035799035756,4.16617969727916,-5.483025713414862,-1.8281735574326863,-12.06946978791866,4.894759666742528,4.499409909220981,-5.871728954126873,13.0177832773756,0.2958226645160936,8.59887001171095,1.9422109462093655,-4.709721375393063,-9.195157846049753,-0.14644094323739412,1.9492677390211965,-0.6357905416658554,-0.5927857836799291,7.771935027274419,-1.140524441711376,-7.426935018687629,18.0444174944991,-1.3703641521676269,-4.948821894790428,-5.17587895496044,-11.547758636360127,1.1206766303313516,-0.9064701828145881,-2.8046374901583997,-3.619248204271833,-1.760734376679288,5.19028404793239,1.5041091011882535,7.062030886157938,-1.6271229419948097,-9.65551485165545,-8.806521340496927,0.594747339534323,5.164470546827766,-2.481527559765865,-5.70578753199746,-12.463815977774187,5.595631343153554,15.561798449462312,-6.006179056272317,-13.334236319608452,0.3892295455060334,7.431430309602036,9.013611213883339,-2.9232228661006436
10,100,1,5.715665800178925,2.439589414518422,11.601217387971008,3.599273946533744,1.2359247523041912,4.739447554025417,5.518061113805032,2.668618733395556,7.699274051843633,2.6965094617590637,9.392987159160311,8.224596434795274,11.11748946221865,10.772394321313705,14.440511321058354,14.239443123613183,17.377875931651836,20.165065790094992,19.13115332257458,16.546821347551376,18.578059644960785,25.69492461409695,27.847081843581897,23.12466469043637,12.268537765232523,15.312875889423422,21.937103237684173,24.717632721110103,24.278425625866138,13.621619416718804,14.911125465023636,5.644166513437709,1.3306545043682203,9.1139207219069,9.409052066908147,-0.7697391212668032,-6.207941983667455,4.924882502919733,4.212539272439642,8.379554108920981,10.345276333811906,4.245946543291211,7.304047567934564,0.017342322619586487,16.567332441721927,11.395681975091357,9.552629645277817,16.318139470568507,14.133525974433448,18.832340709138187,23.017136631215504,19.505072426732347,12.931264759927268,23.561804723812312,26.894540142540546,23.680625271597275,15.641498692515425,21.876766614797628,28.36945986075374,29.937579751378163,26.45524887740612,19.79942482410046
10,101,6,-16.722104126087793,-11.45569919427095,-22.982838210751996,-20.993000858224832,-13.005045168919537,-21.080007297191294,-1.531964839243032,-2.680223454573621,-19.46233447198188,-7.480502319045174,-6.084584450440072,-10.582818962786932,1.4150886901358992,3.070519838891016,5.159301619948366,-0.1633903591598334,28.01967692052628,11.103112409868071,13.803050283751475,18.746001398724662,-3.064919283971324,19.323946886162116,16.468791433223867,16.351743308372978,12.035778440966657,7.107218407440883,16.04732319423021,5.871799151663008,6.40715034378738,-2.9948132005009107,-41.72508803845904,-28.858725270086012,-16.699726181241083,-25.11353701237226,-32.14255696285242,-11.598202827454712,-13.931700027888498,-18.855241640720802,-11.764477807014789,-3.4652202839440642,-11.10664960936213,-8.729460011985966,-3.1619126779004594,-8.841191885674872,4.480257065103548,3.4903179271737215,-2.903143220694689,-1.849884767948489,-0.0018458140264382417,10.173285268633284,12.28973666310492,10.413901640329419,6.5264023399525675,27.77732334862939,13.19436450199815,20.687482207082212,20.53965518332836,25.19421602583422,16.24672799393898,10.003360929694484,17.37912179725017,6.933556774043385
10,102,6,-23.75707582939734,-7.758498521112814,-16.059696535602583,-19.404583940782196,-3.1732191840504744,0.4217105087165436,0.34856189941851157,-6.901233881303085,-4.794106257988547,0.44871706938053113,-1.792351850728708,-14.579572548839918,0.017612518339486252,-2.0373198050642145,7.807310939380303,2.7743428149487697,12.221336020883637,3.115465323491838,5.525332210823988,7.515502787410946,-2.7206736393613613,11.995198414729144,7.663642245571966,7.063810046711124,-9.81230786424584,5.683051612069152,10.600248899901425,8.3229056631929,5.530834508395372,-0.07203612995061406,-8.116819378988048,-14.431685705095672,-3.2903201291337614,13.42110225574181,-14.171210888318907,-0.9664452217701012,-1.2297870482022812,0.6340255514809459,-8.108955311623019,-14.5099576573092,-6.415077630379354,1.8878222120096697,4.067280912192586,5.995055042695613,-5.628263058549748,2.9722562559494174,1.1558840672099349,-1.9356452297169453,-9.222371528015993,6.599610665699514,3.678479309023428,6.020454362443672,-4.521981024654675,9.458043464754779,6.990461370322806,5.191550893950411,0.6508484337927496,10.967121627954093,8.661905155630734,5.877192617973265,9.3817647847506,5.272103733087819
10,103,3,3.5136924193172545,1.2098796089703683,0.22075127982875237,-6.245669069313781,-7.953520363787327,-12.431187687021467,-3.355646632679897,-4.5139240261462605,-5.342669591091846,-10.95340431327137,-8.782466001683707,0.464438064398653,-10.60258245686206,-15.783781336029849,-16.261291044184983,-1.6194307800700398,-16.256437875057873,-13.33205013940248,-13.280882993031568,-12.424993979858188,-9.811290145738097,-5.3472420415136845,-13.424092079580925,-5.776683287649623,-11.998819884730551,-10.400363367732341,-5.752757683850642,-9.445129825574593,-5.105772843720709,-1.8157932037805649,-4.901083256595018,-2.150030729065581,-4.756186236894306,-4.428279292247282,-7.085131734845276,-4.737594588477979,-11.216577692667212,-12.843774274582186,2.996346678491114,-3.4498922310019964,-11.68272480532732,-20.528257473917087,0.11178459154396495,4.317347531939472,-4.263629219372664,-14.281167060409373,-16.461415290616728,-4.565213935040845,-6.915067002580431,-11.708608333566568,-13.030788146504545,-13.600434627077286,-4.669271281670506,-6.722143598792436,-10.547113117284887,-13.754413211082179,-10.120868815336282,-6.185774692674962,-8.908280183447571,-10.597301236013092,-8.91753728958074,-6.353888311037198
10,104,1,3.491851403792504,8.761116240960089,2.3339495503956944,3.2762340846834936,1.8808986316548606,2.517078886342393,5.47432649328101,-2.581893090087717,1.8020055534817832,-0.27137081498257465,3.0774223842181097,0.7083216015158628,-9.159943357723328,-13.142793740123142,-3.5880130259831207,-4.36554590164025,0.17778829182498157,-8.185083170580421,-9.929952669252712,-4.300812359422261,12.019643252397447,-2.843961105159508,-9.480129925579556,-7.772381051636596,-4.86282262680825,-4.895321153081592,-2.1622917845833873,-2.487977451247321,-2.069709458621219,-0.06403528735404979,0.8087188272577949,3.3798001852431683,5.029230897564713,7.714293499681645,6.4121158575431885,0.8914263274793214,7.005354371557873,3.4823205133945487,-0.3425682704986597,2.5200511797319924,0.04095197422997788,0.5757347284134767,6.2537682724707775,5.981056990170083,-0.4843596199572815,-9.393176531436199,-7.851951001706055,-1.9167974014289506,-0.5058041915933539,-3.8556429115919055,-10.397945532984124,-7.298899602531119,-1.9227736136171871,0.908645825574128,-4.944572395889274,-12.11020439917722,-3.1242838744528374,-3.1795602388532296,-1.0213077061968638,-6.284782171101744,-7.091272664506258,-2.2843474320806094
10,105,4,13.93195240558465,-5.363622826308285,-0.009965978454935076,8.261870764900094,-1.3702064035744288,-4.6084363097097825,-6.776128604440247,1.567712744834219,3.387327425318156,0.47568141116772256,-2.5511178477871703,2.9202258418564035,10.600813828226991,15.48950277850395,-8.640130683507135,-5.167460480489108,-6.85378296559722,10.235092177737227,6.0023470629097515,-6.994335594689243,-0.847761741021602,1.5329404773599489,7.916017863172575,1.197674652907952,10.835268314428085,-4.909561341410864,-3.851179455543256,-1.337858901472716,-2.5482612821932236,-2.6953549823473857,-10.021089106843599,0.7043176096659625,-1.6981098229383558,-16.65850751108786,6.402328793697699,2.9554157684239124,7.818954426085389,-4.252663014502061,-3.654448599835702,0.279666412315081,4.712690074905394,-4.1550731991485845,-6.189336497898827,-11.422842904715234,0.7818140215126852,9.56814352350263,2.6032709712957645,-3.08585504769552,-0.21778930573746907,2.051538944806584,8.743282663068038,-1.8879766887871594,3.628347420235869,-5.813673313116515,3.562571597671732,10.367735131780012,-3.903641427571814,-10.243486034888317,1.920615617208546,2.1693627863054727,1.3850185141512545,-4.015303145526205
10,106,4,10.10953078409884,24.133209293208463,3.4701998587243432,-1.2275132217512659,5.684248252615628,5.053588081321609,3.782733132403981,4.443326571411113,5.7764550686200575,5.628855987111245,-2.7318117077939377,-11.059405766609244,7.385232069665882,2.4458007745433425,2.909607107410341,-4.303374015828368,5.014871432832104,1.1927302667825719,-1.4099687655433657,2.643286078526615,-7.2329272141271295,-0.9972521550158366,0.4189557108755533,1.3738980582438238,-6.201292234245782,-10.875142879148084,-7.386519990154399,-0.14642696403444028,-6.053861612195674,-13.81175310180022,11.862306361790841,4.2168450651508635,6.902518293161584,16.918326179701367,9.080541625573508,14.04590206129886,11.69879318937296,4.46258485998686,-0.22862913559486278,0.9175275204385192,4.135344634147745,4.2436234337198195,1.573980077192551,3.222147449851036,2.0382216554589396,5.619935730131478,-2.476776134677049,-3.4609461709766123,-8.106860366797575,-3.380365156682161,-0.3648094513067396,-0.6589475898157309,-2.1683695571860535,2.0113239020177334,-3.4820012190924388,7.272412460842507,4.962655049248983,2.9588126257039256,-8.577025469301677,-7.549780352007049,-2.372708243058452,-6.6592734486955
10,107,1,10.511502039368919,8.80845494528597,3.8983812524778054,5.165969050239504,9.54313731016363,5.011053434641263,3.7417109694158643,2.8946440897899053,-0.07494178460910916,6.184676316930215,1.2229057075001473,-4.112422831958478,8.817059446949653,6.671141395663342,-0.4368174165918869,-2.7713178861687506,-9.649159655520103,3.771665236481083,-1.0301331050045175,-9.710657879045778,-2.0113695314403897,-5.422474950211259,-4.092024047785189,-9.434605880427492,-8.833447146184021,-15.091594896211124,-15.338485733361725,-13.837548871592784,-13.427316907253786,-11.624619913463503,8.09037786890275,3.007221636640636,8.488538397601015,4.582170249837475,5.382723183973074,6.682977970575961,8.753203179414687,4.627238408798665,1.1574842486893995,1.8962549167094633,3.8323844330748775,2.5728955622989558,-1.3538396632435121,-0.16721527110330947,-2.1742965788580477,8.34036734259529,4.239861594024685,-4.572576176125284,-1.357545255061534,-3.439620937396796,2.5375022526557847,-5.55335990031159,-4.476379383707466,-11.679380584712614,-5.769738536600661,-1.0057198633808961,-9.996767185128684,-9.503413564911702,-9.385224928114017,-12.267256913676135,-11.876395599507703,-11.659837951344178
10,108,4,-5.540000424220609,1.559178390472035,8.662213883146917,-1.4954694878798316,10.143710010886618,-6.352396937382479,-4.690705146254384,4.403100993824984,1.9134076309770836,-3.775914786372146,-6.126803170741966,-7.658876790835451,-3.8817407880432664,-6.832724539517637,-5.901448099987534,-8.201025310608488,-12.28633979181531,-14.538873205035253,-18.093731739989863,-11.62647274586305,-4.368637442497945,-14.142172627412236,-18.398155287419254,-13.977157600042291,-12.01282504137333,-8.731379653732494,-9.260073965846953,-10.190515144069376,-11.321491264715416,-5.482071230886504,7.961363500801894,4.39518789077041,-4.234373378726409,13.962598124110116,5.8289171177269195,7.060922002692407,1.7194631725958538,-6.08219456304966,-1.711823657586625,-1.5508511733354595,-2.4528751508673547,-4.992433781627708,-9.5443303606206,-1.0024843942601147,-8.05495634638681,-5.910013922422029,-12.714738740551685,-11.614597842869609,-11.828214650877145,-13.81187946984272,-15.952765278109325,-11.21298791227361,-11.882898056607067,-8.49335989730842,-17.734666680482732,-12.099041481843077,-12.82455110327317,-8.890990385785699,-12.475803122128827,-14.654665134029415,-12.222090439518865,-13.890583100170383
10,109,5,-13.816879986785352,-8.723508381307493,-9.662476957480353,-23.51043054361534,-34.09860439013075,-12.873567029152344,1.80926963857307,-22.031794681054787,-26.27882888449766,-28.41834960776814,-13.896271298843903,-10.467065574464998,-24.412124776213282,-13.008578811624517,-11.598778463809232,-11.839700199425126,5.027493872861495,-9.141667814493724,-8.966893856663534,-4.471543893854063,4.003793043357028,-3.2075773819644997,-4.479358795666835,-1.7273447678038254,-2.303753143767036,9.09628373400376,6.49130024004546,5.949962253432446,5.789172200622361,-6.095782131456386,-17.947185391060454,-22.184481892961916,-16.742292238706042,-4.744711277370412,-19.295456017844568,-40.94501479351666,-28.981254644510244,-11.852547416145473,-6.323846307560442,-7.736369718351716,-31.04887982887192,-19.311763117998467,4.833503683466784,2.4907952472908303,-15.213043559615201,-13.932205157990497,-13.15137022615569,-13.977301530471841,-8.792014458211044,-8.461268646051968,-6.35138627755024,-12.021569791090927,-6.288881036112223,10.435619865021692,-2.0099903353058344,-3.657262928511305,-1.56984986677175,15.099887029336,4.4580438122743935,0.4749725170251793,6.426204942802828,5.786323147757745
10,110,2,-4.434451905374486,8.87484125625172,6.1482371259480715,-6.67282227573281,6.033680377800657,-1.7079424944865278,3.3903417064831003,0.0956002139140677,1.9874615820760777,8.718648372768856,-0.5697796485591238,-3.9297917659689725,7.503971695383199,12.557647395894282,3.7873406973781014,-0.7107288304534622,-4.680781286703876,8.480319820548884,7.164838893293611,-6.235215349934949,-10.324403927820487,2.8062586948820742,5.894584047030613,7.962286297674864,-3.8097081339759047,-11.504803066391771,-3.0541180555776877,-8.603242406394427,-6.769833253651135,-9.902195199597166,8.87509033954475,-2.70797051741492,-0.9425478264144267,1.5907224120526766,8.90809048950763,6.585615976418298,3.8152490695540977,-0.943516388262918,3.980109681041696,-0.8494917526216492,-1.2832000139737265,-2.2283868154102002,-1.6095103930068635,1.4305675059738685,-2.8593909622215454,4.795144993811846,3.7804591517168564,-1.9067788756418427,-4.979772767279203,5.158448854083673,6.183813070651237,5.893106774972155,1.184985562639377,-5.142482237118046,2.693400426563329,9.279886700905765,1.3566082960261576,-3.213163946096489,-3.216901341226043,-0.043731273856106506,3.228800898690411,-6.263671156109835
10,111,2,-3.416330667894059,-5.400830408830836,10.375851711053858,-3.0048387301404342,-13.233930338764704,-5.72351929745296,4.744107819088485,-5.100954730813276,-9.146626181323034,-11.603322836275142,-3.618416387837653,0.9031890789841912,-8.083692926163899,-17.757160750923326,-6.711749473177806,-5.801306970911554,0.33552895122911863,-8.342707891062627,-7.963851367464147,-4.37832967232822,7.316234812640202,-6.153971025311364,-7.437697578903015,-6.872792280483537,-1.9404071848385205,-5.973326300520721,-8.3680721694013,-5.176591393469676,-5.549885804151615,-3.926977410867082,7.003476948341036,-1.1008462618309585,-7.114247224180075,9.15031423484452,1.272651425551439,-1.733261162824021,-8.62874349170341,-5.116475822494889,9.641130808013965,12.140642799800498,-6.056054821056197,-5.8034229997414855,7.118630240830338,3.099189818223438,-1.4758217714772353,-11.26022123089401,-11.127722131210474,-3.8093396786021123,0.5685444721265653,-6.550047166100365,-8.244900498448347,-3.1037693699685556,-3.1754790169198235,0.19464641695887555,-6.994889939431008,-11.515088307648533,-4.759740952856654,-3.192951155656088,-9.175180184859329,-7.987033091576364,-10.98490280839729,-1.5000068311829418
10,112,4,0.08651844807332497,1.3798459131361511,-13.120131773737869,-31.740880273555124,-24.161257985525022,-16.781440569990778,-10.094690549755235,-12.562879620006354,-23.037061682016386,-21.47125802516211,-19.194949949478232,-24.350023040275378,-9.465932151529845,-17.296593090678314,-19.845082451294115,-22.26331176699661,-15.042529847563758,-19.586681691793398,-22.6702836075934,-20.145947870684832,-29.54143014332144,-20.804067398716754,-19.425305665993115,-19.04552970628436,-19.40139063220563,-3.6907579079600477,-8.742896671656787,-17.51633700028788,-16.69763131644691,-17.695922127947583,-9.702281579874997,-21.406127913718716,-11.934858314891738,-9.824768929992148,-17.551256693945056,-15.620987507332929,-19.571311523019133,-16.052474534536547,-19.953073652960903,-18.28161580664129,-21.780654153701423,-21.84936703646146,-16.62992185028838,-13.42135839536786,-28.31607165042218,-18.159040867373715,-25.400133477115062,-24.667069321543714,-21.86741482557319,-19.011104602457536,-19.91940317938967,-24.04483091204269,-18.58813450751235,-18.583162140192044,-21.856290790184246,-13.96108206488737,-16.096381308556325,-5.155936307217018,-17.216454178821763,-17.553597375341674,-12.652851112550362,-19.629567139759285
10,113,1,2.5137311594458533,-5.383909307559381,6.607530667861109,8.551531361597705,4.861026010192115,-2.2595306989061053,-5.902177974763444,5.27696048927198,7.990229834961452,3.638713542766665,-3.412035398821275,0.2707391304486407,8.417158391917264,3.122227469041785,0.01470692299034003,-5.396443990752006,-0.872508411940255,1.2071950365221358,-0.35981229517009816,-5.766211851741329,0.5628351175748719,-0.4163589902994469,-2.0273502673045134,-5.313796214486762,-5.16238968015262,2.8483897338184057,-3.5501702241145243,-11.218619996602301,-7.212072267537796,-6.183398976030469,9.279907895297535,1.9132042692565325,1.6150619464631117,-9.115826286012073,8.437178217079037,11.618661356681002,9.172067721999,-1.8307316860627036,3.968483826122818,-0.8734138672830676,15.397983683517392,-2.118297360658574,-5.579601406009031,-7.896531556532067,3.1514482691020884,7.098526285007235,0.8970760189496534,-6.552043816165592,2.1631128495082086,1.744223705941538,1.5283994888035,-4.31853363024661,-3.5521002639164574,-4.211153134113042,-2.6223854334434384,-0.8592964236102081,-5.263723897724986,-4.871251796394946,-4.108404797138414,-6.664824897559674,-9.740605080091372,-6.673839982780747
10,114,6,6.360671474303048,4.356278215716707,1.2531792195286704,3.403234315718093,13.20516571239,15.381378414063926,18.082937546937572,-0.3574436163734181,6.108650197513494,12.74080470816528,12.745156305501379,6.5663893438603145,11.287539988335942,11.1745765105844,2.604376406340703,6.374708188129821,-12.109600635336296,-3.324176430293335,-8.171920203308504,-4.373560813505477,3.246883581971703,-6.457282401712205,-6.102916315561391,-7.663403612697814,0.19741512037580833,-8.633923049811727,-8.277995342263814,-3.399535790108507,-4.740788015792507,1.5278415553408067,-4.33982723242626,3.6568840142089614,6.030206406148292,11.3677315304124,3.1853047561173042,19.118457406475315,12.888902189925597,14.915978698633468,1.2875549852643622,-1.2627276579803992,-8.389088459517353,4.406862824155786,6.980512996613072,17.08524315913275,-7.846529408164961,2.0544024122163367,7.252894393790223,6.44049450266175,4.352772566035573,-2.650423726112378,-5.031606589830141,-4.392499766744125,3.529266108679244,-12.572315850090696,-5.470087419786466,-9.571568611373264,-9.298299322722526,-7.919677958210429,-9.85755157434358,-7.341104299826665,-5.809357032759068,-4.398156571315554
10,115,4,-15.139582693940266,-8.899226452337532,-4.835440703213398,-8.036213938703353,-10.752539647322866,-9.047758951646891,-4.253740296063083,-9.860411492590911,-9.447337091071295,-10.350101534254481,-8.217356994963914,0.9651854780230027,-8.510445999946993,-4.460809268738801,-8.858990367138523,0.15053624475783733,8.660708538165727,2.8808108771776375,1.1941796001046896,-0.20355263837079426,10.722753785022464,7.310606181576125,6.467195768817899,4.524598781223887,10.019941641926401,9.485895828412078,2.9954623540454524,10.590581099213123,10.60194733843389,8.910080340759059,-2.208977566214231,-7.4836852845463335,-9.613225905996995,-5.401567409814498,-2.312227898220555,-19.5750874387691,-16.567055184212396,-8.917053062349511,0.24771199920555453,1.249519151067588,-7.69586338075559,-5.961044178034818,1.285747765784901,-5.1165810585328595,1.3044165352688781,-8.577130668546737,-4.871802728560682,-4.755143956413633,11.197049146018383,-0.25976247786794104,3.0268132603590985,-2.1238803798673564,0.5729485042847515,8.42834554639895,7.866549226364527,4.80316693649241,11.155504182980557,3.1064888611251327,9.814269493561143,9.880483966593335,9.691971630800701,6.430739026244092
10,116,4,3.4844084599782246,5.9442072671997135,4.679356590049659,1.0287855897643954,-0.9436392175408486,-7.600828171543009,-5.47269810908815,7.449284796137363,-9.470922212434436,-13.307703596971393,-3.685543331619997,1.2199123136403915,-11.38766005840267,-15.996640180124018,0.5443733210885523,-6.086570567281057,7.696242382795342,-10.035122316330671,-8.639249945263852,2.296148850991414,-2.294499563927785,-8.645173446019752,-13.094174348999088,-5.271766927752008,-2.961019921025667,-1.4951712887779607,-7.979979465102276,-9.952274450396258,-8.899598523951706,-10.589345946056179,8.346978622193378,-1.6154689208218254,-2.702285565719827,-5.338827088659792,-1.6428508893643474,-10.73003536529793,-7.946793320986278,-7.932714584169957,6.94999027575889,11.167575555580964,2.0237007054057328,-13.573575462759822,-1.5041512688621879,2.28909542700333,5.992510901559599,-13.204183137907481,-11.029833961369054,-4.943786259875821,-6.570088000786375,-10.378413474482555,-12.089959903006884,-1.932448400070938,0.28488460265095783,-6.189052274649414,-14.588138498521342,-13.055219022511718,3.2585619819895717,0.7315978210521625,-15.632016996126154,-14.945901308526725,-7.924169597647536,-6.7041030488851465
10,117,5,6.125301369272809,0.050707420220645005,2.3407152327141034,0.1451075124758779,14.033981584226526,0.49760670451129385,0.19937322618121908,5.009488333348842,17.176070806116055,19.402089012911684,-3.0480964106121453,3.0423237636781923,19.969222813435813,24.542497300293018,8.028462095606347,0.10542585351220424,12.559068610653187,20.74567841703538,15.601781890159709,7.440694434449029,22.569321534437375,21.688970162419647,19.568153322197308,15.226329285128998,8.78880003192348,9.809907653391726,18.093556209262925,18.257620217988453,16.611537453332332,6.4330585876752275,7.747974371242267,3.701538102110712,-2.4379191296714597,-0.6683942455054486,5.87632244648185,15.07410168801094,13.785283380503225,0.5758891360061911,-0.5309332353006145,0.9428216408620149,7.898205420683794,6.1120014806198535,-7.1237957758329244,-5.766713641822432,8.6208899672393,25.522754496395038,16.971595299362043,2.9765970984064944,11.707752102486248,16.18711771041427,18.983098169016397,12.197220975484862,-0.37940400154414977,17.612618186488376,19.1163622257754,22.80613403324401,9.50067989246511,14.854326166292067,18.63202712934737,17.895253298633797,18.742730819211324,13.364036144631939
10,118,5,29.83627005739185,30.20247625093554,2.7630223019343845,19.475992100926607,18.52596275837773,4.418544664087411,-8.055794962795405,14.071827773141065,9.638705896122792,14.138035340779807,1.6727561005731906,-5.360580332259216,8.03677182273213,-5.279627344639202,1.8671216937690602,-3.776472758070183,12.52586839725149,-5.950492095656507,-6.880705251653749,0.3218745935890013,-19.67586013088684,-4.219048744998873,-7.827127299839397,-4.98086760585514,-5.978807644691414,-6.333328052810053,-3.6181708508364223,-15.107393212003144,-13.821712079310284,-18.731055759117798,8.135947829748432,22.406012014894756,11.30100824220515,-2.608201249099405,9.87884869481005,23.774165526804758,22.049698230333437,4.163961980730386,1.5958913497672211,14.582046500975029,7.580818874733068,1.2902429930911197,-7.977477438869981,-16.46766507184906,7.092939664308749,7.19217176955738,0.6940883863263003,-7.033669825552438,-5.841448373501984,-1.9356697828440759,-11.200266978061734,-8.245195154282383,-11.398398209544949,4.576113300079982,-9.347705012459938,-3.9380487105922763,-8.74395989056495,8.170313130609882,-11.769229175980785,-11.90704807998021,-5.730716687786133,-13.278117843971755
10,119,3,-8.228410827586567,-4.7581408983664355,-6.887446379368529,-10.091391782889641,-0.053935892939591216,-2.470550840078829,-5.416140941218703,-1.1570491832567424,0.5383200005105708,-1.8065078897776492,0.16681526078581344,-5.64148554934484,5.946024995610943,2.759446424375312,0.6062609412879175,1.3446245645740766,-5.053430091603888,3.35946109447424,-1.842097881772532,-3.772633783837279,-6.733313323089447,-4.536730033788469,-3.9739054847145217,-6.495806018827579,0.25635856041321275,-9.044769063364809,-6.51469929769874,-8.828151814162544,-10.211493028600408,-3.9628095254671103,-12.491945401061232,-5.087602307213608,-6.424503228354561,-14.556398074108571,-6.567080696272418,-4.606941439063719,-6.4873945139711955,-2.3766841554173794,-4.208703811189568,-3.0827844892514933,-3.23764391506954,-0.856769795393254,-0.8103224487248353,-0.4666208035778254,-0.648949998330464,1.8857308592670026,4.159950939631771,1.3984411248380724,-6.575562237364401,-2.429918225394652,1.6405840591845542,-4.221849101632494,4.850765290096538,-8.349220943126104,-4.851979432411765,-4.629147380346251,-3.443958267478678,-9.640832416860885,-8.786336576656963,-10.514734073144549,-11.514832293188837,-4.9600161417251165
11,0,2,-13.36496918466759,-28.011558958806287,10.199360999574024,-7.771019985581315,-7.539118077685459,1.4645610585263587,-4.264953488983762,3.1680522328924114,4.917405137139168,0.01762844767512267,-3.582774195547514,-0.6147605997351244,9.239413385373178,7.463466107107061,0.7949246346677952,-8.523471581726906,11.067252602223768,9.597499792293716,4.656609551390497,-5.310295157974993,12.860616042319874,8.417137400406164,4.007107968927682,2.167232117070477,27.792354350364434,9.985627428526294,15.102810960899037,8.129255962813634,7.3233455584466824,7.188315266459363,9.588625422747036,-18.85193376215287,-6.310358618772254,-2.4134313869290054,-10.677828361416564,-7.318467176121826,12.013717492292752,32.73062231496158,-10.667816407649166,0.7341581813355031,11.26969678334256,-3.451826883525385,14.255444708927653,-12.100017843813422,8.390345519794746,6.515608280545054,1.7128138541124707,-2.1872562259072206,4.270381281924683,13.805933677682237,5.103859716356254,-1.1083931646695935,-12.242963187918974,15.364286139102026,7.612201011126361,2.846678176849354,2.4075408069553195,12.892445543712773,9.610148629985703,7.909400384248491,5.227812657804264,7.237927321639915
11,1,2,-18.29665733544474,9.53939431187946,-23.524378350231704,-0.8305910278747729,4.032294814997329,3.6200314315217668,-2.19000877024288,-8.51738337870324,1.5581788876627707,1.546571250959508,2.6967287040883434,-3.0187680072082967,4.85096000991308,2.448085495702373,-2.111314911667891,-2.2386807416815584,3.937741870287711,0.31747430064374793,-1.553541704626161,-1.738193604021854,1.91986636351794,-3.0502791550555615,-3.1760686115452614,-4.551118977004434,-10.64650516509556,-1.4986368416334368,-8.652003993257516,2.571358685790585,-10.658026015644372,-3.5093058096358494,-5.988092746699182,-12.604968709644025,-22.376867270233433,6.189683540837792,-2.9431641772957287,2.7842776086635648,9.01688250214453,8.302266495523785,-9.20461933632813,-6.822795680178923,3.4200360236189686,1.8045951839786296,4.403999151502985,-5.080953080079337,8.041702231233252,3.304798582449508,1.9420885302398974,-1.021268428401258,2.584017213910997,-0.26959277889350713,3.1517880853356335,-4.294941369779181,-3.3702553395272754,-2.124330217756965,-3.1173219346191456,-4.3346955955437405,-6.423904060511058,-2.148856575328222,-1.2767711788325045,-4.999656410660687,-2.6472180049593854,-12.084741829235742
11,2,6,-8.800598752389591,6.683711447565607,-1.7713532614998688,-17.181467390380707,-50.844454940953646,-9.589642574374635,-4.439622125633787,-14.122622394071126,-8.102762680194086,-5.928266237983934,-6.40677700972003,-30.48190543339476,-7.555931823294061,1.080097132135274,4.434358234040253,1.9224596336347677,-11.932039877399802,3.9067416094036247,-1.0671349184945367,1.7271449732162596,-18.437351571464138,4.097091233584938,7.556182539681111,4.623068931626109,15.113169920517178,-11.401150106747705,-11.715703362735306,-3.176271060975722,-4.98062030085158,-8.851420819248283,-7.155767688845714,-12.96183565442972,-18.005618450163706,-35.27196401557544,-20.626883052244054,-36.62615161261906,16.73533058880896,-5.63613299393981,-36.36359173422907,-27.446236818620008,-7.217589815663986,-3.7729935562351664,-1.4427389336590903,-8.774804684537937,-23.86770955055226,-1.4614712297575694,1.9401989553191883,1.4087548907164769,-7.439470019748028,-2.311667039127246,4.289330383399271,6.292807346255309,-3.323834525057819,-13.240245160215137,3.8861487083500488,7.386290851071836,-1.7680175632647264,-8.423784893974323,0.8162743363574876,-2.9168446189610355,-0.9201982373871451,-4.093210715346219
11,3,4,-48.60665601719076,-34.65298556447849,-63.19642258998827,-39.15986265496509,-38.85446348931735,-40.51464295605334,-16.637972160537796,-44.538092484197946,-42.767177674828496,-39.51740931810401,-27.13387713007765,-13.09910271967556,-34.49484624840865,-36.346604389388396,-36.08477731648739,-21.621913946185412,-34.00013855332509,-32.96520897618881,-35.99367570840731,-33.79434917081241,-26.72143049310985,-35.372991048935326,-33.89138972077793,-30.13512284363187,-35.21834629251644,-21.28636282669925,-30.753768772806783,-27.327711928272382,-29.544334248969,-17.37504675775403,-49.6766834453021,-19.508820160769115,-5.2048143341046975,-2.8764925717217165,-32.52358416895516,-32.66720447871014,-28.596322035661156,-32.53290696542072,-38.636719206484344,-31.83633381491756,-36.99379698695931,-37.84743938831296,-35.62088216695842,-7.351559497134922,-29.10504272780042,-34.40087179003694,-38.39002833569922,-29.372832687242287,-20.87596986192936,-34.87641787692541,-38.292670079120775,-36.62584779111716,-26.405141934275438,-35.115198563284615,-35.49629297500429,-33.14901732491674,-31.160671785030893,-27.968069091507378,-34.675651348888785,-32.055663969640335,-29.388103646339804,-23.09160394876878
11,4,4,-40.42794252554998,-62.50821290292392,-19.580688001065532,-20.499459466510793,-35.15186758798253,-21.34565437485169,-11.58430287064757,-12.673544407495662,-21.37963358898897,-23.382826172201554,-17.106379342333575,-17.601824405171516,-22.44944876586882,-19.228820027056617,-20.55966678285608,-9.812130083988716,9.606706886427336,-17.925049549150398,-16.991064636400207,-11.931442092831544,-6.556605988477428,-9.531686304409693,-8.757730689899223,-5.905166715020085,3.607507868510922,2.335812569255144,2.4478155953764205,-1.5798805891763334,3.95302272628902,5.146877447722432,-45.92778217356379,-20.116311482716025,-21.602714111877994,-77.20100669962602,-59.053970828288975,-35.27014200353041,-37.97070284994184,-5.332536756356314,-18.56934491669895,-15.591767617115165,-37.05580249160426,-21.145321655916288,-13.216417723267174,-16.455552205392276,-17.471556845598112,-19.139034356513037,-19.626299031024868,-14.269563752090239,-8.763091020104358,-16.351117322607557,-15.615546942938392,-16.33858428168588,-7.507192275884399,-8.613228379124097,-9.652448085000419,-8.99642453201842,-3.6100916287254137,-3.5716629302946914,-7.462179079947132,4.364134120527748,-1.6703121049000267,-0.12459398290460377
11,5,3,-14.939687060146802,14.903673620711404,-36.06854207268575,-1.2499117351523248,-2.4376106859162103,2.789854849708585,3.661670372639663,0.2532612904451965,20.235198053985645,6.448772748138627,5.767880516853638,-2.80898721726248,4.6014781007770305,8.788142840559713,7.831603287073222,1.9245228447565235,5.999126746410098,10.478691184350929,8.72924181930267,5.528661246207065,2.918758317585409,8.289381315295655,9.02143301315061,0.19930122789455418,-13.969018808566034,3.748014120828,3.90710808147063,8.952206546713303,1.9453086124835304,-3.3258735732879625,-1.4015097670802263,1.4898347579306233,3.7049579263278645,25.311991119893595,3.157929379572497,-2.5233519008246876,18.431890059625967,-2.8687606783720057,-18.202562346509314,-6.081479179445748,11.296479017110304,6.631510852404488,-5.982047886488298,14.738380673852536,-0.9812105350514382,7.987399975791932,7.329048112773047,7.9230181857512,-1.2451298015146723,8.009631813106292,11.330704332604755,7.079546832649897,2.5208067336097013,6.266733613433088,7.394095181055916,6.169784882719198,2.362334695803682,6.392503757347783,5.366853429867726,8.22377513114522,0.5346690082649992,-2.632684339712398
11,6,6,-22.071617745589936,-22.53731090700389,-1.6958990080066274,1.6243635923033817,4.746240810445715,11.130135312494705,4.130058249322379,-2.1169211989404952,7.986768440002713,15.643225860986396,10.692255960161255,4.130357130010409,9.23982789530987,21.280178358755634,13.51255679884698,4.465753809009432,4.926886943555096,15.632678789225775,20.121758679791196,16.610678829434445,14.599807405753475,17.722571685228775,21.71068230373557,28.03447072092933,15.110263264495247,11.432111847827708,12.051061429310495,11.525045221126295,17.938917843488653,15.724619043491243,-14.594341196619506,-5.402558524661314,11.926448143601254,-21.849110876278164,-10.98349258437662,7.821972033637858,-22.273603960735393,34.40120911289281,-5.6476827783555485,4.4006392475353895,-3.513841866823653,10.080349066181155,25.826770965009928,5.906077768960282,5.786299364419836,13.812055673603556,19.117178611203222,11.899342854632204,13.06327228611563,13.541614410444728,21.53928189306725,18.733755897617016,9.755706785655603,11.907952258670019,17.651012110566466,25.856835947258443,26.034604317985664,8.305741918682143,15.512953354091172,21.184559805909313,26.46516137077223,17.454752744334495
11,7,6,5.104443117794461,13.321170730141503,-6.730117771206653,0.4748038878414482,5.601016065986015,2.7593945216432916,10.522682482592492,-1.260502156460794,5.010839826041238,5.2948168260613215,4.65830637337413,-6.464092131227071,0.2666523502912461,6.668835550137771,-1.4466580152511597,6.092604802989562,1.3613459322766237,3.8270259979521755,5.6893120850635155,8.083611170085508,3.980234149272738,6.460799797824248,7.98413166535519,9.020618290572262,3.195461249024401,-1.2852021078806282,-1.6236404957953945,0.9306297331775828,7.907597569515929,5.420876243560598,11.069889476295655,-0.4963271141665558,5.664501309735557,17.152515857684893,-8.894891518917749,5.888015581022304,-12.964429241400673,-17.612935514757176,-13.809944283262613,-14.078115160917722,-18.828347226968273,4.369166616929648,7.933165199202821,7.184801208269901,3.136314542788057,1.7702301923162878,4.743416084726224,-1.943365986223285,0.25341065729990964,4.841242155400895,7.3977393990740286,4.97911150721697,6.359517442244225,5.806497139356483,6.889708200946639,10.352607677531681,7.655117231171308,5.770160472179515,2.7151571516538144,3.4663219089597126,6.077584341622704,11.206587519587533
11,8,3,94.12135054425502,-14.497801979276815,-32.83306637649401,-20.98085291683674,-27.24314689109238,-17.4817133283061,-0.6132277042673125,-22.988673156695203,-5.338123635184473,-3.4730175549630076,-6.642906430427257,-13.080621033605954,-4.374194339313824,5.346872716318674,-3.893875835792775,-7.6177202414709875,-4.375124650939206,8.591020503547043,10.244253720679296,4.9973424664973995,3.445912173051932,12.928714455536957,16.50112463068785,14.631294523615667,11.964047641834105,7.037098017827853,11.616942072826689,10.509672113819189,10.535581989622697,8.710929073041259,-49.052166144658884,-29.44070935903527,-18.49798313183028,-8.305872182293633,-31.433282249220973,-14.407332031544668,-19.149774396019737,14.788817006731168,-28.84727422093474,-17.718334570708794,-10.522841640830434,-7.554398901215413,-17.237259212699602,-14.76346613185071,-12.386699097957926,2.81705188617201,2.486943122113076,-3.908361285765906,-12.973650648849226,-1.462767878138437,11.179911182602725,6.9853746617530925,1.0936666640407608,8.548971721811629,13.447958116149872,16.349613331458485,15.830577126181709,11.264206216738723,16.051522156984614,20.511635889867087,18.953910099575296,5.807528611989519
11,9,3,-18.780292156674882,-22.3110730947427,-8.168320844744947,-13.76436218179666,-12.722365730737407,-13.82947664531856,-3.140247956486192,-20.267842058929986,-5.464062566005786,-9.974289708430085,-7.447891282247062,-7.359334906739206,-4.571070809462447,-2.2288180457473525,-7.422545418302278,3.14658687972441,-3.0369796129170714,1.9019679705521502,4.916151767006002,2.626369587265003,2.0605075422918597,5.384920509770607,11.929485080945424,12.262934338619447,10.925256810735958,-2.949628433939523,5.390921932718964,11.834546429238555,9.366296935849254,8.76093143253678,-65.31844379262226,-11.34026789669765,-22.700680574910464,-14.481807802570984,-25.1642157203495,-15.545635790314249,-26.884641095087307,-7.328893782979832,-37.848321589027954,-7.732408262437162,-10.305830004375157,-13.31929084992536,-5.150738627104681,-0.9718637777273772,-9.997432678176951,-1.7513678245155546,-5.060162543035227,-1.4432258425371316,-5.805802938312563,-4.0099472729034895,3.0034342155246643,0.9164093832667106,10.662663281963372,-0.6800438270438462,6.167553037972885,10.630486850334307,10.160599809230826,2.4591387856024776,10.328524743729249,12.699463870830645,14.381658394162237,10.74185828595399
11,10,5,3.36271623786675,15.735975825818398,-34.28074626414469,2.2882540901589037,3.0394911207940143,-14.462130783284758,-7.505977545860619,-3.230043122005398,68.37080079644191,5.283175425581274,1.5688562811034297,4.266163434106403,11.366920131735691,9.867227567291653,15.664209154116481,7.377247688990853,7.963784580902628,11.479819788302224,12.61046891464149,8.819360016799745,-1.0377880620611153,9.613132547519005,11.41467143174987,11.282837156115523,1.0949922537930845,-4.418903947512549,-3.9926033463874253,4.555563436775673,4.558990750555521,0.12996869268202557,-22.352847253307463,2.1762078297210907,-6.209813751552896,20.102033263299518,-3.9129840961044127,5.6165619578848505,4.144273700981922,-21.962483027177615,8.754674547692622,-5.9120599107544285,21.909554446615825,5.150921753894469,0.703779747647165,0.6667105046259925,5.329953062234492,11.748969101119881,8.81402856495413,7.523389023819532,10.480522838642635,10.094260929390883,7.652596174523513,12.4594926254926,6.871800311983038,3.1752444240832465,9.137837012162118,11.156527232560448,12.353298182372098,1.1208973558755915,5.280153036645684,8.014736584228709,7.395343621761147,8.272249560587388
11,11,4,2.9916144515410403,12.391938921314017,-6.036567135941144,18.381111560525703,17.051031118275883,20.437907202328304,7.013299443341633,6.840824041629163,23.214838757293254,23.642898641980995,13.655743209077281,8.908408051174947,20.080847623184464,25.050178484355143,18.670506689334054,5.285161463271191,9.387559996236387,22.54503805767289,24.380580387191802,11.300918688861332,3.0936150213294678,18.806076804596202,21.57992791329942,14.176534200745937,3.1437138430319904,-1.9397217315144661,3.557163139123741,3.878527520179021,3.3889152587550466,-0.7352861033996749,14.708074538264329,29.13291439567353,25.663714600999555,21.14006745179252,28.367095604516187,20.714022243827035,42.75788892296758,21.718178116466568,-27.372715769971673,4.445642930341932,10.19431383113898,20.780173127459953,2.8023301428978944,1.1409985996532914,8.869617942913731,25.81575607449361,25.475890870864788,13.504882697583872,1.8531128187186847,16.298709373694006,27.274523183703423,21.794958080778404,3.156425345916208,7.774789490350859,18.10890110918297,18.577477160863953,10.184933377975012,4.090969208082776,9.906172012285577,14.079098444000419,10.107488165098454,7.654268906400658
11,12,3,-8.205732256151375,4.966930334956002,-23.0210085133227,-1.2189692574036421,16.476178925734295,-2.3037132844783192,-4.912589459373365,5.955810280380453,-5.8533854871397715,3.14809081190061,-1.287458056538569,5.801001733103651,-0.2033985722881015,2.0832648400853326,1.3025268582036604,0.2785250351014656,3.978146805155389,7.129018969606704,10.088635389128049,4.352873596748934,4.254555735907446,9.068070662003468,12.731148548560547,10.498411486152465,17.775360298138583,-0.765495822367417,5.206226685118479,6.926357976899195,6.204805373055168,10.930019463707763,-45.12099948452738,-12.322110088843086,-9.786143092302286,-4.525001873671101,-1.9695216321000255,-6.54250140195122,-12.897839548168468,-8.022801159722057,4.057129778748763,4.316098383292783,4.465339253283188,-3.0169892858532137,-5.0292634596684715,0.7860261388350163,0.9152621634236375,0.03680892528329844,4.823213762121009,-1.3112228555014236,10.150105670037703,0.5280408822397532,6.687244834060351,7.100814606699091,0.4030274711194324,4.78358967132049,9.002599453053827,12.637853720066401,8.198540174152429,6.6260589289240395,9.064262595345706,12.88502187349991,12.783532429441093,5.662765981220617
11,13,2,10.526080850829809,-7.8777445178797,44.105766103761944,5.389056346674521,7.346430637203611,5.873698853264365,3.3803252549614857,12.288140347636327,12.600095247946356,9.214048067289523,5.534508462677279,7.039893868606443,12.431230363140743,7.235531457256884,10.113831892609596,5.14905147788274,-0.8237364057269759,9.204609849558377,11.139294079777487,1.5783091314795716,3.0838150733218703,7.933092830611799,10.491889459251356,5.503127347425241,12.342423409291708,0.2616873610105996,-12.923098621242561,-2.1449712871051423,-0.09590750601051858,-4.883266732210246,-6.60924028957308,-3.219110385310359,5.425368863521372,-2.3129348005508876,33.73384304417345,5.115708477113669,12.44532527847262,30.42197762338855,-4.505373028515861,3.9866163291763987,6.601918170274022,9.231478971406457,11.628916087196904,0.695016134888071,14.683789219434676,9.394829188677955,9.818353315928904,9.387082761835037,5.476590872685448,9.408471042517478,11.994290986473159,7.563649371800176,1.8664461819046148,1.1693235134206181,8.03126600975307,8.174462014400376,-1.7162363341350755,-0.5947943159362022,-0.34307569919562986,2.2468851114873116,-0.15156435341824082,5.2853880063062775
11,14,2,-33.82516151532625,5.385113284718699,8.701760543476246,-13.475656217832979,-17.44544923823418,-2.265255796382338,-3.4016653964659436,-2.5413948206185584,-6.913333125616901,-0.34514359521066157,-2.256410281230672,-4.233104827938734,2.607757863078959,4.429234278002162,4.2690603957488795,15.215642903181843,8.070943043998827,13.592865323511566,12.497776588833915,5.93865430855942,8.590871022082865,16.23347932470553,18.635563341173807,11.785189993929393,21.242125638556207,0.7744859467010669,6.7286235265797245,5.137636671842234,6.110633236641434,0.5209306897283178,-1.6276511554038389,-15.031752626911336,-13.685364654923719,35.64640154975192,13.083551893158377,-10.678035652764674,-0.7137869289372019,-1.3337006028287282,-10.809248108314588,-4.078296340093376,7.112576519434412,-3.9453534292193453,7.047760835309269,-1.998931240824211,0.5497617212056022,4.036985220841883,2.885608202800517,2.367217750356689,1.5912375351096082,10.329561051276583,13.9606409517185,10.271108399950267,7.665191905095984,10.081920471031031,15.133570076204931,18.55051627312503,10.870790653067031,5.864781057002117,14.37590273354975,15.069549770298881,11.76323759318444,13.677700331940013
11,15,1,-64.5089663293031,15.200395956385606,-50.850051240950066,-24.76476485459363,-20.170507814712444,-15.179012422245464,-16.026590730926795,-10.70513138992758,-14.578322718783115,-13.09451841610689,-11.849335567298812,-16.278535947339936,-12.944125346430553,-4.142827572232882,-7.737575761939781,-6.7892646415204485,-10.619038324698064,-2.3446629753722448,-0.3460933073173915,-5.075530034330919,-2.972053139379658,-1.9256894122354855,1.2116565627114086,-2.9783148167813915,-0.13051827356401002,-3.3370665707000775,-0.5225262432699883,-1.3262530159114334,-5.334339574764471,3.3483657473471125,-27.117849211841726,-18.152998617395948,-14.881321164464183,-35.769086698842486,-34.93307733071098,-15.6050236888866,-7.440352153385105,-13.610238107761784,-40.066433616527696,-22.763317373774306,9.382951584440178,-14.996327351761705,-23.453614306522578,-11.848916143894478,-8.490041952534792,-8.218520929991483,-4.493095291460435,-7.25569059050119,-3.4375149413784265,-9.568099930700727,0.7749679450218281,-4.193148206002313,-0.0326681409383244,-3.889185557323624,-1.4988248202347796,1.4618231626681804,-1.1495211898553648,-0.38061723134071485,-3.5010050313956107,0.23287546398436076,2.671151573167795,-2.4829180019271613
11,16,4,-18.831953154149925,-2.9387581909257103,36.80344270819956,-1.514915333208967,-1.548027143154931,-14.076023032161867,-6.948753776301341,-11.786313059898763,-1.8362991227427605,-7.027529406111421,-12.346920947975873,-6.494933276698447,-5.358306853173071,-16.291358347221212,-25.184360062567187,-14.78810350960349,-14.09500110099411,-16.161273936763777,-23.99368719288669,-21.796679023289816,-12.530319406003573,-18.094386797125747,-20.917088366272612,-20.996153039630595,-11.267903458361122,-4.333071162547951,3.548650241953822,-6.541166124104452,-10.714482964277728,-7.976491293847201,14.32597248892232,-4.952681177102672,-13.962887207909322,20.845061226861507,-21.900901805484526,8.396573358010954,0.8588485076523784,-6.2388183246480295,-11.077360955044258,3.5773030488365674,8.9766944963485,-18.338479504625255,-22.17110192866586,-3.724668698680659,-8.144425855086348,-9.909864472089016,-19.44665094127413,-22.54554906114936,-4.961863987812225,-15.179480060616994,-35.18608787964755,-27.844010301297768,-12.927581651715515,-9.322132108415047,-19.18459724907468,-27.265311217117222,-21.825702871900145,-2.3815682778580722,-11.90576368234144,-15.171666166188613,-16.276689770381623,-6.040992353002191
11,17,1,-22.195310216851347,58.249887463227864,-12.806395859275826,5.823228704629513,1.8930502788322752,-1.7058676287259265,-12.232835374079738,-6.983865927950271,-5.369152893539425,-13.885639678084901,-10.186818130808408,3.7003591839314964,4.366775629246923,-12.109706989512215,-14.448561318377706,-9.483337336185778,-0.5347316544048673,-8.482228083399736,-15.717378677982024,-11.022330840277233,1.659393712707864,-9.29450124311375,-14.12735583333345,-12.834320534474958,-21.026415795496675,-5.0951782109374895,-5.369355376741685,-10.68623527775451,-12.941107720409217,-9.770153707120473,2.9502164765102084,5.258942969620417,-5.052401694673591,-35.48765949150775,20.184906434358602,1.1932811660737488,-1.6761882385102678,-9.261895789060649,0.6131794804695814,4.563223132863641,7.479571183371113,-10.1917494497739,-32.971427608463074,-8.124401747692017,-0.633502521029697,-5.8417539117153625,-13.12225038644562,-12.789027693794994,-1.143052157883465,-2.9740874351502002,-15.183953507280933,-15.625149153263822,-10.227333918804444,-5.703850500467351,-8.999389115811843,-15.282478389852658,-14.89327117982435,-8.015570638655896,-7.913478532488024,-12.802717686789782,-15.39187839434186,-10.26105777969265
11,18,6,-28.77551730780681,-30.596791040243158,1.2613505895544828,6.721209760028415,8.224830955993838,11.172077952906855,-6.726743589450675,-1.913488930307056,-4.697347198544841,9.65532590473843,5.6674274296567955,14.536013544923279,7.722000980511212,0.9231243278694921,-7.481113706011232,-11.687272316072042,3.3651697874387216,1.6844647635092496,1.1210276367108718,3.1621232118184968,1.0296704167863586,3.0387341710625284,3.4183198678557125,8.610408376232243,-3.369985410103168,-6.27662030683558,-10.153942863434184,-7.518424061422308,-0.9378989281859714,-12.81086427482164,-5.3744938756998,4.5662455747767225,2.093011876068463,-29.45072120591635,17.67938521461242,7.1656062427635625,6.055072730089107,0.3207185582325968,-4.494049799316221,-1.3642381171627742,-4.144051920577157,9.16887099852377,1.7612111302342548,2.786615522777117,8.296857889650797,5.4779405182840755,2.6595390866079,3.8125598652333696,0.9824157213428761,5.38801527709314,1.1294776750955613,3.4475945878955656,-7.9157971768021005,-2.1758173141492216,2.7489294282774033,6.922299250051737,-3.3846588099784203,-3.890911347715456,-0.8541485567168311,4.405575365753753,2.6908382321707904,-7.572851542565159
11,19,2,2.5965985943585967,-5.195260266921053,-23.135600141317727,2.5743714381554526,12.006819275457687,9.034906070837012,3.492723517585546,-7.588016671374184,31.826934066760117,18.339226537906555,4.348501402901758,-1.7152722997011662,9.938724502693956,23.150953263771264,11.668785987626302,3.16827401573338,-2.1283166950920616,22.186310468854902,23.103799694149608,9.383935022508583,-2.3696232540589746,22.487568975948726,22.77908511559773,15.083620607898355,-1.2952527282986703,-6.712513556374553,1.7050481292805277,3.2572882652549575,4.255230665658374,-8.216481858887139,1.2442042324038949,-3.873764986158122,3.127039872413707,4.367455430374273,-1.4192682589949466,8.774978165219467,9.413031093503644,35.63664982813159,-18.915631123659455,-5.995839198324376,8.484353768025958,12.3466606055693,2.1549737311490818,1.0393499146760794,5.107590794276517,15.951724411936762,21.412065615786663,10.443333117109605,-4.690130902533757,16.918256715825965,24.45204364406174,18.84096719399834,3.596213568319996,7.20483014597443,23.493985606584605,25.150747350394347,4.702273649413412,-0.8222999327657068,14.834365278527859,15.727805401993589,9.232867226458897,-0.9927748277238218
11,20,4,19.303989918107494,-21.017825679808126,-30.29534970076541,-8.390914409534957,-9.94681330352295,-2.884639215632909,1.809796378743357,-4.917173792857949,-10.231031347702187,-3.7236178659311507,-6.499368148878577,-7.254634908536766,-14.066068754111205,-13.20252517701649,-7.582159846407792,-0.714620870606203,-12.681064218930088,-19.311774891744385,-15.84495164726565,-9.996902528775445,-6.911120536884794,-21.27787413565079,-25.329879696980665,-20.246776672489027,-11.561131037873913,-12.1037633281894,-13.840346809249466,-18.402504635134292,-18.094126410981097,-15.625780488171316,-29.28124890939854,-19.64370105601847,-7.939711379764672,-7.300723106077896,-26.86565785100912,-16.21319979065801,0.5297473069825571,2.6073914486460565,-9.604364174713451,-4.6829340081241675,-13.390652527124056,-7.8178650396081055,-20.376422680017168,-7.977088988480368,-3.1231739739319546,-13.186511677303692,-12.676282384909877,-9.103380473563448,-8.065688786573894,-16.296877754485887,-17.73882134622191,-12.319593734312345,-12.66736933718459,-11.340682577512156,-21.096779796226727,-22.698795728021995,-12.338484948938252,-12.506409937805472,-15.003466361724747,-18.118518000332312,-19.789890418215315,-16.921255200783303
11,21,2,-15.459075257522843,-14.876968405374159,-20.411524963576536,-5.081435123004206,-5.657236853932461,-5.639811090216399,-5.4613919564772635,-10.206095083704689,4.508795488534902,-2.464253278483254,-1.2390753390812672,3.686712515404127,4.15384710852693,4.495076569274251,1.9642722046956775,-2.3978420246361263,6.012975821714488,8.27136741260566,6.0460682523595874,9.401814051915148,5.802250321772762,6.210763458230696,7.029761415292939,11.335529479493458,12.896316087645733,9.998073794064112,2.9333159990336126,6.12768311504979,8.899774672537358,8.443206459488259,-32.447845552934375,-11.341940654595037,-8.242213291706658,-33.27885120150791,-12.425416854732646,-2.6748342928363082,-18.831157560244485,-14.678901220285686,-5.410946055474445,6.917912601175288,-6.050126994528425,-0.14416493654887114,-7.443470918652941,1.8108568532369662,-6.426169684043201,6.743494450091956,4.984606880603765,1.5294104849425618,-2.7188111660099112,6.749476739699475,7.911396162902435,6.317733944166546,5.9955548069031,6.6238223225639326,6.181493739137521,5.607234517475822,15.675696155101779,4.004220616492653,7.977310715027424,6.913444063467225,10.2463264957343,11.506288863230127
11,22,6,-9.797475939934577,4.598041155210863,-21.78422297355606,-14.259513270019037,-10.790274923394731,-12.990117198083455,11.365965814343893,-12.667933465594931,-12.653149023583929,-11.590868277952259,-2.1120525881784347,-0.3283299329667918,-14.604208383345743,-15.04328316334698,-20.105528247656252,-2.051073873665457,-16.040955611300188,-24.857413697840148,-24.005651274287125,-7.674750897079345,-1.0901043358224818,-31.746191759298508,-30.76887595578004,-16.572582967579365,-10.956421017873938,-2.0371669390942992,-10.240479311474212,-9.250688373202049,-10.470930216515939,-0.5642568112646297,-15.930663992718957,-10.820306199943508,-16.51808298251978,3.260517880842997,-20.504443938684897,-10.379611808783944,-9.756906925995905,-24.877929438450707,5.2888057294597015,6.1306573411055165,-19.308154700732807,-12.454498860667027,17.09261223782853,12.444385303229812,-15.969748071144984,-16.16112456516158,-18.007001845705574,-9.07647767776578,-12.488699738572281,-24.319418769977162,-26.524568501950753,-20.145162030236747,1.0699067046729551,-19.198981433379927,-32.4106028809371,-26.446737533934957,-5.4857351853251,-12.908357739630274,-22.78062763246821,-23.46744410748162,-14.575271386301099,-7.2005929811176195
11,23,3,-20.43829794137217,-15.652741391302595,-24.430934823140877,-9.294698941180625,4.849195849536578,-10.52917564583078,-17.66649534017211,-9.349497666139525,-4.125912629067898,0.5672166279358082,-2.17335410656907,-2.596911823768849,4.740615386197844,12.163247488234653,-0.04047733041594078,-6.134422118684683,5.1154288916462445,13.725543177080414,10.531180961903681,7.58339867463744,4.7557516421543475,18.43931838100003,21.75995672766756,13.475820227548853,-11.777366406917453,10.134111449281429,19.372285980708526,11.326192263604657,8.47907062865249,7.231270325324708,7.281677588888603,4.7217529171896055,-16.585149854839006,-16.85185995440157,-15.215151317099599,1.1987089263048145,-7.21666913806666,-20.051283745367723,8.485968633466854,-6.747847392019338,-15.197744654923147,-2.8087701926961874,-3.58044589038302,2.6934363937300683,-2.310558282259127,9.640898280211998,9.525487366632172,-1.1310203225868638,3.233677753792485,9.215431630338838,15.950186657597216,7.978318222980132,7.369530184285307,15.220964721517591,18.764081244902094,16.433970989744605,8.522025499538309,15.189877827356499,18.532213106615146,21.45655341855274,17.70608578281614,9.163529909602017
11,24,5,-3.443150127851742,-40.56791374014643,-36.30671053288915,-2.951942214628729,0.9117817503922608,-6.395935897011216,2.4718647192845626,-9.529946241164346,-4.907335196001308,-7.800791058862558,1.50954549464329,4.4756019701613345,-1.572654738318083,-6.872070186322824,-8.109087245856843,-2.464581085130482,2.1615681426667783,-4.423247142149728,-10.534367230664031,0.3690433950793768,1.9268608123842035,-0.5988579718509646,-6.858144001018757,-3.1091658002696922,-18.736893984284723,-1.2302877128964695,7.525124427453591,0.045500121942561755,-6.186102130109579,-0.9011719539057372,-3.9950231861595706,-1.730977315484069,-1.8888709142622417,3.9588602492358653,0.1143167979288384,-5.495067650974705,-7.613656644550397,-13.156205590541777,-2.6350800681450393,0.43219593994705674,-15.008831536158825,-5.335993025004692,-7.303003213243419,9.40412298271932,-10.59516742209075,-2.4613513702018417,-8.085389877419649,-1.6931416440255385,-1.718714119860813,-0.793454399741278,-10.626538900408619,-7.167640412733156,0.08168718790090357,2.878049621381227,0.09721868387536986,-7.101908882903843,1.7335465479210561,8.167135082094411,1.877726066633264,-6.608416149029281,-2.159437473443133,0.8460357332766815
11,25,1,-22.776163880034684,25.41290713982973,-1.9693048442941052,0.9209309348200512,-2.49793361481733,-2.2748677853108745,-0.16295023566884353,-2.617668708513787,-11.332940798502689,-8.479027113082202,2.6764442933121373,12.501165372751112,-1.682830763855814,-16.58168397017005,-0.47364219353057313,-3.248235571879619,-0.9359225362266705,-16.719529339952814,-16.895388615158645,-6.1312309894029315,-8.709748016380729,-17.685488029224118,-29.28434366496597,-18.982929200570037,-24.367300115741507,-9.382739605330979,-16.99211089394805,-20.30970764366863,-23.600237609909424,-23.318410636891226,2.1582853473813794,-16.299259053157055,-3.250076907482452,-31.88283673910107,2.618391818207937,6.175810382133577,9.884229347541384,5.317140233907395,16.123809459468745,7.869872712473408,-3.491349730970019,0.9666190816134941,6.453289442286803,-1.3100563682865614,4.0499087411274255,-11.41275297814025,-10.733398398793325,4.524413778179709,9.038921502884477,-6.289433055616938,-23.36370329948416,-7.0377487698342795,-4.363290393316164,-6.870903646573424,-19.035105541524494,-22.928118716312074,-20.0489505972804,-11.909730931198814,-19.786675165802038,-27.49992691807267,-25.310029153780228,-18.18863606848186
11,26,3,-1.2037174718727066,-18.302128527631467,-21.35121728317733,-11.113225071259382,-2.454193015983212,-20.569510137497595,-5.79588238207805,-5.146197676597582,-9.886456449947714,-11.49963182458518,-9.678145822137594,-1.4734210234657827,-0.3451290938367193,-7.318293755919463,-7.872335937578325,6.995970083400607,5.969876257475561,1.26258462276764,0.013073073018616543,0.43561842228944625,2.616111672528816,7.2557050622204695,9.80555975957342,5.706202922349162,4.535336904863756,3.870949860026197,8.317947276958787,5.6511341512725695,10.495929033097974,1.748003147951351,-21.080525255421318,-2.792872407609916,-17.89227041970121,-21.452663332803127,-28.374842068487084,-10.38529493732424,-13.784448860417587,-27.696196060082546,-4.268655586169985,-3.7469873395365134,-8.435884277359012,-13.200799433605328,1.4765447692309568,0.5665851284113781,1.183519673116347,-4.2944834061512145,-8.133444973585625,-6.0412092140716735,-1.126807192295062,-0.7441894647824353,3.059370601004583,-0.39209478721022606,3.414381660220056,5.104881673358475,7.191732985944278,7.5549002979405,10.138006401043842,5.0972798970732365,6.368955876314782,9.830124804488857,9.350365384679183,8.54709178741976
11,27,2,16.860459658976016,4.178161565123532,-6.737550883031473,6.051799681946275,3.06383909866577,6.518784793048376,5.345706127493117,0.8475252358788046,7.571800707680426,5.1220521110269015,0.3488505247571476,-0.6592291258502665,6.969341920683065,8.60885138100968,2.174525484170129,4.969331008251528,3.621279844991502,10.143275090038966,8.218472648139402,-1.2189547916669858,2.6177988447953124,10.47726431779745,10.641925737216349,3.7860618619838844,-2.6195631009049527,7.57969659616853,4.657347153917679,6.43290383355102,3.4483321508529006,2.6018865659248016,-26.197530289703046,17.93109437173642,8.903119998734176,5.7005438270365385,-3.5779151066501678,2.126831932038796,33.600562678604575,6.194412617807897,-1.8486876929542282,-5.406569060029056,16.845323458359367,5.717097316755029,-2.6042582021072165,-3.043352252485732,5.731659670723831,9.287130891186433,7.963591801184348,-3.1909301409855595,4.6588076937307665,3.008669198467966,10.220315526898311,3.1002671930984356,-2.841573400536505,6.361156391479623,10.839939890474799,7.934003834817104,4.931577176233276,6.60018763355003,9.653190481817209,10.42506370188033,8.904821652089941,4.710294793212285
11,28,6,-15.194867021256574,-46.491214855460456,-16.220184508563452,2.013517888058431,-1.0984870248088,-4.314059368993455,-5.102563143741889,-4.456585336499275,-5.1311966395232735,-4.22014268969253,-4.878147495410788,-1.3728425678024727,5.542197037238356,4.593336277164337,-1.7143516690447589,-1.9022957762453419,5.187335357723033,8.973479230797327,5.17841273941179,0.818790605717634,10.398580160673436,12.713660170971535,14.030537335917629,14.738221647862416,8.945472393230325,16.46176100281498,13.06877717857317,11.443478407020244,6.1538098739607765,9.467246733560437,7.973276108321618,11.796267294574806,-7.6455198597708,-13.332243328868625,-2.1467258308037347,-1.6871401648854831,-11.899188338256465,-21.349698749306985,-42.115940793258396,1.6392008737751809,8.197870104823531,-6.8060301079573815,-6.365070619810615,-2.578430292545818,1.381109627179529,3.7317883263273917,-0.3435672552029498,-2.9827929965061353,8.393102791069483,6.738110163317223,9.619808906507563,3.736498047302407,2.967811164096929,11.51450762334394,13.138287991498276,11.536522710514138,17.244865740467677,14.692268244819953,17.50947438016897,17.81709570755682,17.770004794978327,9.697716926082558
11,29,4,-3.4501589956443466,19.114835704426934,19.791428182381996,21.3761387540073,22.788692151991324,24.16287486198382,18.582514415245225,7.205538821202225,23.537808188214523,23.264171058084912,15.417060278605948,7.113251392235526,14.377189737721906,23.09810674572135,9.489121883516988,2.840300826923695,6.72571193445588,18.144476110706247,15.618101662706302,5.805937960653042,4.624659689325025,15.746219459648547,18.715187521060788,9.643660450019176,-0.9212442948142197,3.669301139031787,4.145927204949234,5.309644486573408,7.471742804823781,1.8747181048412336,38.35613576822529,15.00169730547634,23.061490641861422,38.29612135051229,11.493018104513057,28.0108455568552,13.810074384528683,22.438800319665805,6.496480658741262,2.5421468380316177,29.3425746647323,17.51841630750312,18.787161433387833,3.8125261034810793,8.044228162116758,23.86505329790638,18.408626559849193,7.078842984376161,7.589954498700983,13.744863431446442,21.528213962708136,9.12430121365753,0.8372866735089486,4.823893357232983,15.959793956859457,16.90838450643166,3.7590239867568016,3.3645720538035846,6.740414278263727,12.51796939551104,4.916956740045326,-2.550968209270209
11,30,3,-14.606637990442893,-3.604302216502955,-21.75593175564143,-0.044984405758086154,-2.926543321483196,-3.046991675864997,0.657257611318151,-4.682900290828336,3.120349229381578,-1.8941878299796717,-5.5534623369756275,-13.406453934901323,-13.241951488742107,-13.222664987373095,-9.622402198453692,-7.039252851828479,-15.035107794626638,-13.41679868597265,-13.565971905320161,-14.335078311130033,-17.040826303759452,-19.18768228222503,-16.27097743463407,-20.64386075171754,-17.786702854910914,-13.763749986140223,-20.21009796262695,-21.414128735298053,-15.724609314361823,-12.996123479696271,-25.276073893838802,10.299047680026506,3.1222532294554317,22.00952072977657,-5.1146430723005665,10.871841488116445,-5.606005111663812,-33.85853829848148,-17.445241894100214,-9.398502290566885,-14.489221593137925,-4.197795029366158,-20.24936523870565,-8.388639013572572,-17.23578416731027,-10.60936359419464,-10.599804716093885,-10.713880448443144,-13.628020691001092,-17.317273541614878,-11.82803888428139,-12.754836249187962,-1.788244221243076,-17.511904029505004,-18.427305852449166,-17.154077661746165,-16.590225805096885,-17.536136208090745,-23.692891398558345,-22.006083904197677,-21.160785673197548,-11.524640190051633
11,31,6,-37.70541959941934,-42.71564216939053,-7.804444763536863,-14.966300763462373,-11.288539825961362,-11.958166739500198,-9.938618391848781,-7.239320331434839,-13.957488409902268,-19.386862882753693,-16.317649003141,-3.979130156338215,-11.521960102021694,-16.99633831267314,-21.419730103960855,-11.629928393573381,-11.306346526999796,-17.43781867904998,-22.82924665637859,-27.2130866135675,-16.98216144431655,-23.792843164921543,-25.582842005905135,-34.0086949282303,-36.43750851614992,-14.362116287394263,-44.96447005322792,-18.174965294396014,-24.43695542843239,-19.251234917742455,-35.522038699014146,-23.628312033305825,-29.00800711073254,-43.533189328069355,-24.44646623539851,-12.646231805951121,-19.18249549127253,-17.492487121645997,-2.602922940649452,-6.709997316458962,-42.16953922894487,-20.79113013410894,0.9738208039595581,-9.08885161014183,-11.734719889988073,-14.392118672351916,-19.811746305808793,-21.4920559788986,-13.846198828544514,-18.833389454725662,-23.108832531903936,-24.914627743975768,-16.46630174001655,-15.975175922012468,-24.023318246529428,-29.278506105902007,-32.07733197423923,-16.30412282522132,-19.16389826980488,-22.293946159049497,-29.448749749762243,-30.699837606945405
11,32,1,-16.67905203585809,8.592408753295498,11.011865696074763,0.346493358083535,16.030201378389165,-5.440948474601413,-5.375573642620044,-1.7120426070263066,-0.9966841596746582,-7.231544960471921,-5.1863567912724005,-0.19901675621910858,-3.4108193632976236,-9.626432159188674,-11.07774184708961,-8.128947417865074,-3.2721785619037167,-5.898928967883763,-11.513625537376088,-4.569629527015111,-0.4580094957292626,-2.5077337321439184,-7.499031369585731,-5.581165554024639,-6.289283569558617,4.332531242381508,-1.5820738828723993,2.2544773233509274,-1.5883404001445942,-2.396829742756558,15.549410415245452,-0.3030273523181676,-2.5293966809077526,5.577116360842458,-6.895603627540028,-0.5421984631840783,-1.8976922854326834,16.587955319975713,4.657250668143671,-7.178120067683837,-3.3114169966883793,-8.412061596794695,-3.31351878697041,-5.602982826780799,-2.016834231865843,-7.710889741483073,-9.756622700861135,-9.25422175440983,-1.8587768497456543,-1.6201167755189516,-12.214850434891462,-10.296868965427228,-1.7008977652195187,0.24596788182218654,-3.1809469589781827,-10.35753892656421,-3.1460758431065017,5.587075427980957,1.912746565359668,-6.1316841107270665,-5.369369734510232,0.6714730804059205
11,33,2,-29.315691096344725,33.754599873192326,4.905387734721705,-0.4777781088813775,-21.774919595296787,11.051374075002968,3.167165329236898,1.7498734263282998,3.881665632946464,4.444934366180037,-0.4280793571052499,0.9445945253118706,8.321842238216137,15.3447199964487,10.180021338323805,0.41580168145322505,4.882268878313282,12.425335008560168,14.015348072186484,6.581908494688386,5.69123067811313,14.308474367768385,18.29336979833045,14.411525838718774,7.428431185643851,-0.19500132640199044,14.028204193128644,10.709238424650158,7.4537143764972,13.404593219980597,0.4456065309392987,-8.154293266227238,-0.6336903862950457,-6.815140674481312,6.067895147904034,-3.727141647486064,6.235453720863273,22.566040746504203,13.91325596111214,7.842984325050877,-8.122309743026387,3.0698309564145223,-6.466232422594459,-1.4116037336728975,10.554584144501062,9.052650113476489,10.302783500971039,1.1467204873021335,7.038018774422936,9.603419364123358,17.079611557467683,13.736601306239097,2.808606364923279,5.563353985230008,14.412027096023735,17.187015753012243,6.703600542872528,4.526361203866032,13.469249938231357,12.009268162953786,9.746239424109598,5.317400586132598
11,34,3,17.92876601982407,39.61930377558784,44.87668961759021,17.70120267670533,4.151562247788762,10.794902372332965,23.779389337102735,34.064004497420875,2.676102051829418,5.556928232130479,23.45755271977042,41.524154456650336,23.24632560034715,12.140249128033199,23.314443347998335,39.840648745799925,32.78626943107057,24.00757473307411,22.63411508409716,27.933082211069856,43.306377985855455,32.322244081737054,34.67911725809298,29.670456379424873,60.65946277612596,39.84350258911529,33.05558775996837,36.85815962276806,37.48597865457442,36.95160850519087,41.22166670022943,11.899232010924955,13.308690540946834,-1.6394515819762407,69.53288866107054,13.21520300867411,17.386398788132688,6.841614659614407,20.158157769318034,35.242896800724466,29.333449634927785,15.576419256445833,25.813842443840155,32.830877901940795,36.596549376425145,17.988920279937545,15.198993098990222,30.455291742549786,49.38912493281251,26.255746808175644,21.301716032278968,28.24801144683337,33.69736195228449,37.355373337410576,33.53702919325996,33.7769520493173,31.53560595625513,38.51790499832575,34.97640849995461,38.04840841962072,33.91815747702266,39.37876376523294
11,35,3,13.42753864890363,-13.651115594386338,-5.374161249208383,8.929998780123702,13.59123112138633,11.380157191306353,5.112179893545993,2.1933733578941723,8.495754185359832,9.905998509309091,8.207009514816468,8.14560682202048,10.047719524991582,12.395491649146848,10.297760605130618,5.937174375839078,6.2833158872658155,15.34731332489811,15.861876160614822,9.297885296457425,3.7026778250114947,13.230666933217783,16.019745702349883,17.127049488214233,6.5757190931713305,2.6097294416096877,11.889523575264148,-1.1013842209969176,4.624953676866957,3.8125549525351876,-28.48118584421351,18.375423363637086,13.237656585565512,58.14746744157289,2.2717826870247375,12.538162227340973,19.388241618712684,14.823615756794439,9.373879588544137,8.126532363712439,4.293225376000746,11.285449850020884,25.670848953617135,-6.952079905265171,3.3057627036894957,14.299440845756278,14.255010861244683,7.115145864464891,5.874335097569246,9.389888219262769,12.262211258909321,12.224496087513678,8.95614972340352,6.951091633791604,12.724631342400869,14.358737049306301,11.419019500543245,4.193046895105665,9.191970493235601,12.067836628545347,11.12805765767286,2.221505404726841
11,36,6,-40.36215314532563,-7.806011662841206,-22.015878939555353,-9.894598059083636,-25.85255540684773,-38.00861104141647,-25.141400475543367,-13.262809676793962,-10.999737548437434,-8.318313690686107,-26.853076616029536,-0.6038471031479709,-4.548091812718018,-7.140149412727796,-22.453546169622804,-20.545595943078776,-13.9185970043082,-8.61917677898777,-12.94836254386094,-26.819685661392977,-9.700295840957898,-16.936478090109066,-17.288751114523276,-22.213343589589375,-15.776279629344447,-20.69107698317525,-11.582114485842057,-18.375606540863107,-22.189048564470383,-25.41155250988356,-36.10733696768377,-9.024281718824968,-17.74551213010238,-48.43636419661568,-0.6509380567728016,1.4067930429322066,2.814988688633936,-40.90791384305621,-21.92926054612575,-6.731915894833323,67.4757892620273,-25.127372957504814,-51.91696919827927,5.007195456725796,4.273702568260999,-10.374309230482254,-13.748483620652163,-22.80553486586617,6.199372723267031,-10.823907039630814,-11.732950766639016,-19.461502669424547,-24.29887895292612,-15.941206267966722,-17.302749785163048,-15.86296086245011,-26.48239431730132,-17.42330425671052,-18.326722427748333,-21.5799133730825,-21.627356135899714,-21.803369859188063
11,37,2,-18.936864955674437,-19.719136007686657,-7.4670285088856225,-23.078121224406917,-24.408895844695856,-23.247800716721443,-27.051341543769134,-12.92791911782469,-11.514681201019302,-24.64422499244214,-18.229214625637514,-8.696882254637142,-16.563221615818673,-19.68684390441673,-12.11216533947282,-18.055336474781715,0.016625725959495186,-13.070295724336335,-12.536677500110958,-6.495916593024823,9.59174432058069,-4.178879790502123,-3.8959293443874268,-1.3768531122676484,2.955171919541386,9.359312193786234,10.101342111030911,9.332081546575374,9.632284157932169,10.735461433645243,-51.04214093969315,-29.56913064436125,-30.83079920649789,-26.575554221823072,-15.08323500037375,-25.352362175721954,-56.419599368077975,-36.926127706313636,-10.321048260365448,-9.27527737885532,-14.530349688635697,-18.96434156285464,-28.929250703829293,-26.64724389954312,-3.635881042993832,-20.597791677681588,-18.957385634662725,-18.611258614876466,9.918560590850552,-9.00690887250551,-12.359883033045824,-9.733262759292638,-1.602907781852636,6.92117119716798,-4.756686739555399,-3.0012504907279505,1.7932575504386392,12.548053799855824,1.6640889004168145,8.326821712640733,5.229350448018174,5.07299935029502
11,38,1,14.043234356997049,12.158938177293404,-6.299469191671874,3.6313304648388254,10.601159247938863,11.375944026098468,17.39197606555889,-3.219558692491817,3.089845373158955,7.29495314915846,10.581631615326348,-0.5124708273925058,-0.4877660180237601,2.0313776291497976,4.921782120335393,4.327305870153369,2.3289820766530758,-1.1319361646636954,2.023607097350335,3.7225621958808395,2.8306406072465835,-0.4250232076226949,-1.5425461770103475,-1.5876607886492842,-4.0350569583384726,1.0740041388865997,-3.504957834485826,-1.1274097668256888,-7.971545525190492,-4.085767998201091,-32.60930132338911,5.3543540729300565,6.521132377484567,31.164345068448227,-2.525448790047227,-0.25296718579512556,6.248844969949521,6.279199233034438,-16.965125978560884,-0.9830278921645219,0.681398463412755,9.555142567098354,1.9818765265844416,11.12182479633854,-0.8691497784471376,3.6477971248067442,2.516371882884059,4.7398441955674295,-0.9480218314565718,0.23095702811530536,1.3601021186034075,2.2614476790640334,6.0361814883015095,1.8258869659337336,-0.33991343727925816,-3.7712920479385588,0.6909814185303893,0.0804580175658547,7.279036016592462,-2.0897242265764793,-3.7718560462079296,-2.2488566517103004
11,39,1,11.105454627356327,14.816466996014652,13.565595994726191,16.321635523856408,13.24707564198207,10.797124715431075,9.548986925419833,0.253883019508509,2.8777701637775803,4.301145399852498,14.268296005885771,14.041118186148934,7.012701716501175,7.276746313323314,9.627217947244187,6.165422436077053,15.314910332331573,8.185004381462932,5.616002811482405,9.925588876099848,14.823644759610483,15.356072127455612,12.524732465475296,12.369200947580907,1.7618956107350927,9.9480423813788,11.755423786325895,11.453673742609332,7.257575415446783,7.070754391212226,5.376894499970283,14.570494351227111,11.907161554917929,33.66602900392581,17.400927563266062,9.426446532376294,21.25313574389168,7.4174839288973,8.350750415426935,17.631513427738565,-6.7323978373144895,14.008184851669682,20.541541997610203,8.65806804614414,9.196747628304674,7.206575171471143,8.59671819160079,8.984734927985548,11.490935673684493,10.955148412846029,8.643322285017698,7.142289726290757,0.36484482284726083,17.76120741958674,15.404131987472857,9.526268183185556,10.672511366218693,11.078431206925703,18.562764957161033,19.015679233128253,14.118669489656993,4.814652590876125
11,40,5,16.997225311089313,-5.699907403393855,-54.14877583195522,-15.769155195709782,-16.75931730666538,-15.91968283743211,-1.954424049478114,-11.296083788410199,-12.24233650139579,-7.965081394877192,-15.483823460452932,-10.782099366324344,-10.308375288618777,-17.58889096993499,-17.795312160538042,-12.61806585438686,-12.794474731994471,-10.192742531605226,-11.753866698274887,-22.771454365992142,-14.775430571378722,-11.799014886137003,-14.972331211865296,-22.771651911407282,-8.061789147101528,-17.276352971665865,-17.23751463593415,-13.269751088592944,-9.900937022346001,-21.801880307820703,16.20213199404874,-18.721275563465383,-1.610634901083826,-20.576321382893294,-39.632848983130785,-16.505231725142853,2.8035643066921256,14.515541335340684,-14.409274646966931,-9.947112046909048,-7.0195467214940575,-16.692351589132688,-15.972114909403372,-3.2113977034644403,-11.672758011192803,-13.857213554540415,-18.182581556892796,-17.67223662049396,-4.708935460825335,-11.815124865530475,-11.994426065715171,-17.084509016872136,-20.454325710037132,-18.245801806086437,-10.2978667616617,-14.973888122544789,-23.579013139463772,-16.659741158165577,-4.971813480930528,-10.235750520897168,-17.414260826641456,-21.135357802279483
11,41,1,10.609614214161411,5.739608620134433,9.53178280921335,18.215495524780327,24.858734614193068,15.823597047296236,11.853114831698598,7.236389595890281,22.611599039717962,24.86450458051092,17.35245331304101,11.112270709534641,21.15574830547883,22.225582687382968,14.181764297528051,17.898855191976295,9.627979487390824,16.730486195454958,16.610640466951466,18.61766495492036,-0.9702392738488519,11.701208294187555,15.136110583649621,17.281159042948623,14.116485926163636,3.8869778386419402,7.36262239681034,9.31372521976691,11.5631894457279,14.151062783762441,4.8972315380985805,18.634126869007574,20.00157052003665,3.2147766428477142,-32.59243487998298,23.87707081961832,31.598228092078212,14.232595715172051,-0.4770116373632542,2.9975579603825038,17.404976940736546,15.603032948142593,2.3149690425886615,19.25964188026036,12.445879729873523,23.515094069991168,16.48955091309347,15.802546324253802,4.287402271315817,14.459768669316311,16.458926385751276,16.746822600536863,22.747173780302806,0.8050138755451623,11.821695251890063,16.02351541892148,21.94195747766188,-0.07937832538424838,5.937757671356388,12.468728668340365,14.68418922157753,21.383875640427174
11,42,1,-19.72843450787137,0.06003859934465147,-13.513626890711297,4.74821718322204,10.998773452212543,9.73232765876257,10.017056689786493,-2.946046819194877,5.104891372163118,11.209855760512992,9.701737077980559,4.87920794848398,4.9735391490706595,5.593742094184389,5.904043575470544,-0.775290919990256,0.9872361193070338,1.143861924570689,2.155388288268045,2.58323629670663,2.330654767898434,-0.20939996940788044,-1.9223344007495626,-0.27778277614313096,-3.1102214913088373,-1.457248531770325,0.39298165746305885,-3.176112028508925,-1.6241852623160642,-2.7341835806032697,7.005379649901356,20.68181190197924,14.215700182007483,1.7699360811583167,-3.9817765871596627,8.424247641934128,23.049902236886968,1.5861424159531197,4.534502999147217,7.800742756461772,1.9700422768776367,9.144137255444262,-0.32710551250181025,3.593591233999353,6.270618821153556,5.882124994654301,5.06707505157172,4.108935004736227,1.2440548116318526,1.3989404395972258,1.0252886979000237,3.0302647766997914,-0.11093281440879821,1.7184200805112164,-0.24564011120407991,-1.6738358127725554,-3.4347817812132013,-2.1825804359211407,-1.0032014793477864,-2.366325989927774,-3.1959529561899256,-1.0662287477426586
11,43,2,-18.20538234519886,-9.371614030698632,-6.1577820368679,-21.624338614686238,-29.02573196585402,-23.2703121904193,-13.985485477023758,-18.484591964541423,-20.578553330970976,-18.17833002286442,-16.022517526681277,-5.0956120288408355,-9.173609448267467,-15.679128491206141,-18.765647924709597,-7.864420694730627,-7.786965910640617,-12.442828335413122,-18.112126007267257,-10.842894721685392,-1.2836547731876198,-7.458703550669113,-13.960679477671302,-9.412312978784916,2.6022769606149767,-1.1467783183495444,2.036516224215851,-4.596551647977675,-5.036484468316589,-10.487608869037615,-28.033043803465453,-20.523692044951936,-17.57388038569833,-9.431305459359802,-12.670685774487692,-22.853854998173876,-6.106878115818264,-23.918319358461996,-12.059376679386427,-10.872742923703502,-35.91461088980842,-23.843033697001825,-12.13515877796383,-20.389678751550072,-3.442258321748274,-10.604938573658279,-21.22197623991566,-16.693672448442108,-2.9415879212149476,-8.552746253746859,-15.081957584687093,-16.72742038256512,-10.232212226667512,-3.0094211684403627,-8.454409131661011,-11.945339543915283,-1.1211143826338938,-3.4345407860790846,-5.317675382989211,-8.40327397309153,-7.254302307242167,-4.920779454181105
11,44,5,-4.156252395338948,-9.584778832902039,-38.40242629916202,-1.7467979378316811,-2.553643523085089,8.572582378029454,0.9096464053415343,-0.7384097547065913,8.778641790492317,8.435782954823686,1.9782033355554494,2.1850147559421065,12.253124680529089,13.848319702259289,0.5204100940467384,-7.5023719102893835,15.12700475734181,12.492363233051098,11.531335805769915,7.106141191024167,9.268986719864895,14.97693952167316,15.900382006677196,11.160663207751556,6.126680334836886,4.941063846611966,3.645010906112631,8.576583310791362,6.722467748039378,3.1351720292530025,-6.500944478137745,-1.2957637849513701,-1.4253807181333422,-11.622929060013918,19.99157303715943,1.3865807797396315,33.76410114969601,13.223021723557169,-14.167196922106431,5.585031492340307,-0.4197496999418594,5.379304622436254,-11.838041278192913,1.6514303492745621,8.350393656152871,15.7635969188882,10.792863511457666,7.703355476487332,13.310652439641505,12.920698125960257,15.42831608080645,9.710428350744207,4.194521999827061,12.200152856351737,14.247394561801638,10.854280726944397,5.483527501499878,9.95009595849949,13.829028323701607,11.740393621148542,10.76731984898811,6.438996934507998
11,45,4,17.495900023705882,31.760961477122265,9.018477996118461,18.161275229734784,16.992698937540922,20.933675242360774,12.51124493777752,3.8637673677763034,8.771782400767982,3.7959244374140404,7.7824106120657754,6.59786898129415,4.157857723636326,-1.1428208193946168,5.3209628387660945,-4.2909597206474634,2.009039662605175,2.1443879854178225,3.574237196138358,3.4537646946292835,-1.162912315463295,7.477884076751502,7.858081938608025,4.76852096763735,19.00595644298123,1.4129100880449317,-2.15830467455941,2.5834145948018232,2.8608840614920714,0.9880893668585746,27.09139948928863,26.38712804530542,20.75610470235711,16.28062318885564,13.03528958604466,18.676228633082314,10.641409944714521,16.116911328511268,9.737008251431515,8.150191098247177,7.734996833179786,10.841901739400514,8.13559958662997,-0.7108561238614697,6.258519551290837,1.902565822277853,2.4290688674124667,6.219257079246571,1.5563134430033123,3.155687864370098,2.685950180015911,5.342221016688958,0.6015430387030009,2.49872907800827,7.197801992865047,9.97968383976144,2.4511705751235544,1.0392680201202453,5.85954117846516,10.060609345029038,5.96007146795349,2.7009996601505346
11,46,5,-6.045730777084827,-117.53689359455574,-33.582481041641486,-12.68443370308364,-14.070113065388494,-7.91530066385593,-14.174475794942,-15.326016646041811,-19.58199927442502,-8.004141363988223,-5.7852148052259595,-14.733502378187538,-8.004772864179916,-15.67208581573681,-8.003037435789139,-10.902634571510841,-10.9120199346188,-15.724541918772108,-12.152690797899393,-10.121361413300495,-8.53995754233868,-15.591984541064544,-19.169576727007172,-13.058519343731971,-8.143326684775786,-0.5304269793715963,-8.309945378509326,-7.343832363874268,-15.709579153667855,2.3572394870357902,-7.3388335212565385,-11.646110606084507,-7.8925529879904,17.019380093563537,-17.842113693125498,-7.522439421918361,-6.513222044475785,-11.018098659983766,-11.069113252616324,-16.511580249476363,-1.2201405619384669,-9.53128628442972,-16.68924247510675,-0.48705263763507123,-10.308558439040874,-14.79259131999868,-13.391775793195755,-9.849864518656059,-24.017225140478555,-16.92301939761766,-18.009151841127657,-12.482799522260706,-0.1907159721524252,-10.005911770549305,-15.576308449298683,-16.291483667292976,-4.9631077763056615,-6.753525893839936,-9.314467583924943,-11.393239766268472,-10.149503075676716,-1.381153009934124
11,47,5,-18.462143129373835,-39.9102559600298,-10.987830935744569,-6.700520290379844,-6.038495344359701,-12.381333923569272,-2.5159766484824244,-9.653850786955795,-18.9832183705762,-0.7427288463180202,-1.2501671877008205,2.6488183947598056,-7.472311652787938,-10.060002003569249,-5.806685078480258,-6.237430143187093,-6.323099041823298,-14.211752108457244,-10.902480275963617,-3.892015155722817,-1.7127078562043607,-12.173413859390676,-12.270160070347893,-5.848863928771873,-9.028408138234763,-4.556141920600701,0.2082961403832924,-2.527348112065071,-5.839579783652613,-4.928217411222986,-55.927239635732114,-8.569926258131137,-6.156485159625869,1.691690763095167,-9.371016182402919,-8.719470904671539,4.812627983892837,-11.244341164872772,-19.08824634452481,-10.208804197677573,-21.656004133293546,-6.745379343935543,-3.8475850868356845,-4.775713087468431,-2.8724097553186283,-15.27061044898526,-9.151734398604116,-6.711655555383826,-8.970929218623668,-12.347595651594286,-12.779251832333275,-5.247880112152638,1.388330688427497,-6.129341351686093,-11.406992508189342,-10.842166897329712,-2.503033763888042,-3.2279077174664454,-5.744342337839488,-10.005666047593058,-1.7754892757980207,3.1373508533054033
11,48,4,-20.94136386973465,-2.821096297171782,-10.217037493845721,-7.947558848051037,-11.086153565201814,-22.857904115782627,-16.431864570008546,-12.561401658305313,-8.798082582070492,-13.578389581292868,-12.653452766548122,-2.5678012036241418,-4.731037124309962,-4.511442005657019,-8.723327156065443,-3.686765620166937,-9.262064627076429,-4.09069934748567,-8.268287094173637,-19.52894533888958,-7.335001345522271,-9.747111909454924,-8.630143283525621,-19.863026173512743,-2.2117537542178134,-12.323835788158375,-18.084847151631163,-13.878331790746355,-14.950022166180306,-12.457251116656137,-8.52619038785739,-8.0538401839028,-11.850800938041115,-36.79955734703233,-11.495736887905652,-8.332321983921098,-11.91642645201306,-14.156673797565254,-18.22672729463056,-7.310479776683925,6.967799334412034,-11.258778315696231,-11.259515993933123,-7.889930603480563,-5.298485018312931,-5.291852206173472,-10.314448925416647,-8.100256086745953,-2.5737110468354545,-6.3166685521193795,-4.331118947576459,-13.904858794517626,-15.827564366570698,-8.350080353435034,-10.24042147543372,-11.569513694178774,-20.92906212225193,-10.546355595880353,-15.282868851884826,-19.56593289480703,-18.353996545439824,-12.607398238510083
11,49,4,31.778652387960825,39.85272876931944,32.336710191354534,3.914295285974246,-6.494981393467906,24.76764275909332,-3.8107136259502847,6.701648314006439,11.045305108719672,-0.5582023604386834,-1.2361107339014907,-6.942959657438648,1.34719295069439,-10.434781784827752,4.582244642124299,3.8210052837413278,-5.593260040279573,0.8903115096433852,6.481436056959467,-4.011894728903228,-10.897654999953275,-3.6925645592372596,2.033768606531183,-4.295274070884305,18.935221318050477,-6.402298828200773,-8.53354642344866,-7.105919511579885,-4.454527000964778,-1.599027399815583,9.740826004820805,4.605855219656741,-3.601520878186153,10.6654638878138,27.247374345184998,-1.1706926042168604,6.181305832343129,-3.79079067709333,-5.306014591600839,-7.966937154202107,19.415332556032116,2.826176876906401,-7.582699684670379,-4.464495639180446,-3.367194395444197,-3.8608124416048946,1.6623679836530532,1.7147999318180305,-1.9363957029517451,-2.4479312796497785,3.2136440073571593,2.845145365291431,-2.9815879297874357,-11.476324843606218,-4.0192363281938706,3.7601230439343847,-9.167969490855745,-7.653309590674414,-10.291522964062843,-7.57401811978326,-8.408995796875216,-1.4237368525028575
11,50,1,-17.749189936533195,11.239732771566725,-8.654154038965343,-3.8519283744915365,4.881902462848256,-3.710843712946104,-12.835641390416866,-1.8587334490602667,-3.1464567924508944,-2.0941590058003965,-9.32141392269148,-11.396512831924719,-4.360012561287277,-8.419224723526158,-2.682002304320607,-16.583853115214083,-6.451578257832582,-5.061063934206997,-3.150582988314877,-6.705870990891278,-15.345688920104642,-10.950925735143452,-7.539498953194148,-7.550648740106608,-11.58514158355026,-14.183109248738456,-16.387921337901467,-14.536326954959009,-10.27685922420607,-14.939253316874176,12.388530821335031,-3.3650589591891653,-2.532308284125136,-34.1582443757982,-3.653653924032568,-4.545194640028768,0.660564513150149,-5.213389909871643,-8.45182052345538,-9.014134904415133,2.74453799038126,-4.609629581147157,-16.961823958477638,-6.1026650137926834,-4.1175684507300225,-7.7195038902914055,-4.4849777201463175,-6.1840967848306425,1.181471042562186,-8.548812674131339,-6.621479607664234,-3.6177127832864873,-9.400570400104648,-14.864902789091188,-10.43424674050836,-4.767392883940436,-10.848698474648526,-17.82004569366393,-18.78573946036943,-10.272053216425027,-10.169787478769523,-9.928022911681282
11,51,2,19.754416639246514,7.862155175620188,-5.014951584883392,5.876128329918148,4.576956603041478,0.7676024426700454,-1.7687551298792081,-3.157191796182858,0.380120727597032,-0.09983611874645892,-1.1821700310016583,-2.1872996463463044,-1.4221220042829112,-3.830930522393166,-7.089100927182639,-6.97853931623352,-4.2104101518123676,-6.273646097539404,-9.101866896445982,-10.421973803057892,-3.3594044342228226,-6.330927390877792,-9.114819461224227,-15.628995909832607,-13.243070068246709,-2.242093588429981,-6.045465719817972,-5.9183890935397,-13.993318701798957,-10.822186039215534,1.060053778630568,19.561656927576333,12.560157953148208,-9.04803218749328,-10.390592735306152,1.4722352335229525,8.236983107823155,-13.463301586322247,-4.795447895229545,-1.8179621424684984,-11.111769407533298,-3.327107514036116,-3.8870983626920586,-3.9638302353347097,-5.687894950711693,-0.4440783399566072,-6.334166722383541,-4.28521863560806,-6.524762203336252,-4.504736741069167,-4.643907776874734,-9.596550147060496,-8.872702997972864,-6.734466004991761,-6.121296008003924,-11.67458005631114,-16.650833314102975,-8.264927205970368,-7.897990363911261,-8.308296682631095,-16.180536381536857,-17.270915409924886
11,52,3,0.5534589045522024,-23.910288369214953,-43.61892567974767,-24.696213323131712,-22.390032157120203,-18.742215712520668,-27.296586411210104,-15.429670569055318,-6.649577897678059,-17.76899726403785,-16.557702206461343,-25.041872721619715,-10.028249701893913,-9.868963129250567,-12.918538530856905,-9.023544294010033,-10.726331646576892,-5.056132569681946,-10.338970534673821,-13.444506550116882,-1.2474291529392865,-4.600981690943602,-5.0857397496882015,-9.32935314118953,-11.249431498121565,-2.351541770190546,-2.394164084280818,-3.4268810900564244,-4.575896107705264,-1.336862777087201,-55.29550650643137,-22.498771393444482,-15.195522499157164,-35.46960206416141,-12.675053285877778,-20.881850700234853,0.49904126365010115,-16.77359057897021,-25.099549279116644,-19.931515048848606,0.562516481737698,-17.671441176997078,-13.428599044328507,-5.251456898103305,-8.2143463442988,-10.37363435269515,-14.398438314731209,-13.913255984440633,-11.644890912501822,-5.863074586340564,-5.4019751296969245,-12.236103833993756,-3.2041573680528437,-1.4410903884166082,-4.419713719100575,-8.968273146577719,-8.649130901367196,0.27190185201967526,-1.2604008216138287,-5.310999023682646,-4.883011278605496,-6.679455011515177
11,53,3,-38.191826156058006,-17.817495801843844,-17.896912587559545,-17.76657265456529,-10.627175230260304,1.2435148928950448,-20.256610593917525,-25.13700902948109,-13.271259926986406,-9.794328130599927,-13.086969617845078,-13.433048432846208,-9.896203397222362,-15.313025579810507,-17.036854160404424,-13.238784684742825,-16.214216815444033,-16.24981098758375,-17.144152339093573,-17.193899238482118,-8.266248081663123,-18.577129810457908,-19.524235862602545,-12.643474507872472,-21.327143769983845,-6.32836290246739,-10.455495119730871,-12.685151962694015,-12.224525004994446,-4.00265395904255,-37.55965893933685,-3.290457680821419,-17.135653919835644,-64.80420398612208,-22.202806026788384,-12.311668902090409,1.9446047835233742,-6.303643739078102,-16.458439559448603,-15.392104846084633,-9.813301395897456,-14.781605506270402,-20.35131769784068,-12.013731905753254,-6.362260273089861,-7.852601075590381,-16.4128818673695,-12.876046290507587,-11.47444498845626,-16.97869067399467,-21.311998064743307,-15.868808067789889,-11.945884222425981,-14.069096090771797,-18.422490078819596,-18.94333890798252,-7.644960619781804,-11.45649847251976,-12.718726387974336,-16.0802856748583,-10.811798143972899,-22.46510558196049
11,54,6,-5.469794083704671,-0.20788153737964998,47.60247626282823,10.630819518391666,18.867407224595357,4.966838789808493,17.317109729691474,15.204975376871017,6.972335562359818,4.939598486917763,10.512217332449996,15.01246625153779,13.383817192984791,12.854460292143699,5.082336553417865,19.07990684201259,21.153709126818097,9.17094865077313,9.694342564916381,22.82778123506946,15.67599523188716,16.63381699091052,16.96495244200002,27.64113702272949,39.19483007708701,28.805563040054956,20.0965717416711,29.105775321765666,31.248418252369998,28.64128702938012,18.142581508245037,15.892572791292885,1.1401984018001095,-7.847327646049787,28.807630996515083,5.5096977461447505,5.130883284708161,-8.609376812762605,16.492929987891902,21.153154850573973,-1.0021843439047586,6.975989415719198,31.850530218083126,24.683926121047797,12.528993751558405,13.04155611174134,9.978816102008983,10.745054289778112,19.37767044918202,17.527546286631225,11.97854269863809,12.763701041751517,30.5251013075524,23.012037730775774,15.770736011790063,20.30576467027935,27.64471861629226,27.462501060876352,15.047351723854877,21.738048002527044,26.21144213023162,28.47241736608897
11,55,1,3.777982780437278,4.012593815602908,5.163772904654826,3.7882118004760357,7.74450756872936,0.17385405790849973,10.35787155058961,2.689493315896337,-3.7644615525311687,-3.4885683143227473,0.23506888244074076,5.120543343764611,-6.549625994546745,-3.346071112299023,-10.48365138066795,-7.733912200076367,-6.159830666874059,-10.413648834792756,-11.416455020310309,-9.809358192017159,-10.302879909771809,-11.562528974155153,-11.053490336461948,-13.898322226672738,-10.471619673845609,-3.69025556204511,-8.900435025735591,-3.9394916690993957,-6.332744714436296,-1.9218475070509418,-9.44344824842154,8.179306591701943,1.1042139125851573,9.721327335823595,12.302977713875519,-4.59689388315126,-16.53851687472039,5.269789064024778,16.077846414159705,12.051220401031216,-44.9715655084881,-3.6154568041348245,-5.7833492486601354,-5.004987705317209,-7.335444782315418,-7.909159359090572,-6.803740432803951,-6.515169507165148,-6.263826899656389,-8.894631214860107,-12.915323270643801,-11.362123911677884,-4.65035268032878,-13.183392853407954,-10.381645850399975,-10.486490613704243,-12.606824678914036,-10.866852351191747,-9.896116677853398,-9.33126205564817,-11.344625581691902,4.811259004014841
11,56,2,-17.95430472156988,-18.979323416244146,-38.8307422857459,-7.552461039184068,-9.297581788697622,-7.260303802152235,2.6279796335403245,-7.998279684325448,-3.4901060273689097,-21.472422355343035,-4.171639350549563,-2.5301583454285455,-8.823876823057283,-15.506860319229704,-15.268132714097531,3.074757517323966,-8.064165468895578,-14.766377798440613,-23.966523758703605,-5.89786848067675,-2.63779887122034,-17.357543714889665,-25.220200155566392,-19.818885374944895,-0.37733455561101437,-7.721716472913128,-8.463124624408056,-12.507161968208779,-6.644554937156148,-3.728669693805673,-6.910310791725884,-10.760658028972806,-10.790491831420756,5.845663245721925,1.2813506248270774,-9.369430238710395,-9.013884140496579,11.966187957583408,5.4227947313054585,-2.4606041938702514,-3.795008596191865,-9.73439563713151,-3.7743530179907734,1.3464989191909287,-3.5624463099407087,-10.213075077978942,-17.996088309894965,-2.6834917391321036,1.814236005086726,-12.148728381206352,-22.22419422446387,-19.171119264054404,-0.14472415427700022,-10.41202438226901,-17.08737710999643,-25.417847987355238,-13.33561748629664,-8.24474888399425,-14.859349623424697,-22.95600007310873,-21.38561094879378,-6.01858202163584
11,57,6,-3.765473901044304,-29.37271679628915,6.171578098043081,-9.222059892263358,-7.310340043202763,-7.876013967833236,-0.2639578275791386,0.20166803019620594,-11.590313924192568,-16.219326450591673,-0.4725046235977146,3.3248949804138865,-8.943814207322712,-14.16923591233336,-15.53982731688586,-0.750084825927709,-10.85660416769182,-11.5966528442393,-20.457912157176107,-13.97792223211741,-13.448965458335682,-14.877214248678301,-17.447435332098742,-19.18030707824339,-26.70395147932194,-10.414714189019149,-26.685012001021768,-13.499845218447204,-17.14343407491175,-16.614829305559397,-23.65928341557341,-5.7246121516587545,-18.400937721434207,0.6008585267132385,34.585484870323306,3.351826850665596,-29.63950899588624,9.010051906949323,3.231296457554691,2.8475989718444414,-13.784805633763712,-5.640278567741742,20.414807788368954,3.982480374055561,2.8147138930493725,-10.609055232620099,-17.443501776765753,0.7461658255424268,-6.7771171384332,-13.244964327890333,-11.311012713374891,-19.280417937694537,-14.930224676891909,-22.7514012717619,-16.24371789669527,-16.11503625257372,-23.68010279845174,-25.201193229954047,-24.329985077833616,-25.511157257879937,-17.282277162130008,-21.095328811885455
11,58,2,-28.790947427430837,-1.5837850708332724,-16.91298317721272,-11.196835778074385,34.52685883168769,2.6632315527389347,-0.7897571366927707,-16.716477900084737,-8.359938196871976,-0.41128484037045776,-3.6850109406769627,-9.217518898817465,-12.880673906152571,-6.888102919703757,-2.4987677069290015,-6.539050033225153,-8.184261916387012,-10.032877310394968,-8.39497798909547,-4.840943163067739,-10.264118829901076,-7.820111343750684,-9.349213334572754,-8.110427292021242,-5.664245799956162,-4.770049030495036,-10.47824274666789,-7.468513156281692,-11.201005347391094,-10.745994217625658,-5.845918580742052,-16.04359250621325,-3.2001419695897786,-14.864907718013695,-9.492418991220067,-10.783612979382912,-10.907127147920924,-1.2485957230986444,-14.693646925762764,-8.789482906778774,-6.664535657661714,-3.097861819363927,-6.417647197206574,-8.192374813733856,-19.15474422785975,-12.783257591611958,-5.967171975826028,-1.4056167868306715,-8.75761497670944,-11.978166583016879,-6.659416396965887,-8.139590944458801,-5.191288176537829,-8.62095074550953,-7.322217561946274,-6.405340705203209,-6.076928709883515,-6.248623111830431,-9.809864445339615,-12.680293012137822,-12.889013298310156,-11.619564226947771
11,59,3,-10.342682365214499,-30.482637953830928,-29.5143126187528,-16.08669208453558,-13.08963032353034,-9.658820758914434,-12.186385725769675,-15.488277465684293,-25.04021455974476,-24.101568511278366,-8.309829676660092,-1.506065115849374,-19.387720998575368,-23.138198412919326,-15.998800835646017,-5.441782490337527,-9.93444870693167,-16.500743816691884,-19.427952372119762,-9.645468135364354,-4.4394775634722325,-13.38230844450796,-14.040390286481054,-10.515244519485657,-16.799799308226234,-3.9567970929514042,-10.879144492786283,-6.285687560794828,-7.10640635185381,-5.3144263372324945,-30.614732712671955,-18.461810430557268,-14.81287092876779,-14.666232979697435,13.055328220833188,-25.218633697481778,-21.877864858311604,6.352976050046153,-2.579403986592163,-5.868261395476573,-30.49977470294391,-16.58359281918625,-22.481663732085284,-0.21891073659971028,-19.690897895045953,-20.25968594593564,-19.310044324258342,-11.415645246643855,-6.446386612832499,-13.386540793052804,-17.952458406503247,-16.47094396301885,0.9252790626615461,-8.403828270506208,-13.90282459654731,-14.122549991827553,-11.081781501768203,-9.069878405777786,-15.199113665679588,-11.633688349390356,-10.062407488071523,-8.616149479773165
11,60,2,1.746446178726304,-28.443287462836558,34.15813358818613,-17.022489269593407,-21.93617296335856,-23.99961123317367,-30.58414211787465,-17.157423034298976,-19.94233687340692,-18.295047283695062,-30.715441304190875,-21.131602712202724,-19.879059060549135,-23.2401121114267,-27.3239857358858,-24.9920342806954,-14.342482590890302,-15.420497353847441,-18.530713954054548,-31.30395944471038,-9.657499839120147,-15.46413675386731,-18.87659510633932,-21.965645062464578,-17.011016580844064,-12.217998195541787,-18.149103672981898,-15.714269502991343,-10.860142325403215,-21.01412361333283,-27.145961897629412,-13.267654279650118,-21.546589718495554,-11.797549657205616,-18.46634160118496,-9.238646880158493,-67.83454608335728,-46.75680199719781,-7.81466893888102,-14.060674828766821,1.7673379307294756,-26.510979723261954,-30.82111499526696,-35.583856378568385,-13.511120197703919,-18.359834054979036,-21.817580388132015,-31.35523454263443,-11.959897242906717,-16.238429868548387,-13.48316650065344,-26.526323061368284,-26.42904649574947,-13.29288446781703,-15.115652484092394,-20.725133306363876,-26.032931526134725,-14.194818042079545,-16.12060381049609,-16.27042323596231,-19.408713980055424,-24.742899231612682
11,61,5,-23.22817653817375,-3.765975156980682,-12.753886585123837,7.595637693615035,11.809354758582915,4.096657369035953,-4.771480687377157,5.255684478253847,4.525209144916291,-1.0030279895972205,2.5029565750780294,0.22169210242175702,7.095348258548204,-2.926986800324988,1.8520283292888142,-2.5515417989752267,8.818256146342657,-1.8656796952936712,-6.976157963957367,-3.9035360494674003,4.009344666208164,-6.235935798051152,-13.396793857576021,-9.607497477228186,-7.550214804095646,-2.6913780530434797,-6.095882653576753,-9.569845008064718,-10.710135020588226,-9.460931985732737,-27.399131500139458,3.536295568851598,3.3628800512382355,-18.620412715506273,0.26673440080953836,8.157802582491284,13.984526209714941,-3.2218099114962087,-25.983849873993453,-1.8445228450454594,16.018048915478236,3.75901919782798,-30.971368277218286,-10.13731700209219,9.972250607727862,0.5534542367407473,1.0459298538611983,-2.0084804811673935,0.26680184139802066,3.12877042244881,-5.681527094097762,-4.671408408571306,-6.292045743159226,4.207802358878461,-7.20320080529626,-11.15932293533825,-9.710549008737248,2.237625041073642,-6.590884250293417,-11.940890249410057,-13.464853645325071,-9.994930750304242
11,62,6,-17.472554486699213,-26.224225937638714,9.294308517809688,-12.017911170313996,-10.397934294146742,-11.692608521569795,-13.651829041958022,-7.129713228199537,-18.66566227376461,-20.65962853173657,-9.268504708539695,-4.402818127904406,-13.829100659889427,-22.362989499801532,-15.05330010705127,-12.295669943735959,-6.163527902124857,-19.49522175848279,-22.105616287214726,-20.33887137091016,-9.746432261209277,-16.143958826344928,-18.492155242893023,-24.30642276293622,-35.32326319595663,-12.42639058205958,-9.63800123851837,-15.061957645741078,-16.55815042210061,-25.026794447949754,-5.629471078378766,-12.08458754865499,-11.99519240451839,-6.8460783581363085,-47.62972617803552,-9.333730171366431,-22.48306659663595,0.15819246471836834,-4.317828888510831,-6.163412201786181,-14.925862161124625,-12.645142381295285,-3.761868053524779,-10.869677228086463,-7.709674972313934,-22.97370549636642,-19.81792123488537,-15.462194161376031,-14.026623068649952,-11.035399063285904,-26.888275564352934,-22.654794792394803,-14.333858839690496,-8.043644954155129,-16.343862546835002,-25.227040584585296,-27.79590209091944,-6.53956570031076,-11.345474110257511,-18.940803306540708,-21.108122358416644,-18.340055701754448
11,63,2,-7.324714604924184,10.493947886748286,-7.992615753162943,-13.063277174105368,-9.094264899823449,-15.616819426349199,12.565797822095641,-9.67885450005713,-17.490231185129332,-13.71184349048417,-3.3299227536814993,-2.178545734094081,-15.390596070826591,-23.15680039955713,-13.126333318389488,1.7852506794989456,-5.63304792115999,-17.61476727843103,-14.645669077821195,-5.019492444725672,-2.97876803658721,-12.474956679566786,-12.601271443705004,-6.572286905107519,-5.289707165021204,-1.4718254918414284,-7.245529091269592,-8.276544524424871,-0.43967251521080897,5.460485729479756,-8.262396455935495,-11.303140922744829,-10.794637325571896,0.6696365828478211,1.1762890923404836,-13.967302739574786,-10.373504225141934,-11.774719926443444,6.711626633115835,-3.267767958399816,-10.564538366967673,-11.746187751797567,6.009076149430034,6.150078925034369,-8.808996069097391,-21.57782120475682,-19.302871588708413,-6.576331266133883,-5.554836193583734,-12.636508977256433,-16.3219055576795,-10.542426945005614,-0.5834662808877678,-8.640941005450015,-11.345020927602377,-10.942422431598347,-3.082624378932139,-5.785504035907228,-7.06992998707858,-8.452317204195776,-7.349448272248547,-9.77028857176078
11,64,6,-23.581842794696385,-13.043074613357547,-15.545477022893914,-10.712140293905465,-7.225693055882864,-24.55446341265812,-12.298340479184578,-15.32858107202663,-8.33757611046114,-7.8024154901845275,-16.977683168648532,-2.6910116988256916,-3.0648804183413363,-2.555648975630816,-17.656772691097743,-19.987509214841747,-9.458844592735147,-7.465707613018961,-14.10436235263762,-16.082425911433806,-13.52978504619494,-12.570608702853116,-13.349476422614817,-17.5482161983666,-28.52302728320766,-3.3942707351837655,-17.202359082995027,-12.951230731883602,-12.043165513109876,-6.281084027704955,-13.826006019124526,1.582011195512988,-19.35814274486336,-47.83490315624855,-28.87088960772609,-6.222072187883549,-7.4456738655046575,-31.966312228315836,10.572014930192381,-2.308307165688859,-39.76145376701181,-14.19276925312674,-31.66284143646453,-22.01817356885932,-9.518902537040976,1.2582559610103687,-9.826041820413645,-14.898694029941058,-22.251545588326884,-11.162012860996695,-9.881640787486257,-21.368594799327063,-15.891020513480386,-13.866883337359994,-12.080909691796425,-17.807531993200136,-15.81163769033623,-12.830430456777895,-13.949356320382261,-11.401641913621521,-14.750754705425813,-13.351274476863633
11,65,4,-2.478010840623115,-19.720837494403856,-1.5586321148794255,-8.216216818497681,-14.895864419003088,-1.9147952067234169,-8.652297932972635,-8.74619532721799,-6.248859452742452,-3.8938708888911995,-3.668192460269829,-6.435121238749846,-6.680110514368402,-10.819554094747616,-6.561011880976938,-0.46556790368404366,-7.674943673219989,-10.244460988153774,-10.815283203724677,4.897679754737311,1.090403284763962,-7.218568447886445,-5.578186463337485,1.4329630569895608,6.166550430673652,-4.547349408734591,-4.594102975764742,-3.1592742473841056,-14.531395728308036,-10.072260327279427,4.034131528008956,-1.0872988053938262,-4.472603630229111,1.2735126264927135,-23.365525561975456,-2.1537347705807663,-8.677277605617185,22.475127284210643,-15.673787427021239,6.143547199189481,-17.137760393957553,-4.031181374834514,12.361290581761464,-5.625470186873316,-7.4828684051952665,-7.10101722598802,-9.81860396699843,-0.26437226146822923,-5.645248431212653,-8.848162110352586,-9.63160460179944,-4.532458939657712,0.21504954418462768,-5.716962154727523,-7.428508334282064,-6.547996651562979,4.448660649120715,-7.6632156358639945,-9.990390031236482,-6.048970109896688,-3.884471171785418,1.5605457631144213
11,66,4,2.321423611660464,47.488622068768265,-22.967087162272414,-7.6818128236492775,-18.412425072000524,-13.469351256731898,-0.8534929986202684,-0.145543605498062,-11.243463959726622,-17.57391406427615,-4.583907679075422,-1.8938311153523075,0.11763332350883904,-9.590018507820076,-2.1393843885374855,3.471142359435694,4.376517821307772,3.4358422381621665,1.6494298822178326,2.3895557094138224,8.623471660363464,9.017427142187046,13.84096382031354,17.31767870267717,21.43622561053531,0.15953248915001328,6.452508588457797,11.428482118164883,7.10757772547261,6.421243166823578,-13.737791784107685,0.9897717312659776,-17.67143643494672,-0.3035673660583938,-9.887623046433964,-18.027271733414846,-22.356872134501256,-32.79318667884644,-27.134118344725614,13.51549715148967,-19.00760992958278,-8.061822673374019,-19.39994082463587,-11.381776792596371,-2.9316625571468986,1.9076463925402312,-6.015395634330627,3.9579106429307838,-3.732068067325687,4.59089252282297,0.7601016107946634,5.951452549274373,12.034927310285768,6.633626984932078,9.38195870024373,16.030639964178572,14.838453071964228,3.349908171948499,8.391603651388383,15.513493190633085,14.635131300040864,13.563658123018174
11,67,4,-10.441756802392428,-16.560083538861708,-9.189328987196808,-14.550209937282142,-6.898659743971993,-8.835966478601645,3.0010866247225425,-12.75857697476961,-5.3713220430583455,-5.148598346541205,-8.32901022764684,-1.8068847863909383,-1.8742407896987543,-6.67289925094058,-6.410965975090046,-1.7402132866540683,-7.95053808389674,-4.192622730522643,-6.4010214700204555,-7.026141208619241,-4.983454836078169,-3.8119427329383617,-1.576000083692192,-4.2368455056737115,-14.29342014206255,-4.873592144514364,-14.45076905247732,-9.16892883629061,-1.6951759351281117,-2.951614348433639,-33.790839753817856,-18.852531406724623,-15.027231221564302,-43.93819301275584,-1.831753485472646,-21.767958764861348,1.1530593807735219,-21.181788378281567,-4.340108991339349,-11.030019485806234,-18.426090985775087,-9.922513333989716,-71.5320175493636,-4.944259798540392,-6.810542042849854,-3.328491051601837,-5.774392890210105,-6.751520623350748,-16.987391556681295,-3.6406098437132086,-2.8604983655258844,-7.359040933434012,-9.276472887955606,-6.491395095772133,-3.3297781758919007,-1.978699822523973,-3.737746480579785,-7.316457131786678,-3.790665271294461,-1.7396878576723918,-2.2910500730774013,-10.592916281632622
11,68,4,53.63066522131971,10.633648941952103,23.77624647019478,18.263323962415864,19.990131591083244,14.818641037248613,9.241264452243497,12.206115760829109,16.078434529418995,17.152327843467564,9.893783520634585,11.784283723347126,10.99810338458728,12.534720662981272,7.066083335402852,-3.2226486415943025,14.423446811122323,12.800375118726722,12.653149067356088,10.26095666793152,9.763390602225929,15.195922502112111,15.441287900116762,14.313781664689722,7.19928662319918,10.509262325810033,11.72545975228634,12.73032442303146,8.447607520763288,8.157325359013095,-3.4455988808285185,31.320045393482786,18.504461608145665,30.9232312445188,15.24736613312326,27.823099014372012,9.392447900413192,-12.259082757175063,2.7257333513996684,4.2513164533529295,18.013167077766308,10.436174869753144,11.177587750844843,6.180081308518375,7.628479461185634,16.03543139159361,12.452474147571177,7.343075574296189,5.983947242621515,15.690321524532395,12.921773082008825,12.389750504252943,11.414396648590523,13.732421766921162,14.621923597975309,12.089759977284537,11.456064557338621,11.278947036645208,18.171798070483838,14.64585717978729,10.666442453316064,9.021351063237864
11,69,6,-5.2689406499266624,-12.016349451389258,-29.068002296611667,-3.71160532861221,4.4209284690186035,2.2175239188619296,-11.227488885517232,-8.386580820218088,1.6397408024839502,2.2433323697982,0.10114241443097421,-15.171135900042412,6.310932164262167,8.399456151477178,0.98893774625641,-0.49938811266385935,-3.478107950582011,8.628181409888619,7.684295440774142,-0.0259339941847246,-10.432463132958047,2.6421034387880704,-2.7319132137316737,-2.0250966113185638,-12.679203524867562,-7.286131675173411,-7.7475877964482995,-4.3302174623396885,-9.885217561772683,-10.697355966935524,-22.94282584968478,-6.549124719745409,1.7162894634757098,-26.784944645469867,-9.000743533598213,8.691922009473949,13.617116984025364,-23.885574044001,-15.998106880147548,-12.242485931307844,26.70456383922477,-3.0942801805667406,-22.915223931325837,1.7032983326239557,10.314829842590656,6.340992484255928,5.5499918519451175,2.0229128528522633,-10.794675928790392,2.1924960199834356,9.412047773213473,3.536541380453855,1.0334014757649927,-0.20540381777213781,1.4002660692374151,-5.5099627126587505,3.601246111776405,-2.763130368510114,3.7213523091248595,-1.5275305649492805,-5.654074659525624,-9.186431914056863
11,70,1,-34.45222854073066,-23.00227643340463,-12.658639502268654,-15.59414408044752,-10.07098289943021,-12.87779130606924,-9.535181192885627,-20.145431706341125,-20.100645173613625,-11.603897940787698,-11.548915977862366,-8.929536095013983,-13.455897256754712,-15.907067827471508,-14.8244159141493,-11.13124405514312,-13.616417870788672,-13.134219565491263,-9.161490891673946,-9.101052228423837,-11.229981131942532,-11.56259156243376,-9.950245318940004,-7.78486911194944,-9.213199788727227,-11.280181146476687,-21.095362376171817,-10.536300207011214,-7.221716186752902,-10.87013506654241,-40.91430106610286,-31.39033223657087,-11.533953338796154,-25.526192268140896,-16.400068882262193,-12.034141742283618,-4.924524911599829,-14.810156969739708,-9.697340855758249,-14.230576039178343,3.022224347152543,-13.833468045837733,-15.026893668149297,-10.413027050938998,-7.081778740464918,-14.515488241060941,-12.102939066284035,-10.44185813281276,-14.04992023183079,-15.195739421970769,-13.753578789395887,-8.571078427544819,-7.808291624186608,-8.784585284864212,-11.321815311181833,-10.300459987188619,-6.003441094170984,-11.805069457398869,-7.612065861092474,-10.195326358227561,-7.752586524706429,-8.448971802221111
11,71,2,-0.17381059796345044,-22.55481386517469,21.2361773062134,8.12082975448632,8.122835001533444,6.483354449079082,-3.206206145264753,2.3308764843769922,13.869168317013585,15.711685744636668,6.185494677522849,1.1253466860095898,14.951362330415405,17.506905013218333,15.755913099501187,4.783141238455908,7.34889870248565,19.94504116548272,26.430618019695068,14.953333814401274,-2.8415059057495955,17.392684764842077,23.13480471698111,21.39397463414864,16.458810660715518,0.8058911097326842,5.263483860461811,4.723854650266286,2.8677049935511434,-3.6917209929514034,-11.374112334738415,4.059867739677429,6.117266095629557,-16.138834690311686,-2.93402942615311,17.639448062221454,21.55834668424981,9.242358624866998,-6.408546049965593,6.356104506588565,26.514498688712166,12.20863193339419,-4.896171081356887,-10.027001209755815,12.326106176177808,18.023931181921466,17.79481079374872,11.397081619651033,4.263319334196974,12.955921081644364,22.32788206137172,22.2070383517208,-1.5540236385777677,7.329424128485784,17.93804056147432,24.880334837135024,13.576606011117528,2.3618140600439976,9.60320246337754,11.14009921695674,14.15315021742589,3.7668910162727807
11,72,1,3.129218794837046,2.6681869984945177,-35.766035363793655,8.577836601745062,10.749484099447727,3.6523283981695434,7.795570390071815,-1.4973497365306063,4.987045988440514,8.765944740757716,6.934683038148934,-7.911564783812166,11.825151396233863,5.833588035004897,8.820121343883615,8.52924169545494,8.04774232156484,11.046997090404084,14.572735812106146,11.686602205674093,2.8499320679139806,10.135494853074592,12.229731154605378,12.71997005238039,0.016910013810892188,0.603104773272829,6.10834347397634,6.123445988246575,7.395825713327749,3.6109641520987923,2.214559198902326,2.0691506131779303,9.762339769396931,52.46587302517603,16.535446159359882,10.747994852025156,24.740007086566145,-2.0627971582012483,-3.6146373456207748,-7.920800744362816,24.131763860447002,7.388141954272265,3.208303013044159,9.35856981555329,8.63299197199323,7.978462835455814,9.37109822552742,10.799612119498592,6.5737717036021515,9.388861566963723,8.697070320204995,14.534620676462238,2.3612885473526015,6.966401353478432,10.632275272524218,14.651106526393725,13.116138145463863,3.480566306357703,7.132354827461449,12.417839336390726,11.206486271966881,8.437942489004904
11,73,1,-9.936367284682603,-20.607837453598112,-4.397756606522135,1.342338755454234,9.63295898027718,1.0526978175905417,-2.3738747569845926,-15.256110494229475,5.046366364422548,4.2616273397352655,3.0372351490688048,-12.597140312433337,8.08900043602306,12.115616894281679,10.086649522730493,9.890577848898483,-0.14397696740698152,6.504265680273132,9.507632351718936,13.677700322121382,-7.296452206400469,-0.9456261532699173,-0.8386123423441906,7.476924802290228,-3.9434975188952417,-6.341918018487531,-3.067960660677496,-5.643397386571986,0.8075301479548216,-0.31542553868508216,-30.499707257783967,6.119160502047348,5.460442318041559,-7.683582189106725,1.2882872114026158,11.375042669838528,11.17752986996458,-2.180305185432477,-16.626793645367748,-20.326670717993157,15.002232326261373,5.304163634231909,3.871889901903983,-4.6401911591429545,-6.653439044143168,9.5800884924829,11.296474246915844,11.254334075103813,-10.22810525038256,3.0194235493928736,5.740061749181733,13.800255186878516,11.859058332243348,-3.972468309536028,-0.5289567687730425,5.968936315851239,14.081147097914315,-5.2587888498858675,-3.0627737667684145,-3.4887418052317942,6.532918466618517,8.667617275765759
11,74,3,-15.681114491779452,-15.605265071751877,-12.884592942075757,-18.737795217189845,-16.84596933388128,11.821839831746733,-5.327971800139581,-24.063752073158565,-19.527547560586793,-26.79117737805881,-6.343195448811283,-2.3417080613761785,-17.01309413194838,-28.786777690825293,-10.93292606853675,3.830998066449311,-2.7189461125469774,-16.408273496960348,-16.1185262676601,-5.550671421457082,-1.1565011521892217,-12.49452769472378,-14.907732418034133,-4.245618755247713,3.669720434680263,-5.537535731271817,-6.180664572319611,-7.891087602051653,-7.2796289761800566,-0.5443773783925105,-29.76412703860095,-28.797503225777945,-9.560179860490118,-15.491165014574445,-3.707763459601597,-4.447918197821556,-25.511060713358777,1.2006082174072916,-6.325422450873105,-4.102200921897481,-21.117705315147067,-14.298462369819962,17.422258028069162,9.296897062587425,-25.942702535721573,-19.82921553098755,-19.299410382422014,-1.8087118132005846,-7.972914494233349,-12.209581658244133,-17.878050179743198,-8.493339079273191,2.6003053864327867,-6.574046297998331,-12.112454651968507,-11.993673968310587,1.830606207501417,-3.7696724119936933,-6.031939547054655,-7.8161296664578135,-5.3662603919099,-4.028207227076612
11,75,5,-6.101536902349172,2.399794326655043,-17.025699554953913,-9.661197121050677,-18.254897992331063,-6.142414355241671,-3.9194580426030816,-14.149375621695071,-15.017677133948329,-14.232672902778168,0.7845799041821095,-5.407205421307195,-12.908863780951894,-17.575702574876377,-8.033174828308194,-2.043149072086302,-8.893459853307322,-16.124301089939262,-22.54133613353096,-6.665967385102877,4.418643629766164,-18.29395776997865,-23.973913640874198,-12.80295400114208,2.2397653169293945,0.9738641930971204,-2.127984020313839,-5.975993460441781,-9.79702273098377,-4.006876654184717,-11.856985575882952,-5.766786290769941,-18.527141785558605,-11.223005856263798,-26.765604911837727,-13.892325665347467,-15.351555496976692,-3.076757829732882,7.8405210537745145,-7.957599955451917,-24.144229386387995,-6.53791241612422,15.06023676507175,9.833055589504243,-21.77581135901372,-17.876975088110527,-16.017774246542206,-3.783174419860786,-14.737103195645192,-1.955021728284478,-25.62008002529876,-14.605731764354001,4.79242074123879,-9.141341420208539,-18.417597433518075,-22.3874337325872,-10.427608887483249,-7.448705954942852,-10.441294140341439,-18.604143623398944,-12.863440875236579,-6.432383259162076
11,76,4,6.581706030021714,17.25472356733389,-12.791341525752383,-31.591875047036773,-24.31794355191835,-20.90617953331731,-7.720617488265132,-9.030524233310697,-22.84895261304406,-24.32430180034987,-15.215565697630725,-9.510698159798839,-14.522931019116825,-16.897591544440157,-10.014309005130357,5.988671196408845,-6.893935643727097,-3.686283494550281,1.4861229212795626,-4.204066596016649,-2.362715531092293,0.22288769483566287,5.002615942551593,5.260823165043828,47.02418238514178,0.46455566356918554,7.26015903346422,-2.00419034409087,2.1180876914139217,-2.229415779251879,13.854417550519527,-36.45410498367938,-23.166065267309925,15.194673893564358,17.28293781138093,-20.512069868605302,-25.517028334754976,12.444149267382734,-14.112340144040736,-7.378047872675441,13.942689616278535,-22.303360416031452,6.98265117134405,0.9961009038521385,-10.811658337167124,-10.465348161802414,-14.992393806894738,-0.9063539617728972,-0.5665080025678558,-9.663829192973488,-2.608340990388902,1.5612061929196202,2.3831686264346934,0.8173395877863068,-0.853835215133318,9.924200538954722,2.471348958589682,2.0811438634537422,5.350020559425132,6.570763739053064,7.9177639378098394,5.693197418822023
11,77,2,-17.65359597326051,23.147926076905943,-19.593076673943973,14.044261027854397,12.261483294162442,18.7190919533917,18.90628894123181,15.693392099903477,17.551330102170354,20.63177102482764,17.240397336461186,3.1850105704648826,17.996276275709082,14.657792553237474,12.219637078641938,21.227654738669706,6.945928994089179,14.281648641724772,11.482803684642265,0.08832981880390828,3.805391822294215,7.17039771596106,1.9865860403856135,-5.336200364127118,0.05107254157887686,4.984211605740711,2.986466222397255,-1.7077090267955177,-7.11651476811641,-8.717094378216508,24.764446712598758,12.359208168359709,24.245130824243144,37.59850216111759,26.26815472634099,16.424195198728356,32.35112325522322,16.94752654905727,6.811284485187882,12.875771604313679,29.500608063143915,15.221601148113239,24.884928764025776,15.8073136281668,22.97986609150269,15.844161089805025,13.734330852697722,12.836658461178393,8.357595452607224,11.694459523403696,9.562127433217517,7.152080049397565,2.118198574519227,9.684479936923285,6.477907370957663,2.237027309335223,-3.996319844637338,7.9227529511071495,2.3383192887427513,-4.59233376508147,-6.844265866700966,-5.573520286708628
11,78,2,-31.952969195321202,8.88938655770134,17.13209651600251,0.6867828130176885,-4.033745836057676,-0.20699459150797012,1.1750261202772583,1.3535849519426053,6.1178012236316786,0.8447583256425661,5.368208026740605,5.834016973866864,8.157219285480448,-1.9548145547940767,-1.6985742717345302,6.627341230513481,-3.8529020753552796,-4.695756395688139,-3.0752009939041756,-3.2482066554721536,-0.6978457065798878,-9.817582039026226,-12.008815011168569,-9.408177003809596,-6.990677153498572,-4.752541164242909,-6.26423660359095,-6.774976922767005,-4.964968427736028,-2.9323085785457286,2.5842389462504354,-10.918474533458854,-0.27501101882435464,-5.441517375000728,-8.996371378985849,1.2009168015565805,-2.820430949148613,-0.7252161462149549,15.30402097234321,3.742518822668213,7.930166907699372,-1.5785355885717567,-2.0238240199027264,19.323618692050626,11.202750395983458,0.8935123239757462,-1.9080901655550233,3.9798099091617276,6.090989926090269,-3.0236030018138815,-5.809948544699425,-5.267494625888947,1.156906044860257,-4.13671045434638,-10.136613279217618,-13.086217677892227,-3.9574092510951364,-5.273095879272175,-8.922801929367026,-10.15473826487391,-10.03472826892806,-6.986666566465145
11,79,1,-2.9700815491832615,0.33957112171664505,-11.134849556562742,14.560930635348495,18.951080442179087,13.87643280970615,8.728056049610418,11.55827243065052,21.94471943333019,20.516856583357786,9.612226354707845,15.780246854850605,24.01073693279633,21.256076038701504,16.983082174709654,5.402491062924987,14.321041242969105,17.500624001266083,21.056548321392484,13.410488690385922,11.231296984615124,17.727334348575724,18.535346368918336,21.02660368773631,6.928344043085304,7.700231755515791,9.32443153951317,8.13338706381165,4.117467274264683,9.057229513983904,-30.89019206525166,0.6681712170744812,12.371389414967485,0.018900909006776323,8.616356777521307,24.05107917806995,20.667008350080813,12.975800528259182,16.345371263919446,13.201961230441206,7.70877353283691,17.999655478611214,5.793385495109448,3.6004555213560425,18.66068744075075,25.701352779367333,22.060810274194647,13.294774026981928,15.85267394874245,20.575516441712015,18.033789035455307,16.183761283823454,2.5230289664937255,12.612724775726697,17.73361035629471,20.342125035640677,11.801492664792645,7.732870965764475,11.646775761233055,11.850665938949628,14.509279556771205,12.083151111719989
11,80,1,-3.7974911388009787,-61.94427406642491,-0.8846860621294869,-8.06929449950595,-10.813875679926177,-8.618029399317829,-14.839147052477767,2.7978953728125773,-5.902746761660661,-7.564102516782178,-9.648664049065967,10.754560179616579,2.1591289006627923,-3.0317350261697027,-1.8476175498217344,-11.63134548026023,8.989434912880293,1.6392780606884794,2.724484808612388,-3.54807182730789,12.755549706764265,12.247966845548241,10.415697632084894,4.533162841902724,-8.264551207900233,8.796805235602683,8.084907834520331,7.086309953774444,7.509737537605924,3.01654095634273,16.262324788607657,-21.26492144675107,-18.171248767979254,-17.757452291868088,-21.901114002824205,-0.6401065285374405,-53.52823073398779,3.137736588012335,22.29015725651164,9.02736694227178,-10.631407617977477,-6.16856044998801,-3.6130802978239016,-6.448579892788722,2.4988496072658495,-5.243344139137375,-2.7346464462760025,-6.841069997560872,-3.141973661764227,5.7559161859042005,3.73436739945659,0.1787179142759154,-4.520051247494224,13.723595624380721,11.587677126205184,9.16460967268341,6.006444165165106,11.294753355735052,17.180956392776128,16.504243577966793,9.596169410304663,2.993508912241028
11,81,5,8.694438353635187,4.1593857924794655,9.944672831674898,10.983020242712483,-1.9224259623939635,-3.9364548234734684,4.36247103724901,17.691325490794537,-1.3960577937569938,-3.819240884673664,7.68947255645208,8.674698616661944,3.142132711914798,-3.9566188952544827,-3.7395445947058326,-1.0774699418135452,4.273943631438445,-1.3317917935868235,-3.439351622923847,0.7257802142057481,-1.6873860523195532,-5.333987564904754,-5.696841604303476,-4.647686913995664,-1.643606776874172,4.546891457798733,6.697830490961034,-0.1773295869210327,1.2118831943981814,6.222496378407301,11.121149938280992,6.286212917599011,-0.09384433051752816,18.410043812652184,17.04126487467892,-1.1667204747748787,-26.97719360960695,9.779649899591034,-11.85869689703714,14.82083434384407,27.72783273088225,4.679983902222863,9.603400092373215,-0.6106005652762223,2.754294494036358,-0.6562549424380439,-0.17509298233269965,2.582874766039865,-3.837139277923398,0.3744422629157569,-8.514534542155337,-0.4777684959969146,2.8412022601114586,-5.974108600523323,-5.520423131994903,-1.4384728767341235,-4.0967200035229325,-0.23922405330316523,-6.467022997758735,-7.2294672700553795,-2.5097486859914375,3.448934542355926
11,82,1,10.23521537920914,16.54983512330346,37.9270925749911,16.758516974043008,9.47384099998488,10.549493739813029,8.539885311350565,21.36779470389662,17.110433443253513,6.484863383014021,0.8279350521270104,11.953751104724843,13.816201038760829,8.536983451556146,0.17309742121071303,-1.713479103247931,12.55942038684322,12.063319772436495,6.963335579079457,3.2847166607928697,4.363194034025981,10.317645079796995,7.817349211517268,10.682576528023468,1.2601647262586417,-0.04272839306603858,10.395822845967253,8.28749172319374,5.481551042973725,3.49201491727244,56.28898004642344,22.69593236685117,6.450421426081798,14.296765343172524,-42.73389235611369,9.549203844422971,-5.002943818843587,4.630169434154907,20.1980806819913,17.552675119714763,12.729394130749487,2.616853930056095,4.385989873306594,0.46236233758490164,15.091227362216332,13.034826827985116,5.408622700266727,3.16676996084975,8.783206711466448,10.765285691677978,7.827597500097648,6.619315178837722,-1.3508854690121446,5.911688800503658,10.885820795009595,11.008028702174384,9.06868765966558,-0.5319020948940654,5.035785485240748,10.60071098241138,12.096412209839349,7.681986413578072
11,83,4,-1.7239586296604887,-2.4808211166684226,17.70593643015842,9.068928809245907,19.966251137598267,15.12485952410002,9.051840238091417,8.817364355219844,1.274929718046291,4.122104482316389,9.247458694866161,4.340769296477932,6.073438787969143,-1.3273665330758908,4.205623447577039,11.286741846945231,11.954112666778313,2.233715642516203,-0.9608249444764388,2.252206832306779,9.00108584316402,1.13498267238369,-0.05404677570275046,-0.24892762671338264,1.5388730234557357,5.181883521775557,7.698968746835679,6.5221157682741575,7.611371782535921,2.446056126094447,11.077221344111534,-1.9266195980513965,2.6112382099963725,4.305570614103955,11.177018934906247,10.077885753134408,15.56446465868049,3.9798195225345676,14.831742996304508,11.873413647820312,-0.15095211510978124,10.62970106267347,13.891621875735671,1.3169206336322357,0.6342688618091543,1.876193148197559,4.120870352086682,6.303123057740405,7.0096648814293,7.015290357354216,1.6957398782024249,-1.887150012206559,-0.47376749395370155,3.7506363909328115,0.6961537987879691,3.0515807902258705,-1.086055301413758,3.0608070320336207,1.4608349153635696,0.4042856735518063,2.7008743971279583,5.538721577559669
11,84,6,12.336484527283513,5.275308435089979,-17.051744357841766,17.611884576291217,24.549078876856807,22.125505421265228,5.247774056056745,11.149595371044311,1.932486198456367,3.2886983331565447,0.04088696759909588,17.200561217055096,5.805417350300293,1.8965257487100788,2.03160900077442,1.575383062610722,12.63795989522392,10.028269126136763,4.929928670478304,3.05576965712556,7.0414027445836,15.38283985262601,15.266884221808937,7.895030641280927,-3.5746855277840686,3.1083028690389765,0.65539209953532,2.5422817952930927,4.824235643555482,-9.479220705646346,-0.2924995388631241,13.70671931745075,11.537983182863123,13.126878060900214,33.07434858127339,14.7175708076485,6.031765892965403,13.556659033476585,2.652727796582551,8.700217976961742,-18.41373135882043,4.06759967727632,10.747845226058326,-1.74543382089994,-0.6740278394029645,5.2919052481798925,5.442172812059431,-0.8186894622063501,3.2309927295938854,14.099450414773171,7.9740425182461045,5.2626306615576794,0.6925866180213113,16.52056550052834,15.590239454515089,13.431549281199894,8.299673095549934,9.779490874126193,10.00419576986261,11.281183885910162,6.802747445680749,-4.648916162823034
11,85,2,2.0215872510722486,1.9652315458146534,-2.769478849044478,0.7146641457589664,5.065440903463193,6.907283444139292,1.560352945671894,0.8376963754161834,-4.760702154485556,-2.994723651137931,4.665348977324689,-0.3223429702949233,-7.160858039823698,-9.997615912588454,0.7272311181920336,0.31808169722761415,-1.8160340203108587,-4.418966609553052,-1.9199290206519568,7.061720848889883,3.552472833544016,4.322480685577342,4.672835149824981,8.790138526200657,4.1980071825247895,5.983132534524107,7.027466857317475,9.053565979233896,9.767574741936675,5.983103587184237,15.530996246206598,-8.670369809788722,-8.87963959675782,13.73837994366158,14.873483162850327,-8.87783684153337,-24.562908941226812,7.116466664868156,-14.61957128620821,-1.3073520360787112,-8.06644071404617,2.907435082785057,14.466102743089735,2.968914991849463,-11.635235549938841,-8.178303918619521,-4.860948076017381,5.281425632718139,-2.4355957672204354,-0.97114556762049,-1.5416447765580021,0.7829651289233355,10.389884150393943,7.096375102449848,3.987903422971325,2.944060930346209,10.487392091442171,8.573917557167391,9.40242609156795,9.546408022004297,10.438445296456539,6.37155892108794
11,86,5,5.067908912556387,-31.583415060258663,-98.32895065953096,1.68410342461543,-9.327728580774327,5.691370477672762,12.651717459453597,8.91349850072549,13.819257451698375,5.021126370513578,4.282523973174847,3.4845721209648906,5.661339145008952,19.47774261093085,16.703906098062692,4.885508147840633,6.571578266428466,24.387637592306966,27.118220263501488,10.627421232417415,0.2200339143391614,21.116553249899535,24.319259713063158,21.515184285255483,31.52172306825114,3.315668641038739,17.455967453899003,9.875803266810934,11.65969933673921,12.75699589842157,-12.141921968494614,-11.007806996848974,-2.9352683325911455,16.551686389831733,21.521166749480287,-5.963609798198065,-29.88274382949783,8.808711667136267,-8.054572834303917,-2.022305490707454,22.206248025069154,7.123181435234127,17.638826195411855,-1.0116372113911112,-4.410482651713058,6.5919928354006725,16.323096000708688,9.053455153343878,2.1128381959208085,15.850177024604706,27.22376875461237,21.012523244203205,4.544375266959294,7.330359199758701,21.92807947471738,25.053798549286086,20.495097003791994,3.5435984247114214,12.59152930727366,19.344414191524958,18.567961630797598,24.014521016807436
11,87,5,-9.160512292803057,-31.995504886320795,11.010516004682305,-7.873743606299704,-5.637675554832306,-10.270915522444533,-0.7778072477880552,-7.896481551002804,-16.118111790067005,-22.146243258492973,-10.847883922388636,5.266568986153819,-11.885450344805301,-18.925835746266635,-13.280775440175363,5.515568870818242,3.2795057348444185,-11.140291937467898,-10.188515055061481,-6.990532661197569,1.0744861818341795,-6.248271127424495,-6.4282474253417465,-7.080631446184184,7.212489825287239,3.978807239497942,4.942471416757965,4.906544692996074,11.503271303866523,2.8580352067265955,-14.013824917387403,-30.05151236579162,-21.199445400500622,-1.6249612917805598,-10.11133009835896,-19.802312532666978,-27.845157408604116,-1.7577933439553353,-0.31066780544181416,4.484408800285763,-25.48204671000927,-15.60893805812271,-2.60712641881915,4.263410886090883,-9.00452281720652,-12.698099743955334,-14.82706705267576,-8.280839510693605,7.141576245029618,-8.036385325056202,-7.778944667360582,-9.088138214982585,3.648235848923097,-1.1639486854305348,-7.042366696408066,-2.674598113213462,5.030998777200631,4.05644045262484,-1.3308999333303506,2.1338649910602077,3.0445140130596418,6.282385529723112
11,88,3,-31.427324068346383,-13.13727574918147,0.051540209071304306,-5.187783691929887,3.37458888432238,-8.845187897884799,-10.883304589700586,-7.726069284194125,-15.206435940887156,-16.07297779933163,-8.793609226077075,8.53141094944099,-12.618687775622051,-15.680290123538622,-10.563207958302485,-7.569781056764288,-1.1516854954576834,-13.168232706534415,-13.268902704392254,-1.951040222059663,3.997568379360729,-6.807047362439334,-10.909127657154079,-2.5852849379454423,-6.85647130718954,4.807580975293205,2.8670831288370056,-0.1770210975849238,6.855834956326316,1.0863733934920012,-8.392370044639927,-0.5369346025059114,-14.48906741654729,-14.526358423663726,-24.790636119955217,-3.108076285729864,-31.82595537313991,-12.234970912473601,-1.1140185963907636,5.854214689171896,-32.40164632204826,-11.089706274158345,-23.499514657640592,-6.260168123854007,-13.298476153076072,-14.914804024269758,-13.091775562069035,-9.796574625391045,4.614025778205293,-9.351329579330402,-9.974222047118142,-7.631492268566674,-3.7231936623773954,6.270830899477005,-6.607066402001675,-6.753578999590848,5.381035167156016,7.254316841615594,-0.11214764023245039,-2.8079652295606925,2.3244074734336726,1.2310444865029355
11,89,5,-11.555095825946282,8.086074578893802,8.778280223856067,-11.561468390520757,-4.172936109871395,-14.98005352682639,11.324293004735033,-17.83847439050583,-16.563515652164185,-19.688024905124077,1.5027438248337297,5.740162903136325,-19.92547017372237,-15.247694062795958,-13.306651609563618,5.3585333940459465,-14.152990986683916,-11.323222888860757,-15.246064783232958,-1.6862050073175918,-10.086697573870103,-9.061341337638163,1.0510348021904588,-4.572541013042012,4.7692007013573905,2.5638773451195798,5.534436155292322,11.940080360305025,7.20244881933237,1.7634960245341063,-21.259802271225826,2.706755181490557,-13.386820333776996,15.55981782449,-2.666658881563332,-26.287055545567444,-20.59088890206795,13.796432534164582,-15.23902696943502,-13.06483414740211,-58.588654076907694,-8.590287825683271,2.3147906795706277,13.38322912819865,-16.555455941167402,-11.936344551007707,-13.715352734303798,-6.418688396855094,-7.107384934498952,-12.183657432542882,-8.743804340455217,-12.790449679948436,3.530563901905424,-16.780180162818333,-8.075715221067123,-2.3127998653799295,0.18180771521860617,-3.512357107522647,-5.435101326986598,4.61888949984185,4.72283762784266,9.007043915528165
11,90,2,-6.387355487452961,19.253780237944206,2.4473624842854713,11.873399195329448,17.74811988814575,4.300350001695135,12.541613560550417,12.676807819752069,13.546781858873674,13.598027938221604,5.528482872561166,4.1440422988508105,9.475123250175539,11.249518320873014,13.230695865185162,6.128362750384686,4.842861779454375,17.767348712628195,15.220714058931453,9.83943305433751,7.500520790134916,19.7474223922302,21.203870770771335,15.711044624856697,16.304363877333632,7.905920017419789,10.170771026211535,11.290559581912515,8.933079106687778,7.308614278757348,-16.929247552029253,5.639338591479604,7.8641315382655455,-5.067870297900783,3.117640219265368,0.5858958099497389,-1.5946022304862448,5.197747539001995,-0.07884314910667607,4.85825825019785,11.02681875259548,10.652921149257297,5.788102240687828,1.3640307964098342,7.0630176181382485,15.552148402259661,13.426863712622087,4.916971278206514,5.479319247371729,15.541365057411722,19.11455622542558,15.122140913741758,5.9791412094108205,8.286927752787388,19.86626553435515,21.04546622598612,9.383959154155471,7.1156519840630486,14.304348185953755,19.38799085408994,14.697358641637166,12.631539061347512
11,91,1,32.756354062295536,-16.72639828770445,-34.901522649497544,-11.897631647780813,-5.068477760705094,-6.664150076214129,0.16985798365913496,-10.548399525490119,-6.658495690724694,-9.74400278646499,-4.409407681478869,-5.964193064355991,-13.058871255165384,-7.674379750416136,-2.6089051255910896,-2.956184138112315,-8.051733653231455,-6.095569357253252,-4.691258881269476,1.8005506679552,-2.48167918031899,-1.9446482227933473,2.710394720995524,6.655005776164371,6.512701473085257,-0.7070094111102925,-0.8367130476172167,3.2860614887563644,0.8146980539214143,1.7216497372108983,5.813202292408523,-14.842429898872343,-5.761199293930726,-11.996402467282984,-7.806859947354868,-11.941285429136242,-9.32951209605557,7.318679305974663,-8.615305872412584,-17.27196152385597,4.674546448601887,-4.938836815414903,9.435291996203,-5.6166873382767895,-12.289678099133612,-8.586898946248715,-6.088926789999613,-4.366867267424469,-8.33109261522569,-10.289377926826107,-4.3219117602623065,-1.4363471034335,-3.2227450067563566,-5.982602248138678,-2.1660270151886625,3.513186313383699,9.013426228440604,-1.2024640726697875,-2.0795145342296864,3.227603959294444,4.833220913960802,5.950401623384096
11,92,1,14.346676467440833,15.361586766635503,10.172062734278239,22.267689212248104,30.94484156149826,13.511934802299601,18.26596079703147,23.66066660423106,22.455392444983314,17.264735609111266,12.844785754409878,13.19655267608056,21.98218397528115,19.735110866405616,13.735111716998414,5.930989813479806,14.420135062142489,22.661311988923227,16.901799720007833,8.960121784972523,10.989031219491498,23.58753121196768,25.028457574182884,18.88332445247146,2.4850390295827456,8.597638941960552,13.10784688128568,9.540464407707587,7.6112657050352315,8.735002259499533,23.764870180952823,25.250780997661543,17.925449541224754,5.708420360211016,26.286159107234422,19.4902422265036,31.88434584475146,13.807953461232335,3.3258349843686683,13.934229719202689,15.175724863824316,18.287204452495033,5.886260982387033,8.462979883478,15.754780367652815,19.892517698156407,18.021154661594736,12.421411234067707,12.438176634744176,24.534068125050233,20.85404145872086,15.589945524930954,0.14836359050170358,16.82496189889384,23.285737548841208,22.13961492560622,10.826731814139688,11.867465321656043,14.643562548680277,20.08394719660282,14.25446623463819,8.511136095153121
11,93,2,-19.437202831139647,-13.812373745732199,-6.0446558064531315,-0.05129905047303929,2.305713653100212,1.5705096238724325,-7.88306635643764,11.619839158866036,3.813326167169868,1.592784859558066,-1.11284725131785,7.934177469845479,3.5202819480129115,9.574959477159858,-4.050376312704984,-7.214114298589714,2.561033292957463,6.196976895307805,0.3195952258368079,-5.916002992131724,3.925811261320546,10.205130943165328,11.29684535454868,-1.7973162367167632,-15.14786763389299,-0.4554354232599639,-1.578463359434929,-1.6591960529955778,-2.8102212725150415,-3.962552690242486,14.72203456471879,-4.017953973433863,4.596165931391781,1.541890657052579,21.37915643577169,5.193939391637173,6.716495177594992,-8.082815774193987,11.151215077769683,3.1645863793844304,-7.498867504253264,1.4459060096102445,5.161440013112819,-2.6611201391617825,6.201995014508326,5.827601003483296,2.8262684638611972,1.2013120023624566,13.937801712556048,7.399894164420854,4.656194921628367,-1.267390588321156,-9.99328224088361,8.284840466626408,10.832704317264778,3.6253869236026635,-4.1996654597815235,3.8619211983424018,6.719912948473023,5.085783109358488,-3.3266448434697815,-5.076065183912474
11,94,4,-17.481703791415274,-7.859118347942108,-14.421359486832497,-10.519385306408818,-11.412251643495777,-12.046472428230246,-7.827419076205756,-18.09687419117586,-8.51347895796843,-9.718184388038228,-11.797048224942616,-20.504419760778546,-12.613568372218081,2.3169068023335297,-13.76262200555606,-19.731813690818207,-14.100289199728424,-14.9618658703729,-10.510689211759447,-12.634624142162853,-5.890772821676988,-19.708294853431774,-17.152149499689298,-15.389270568527753,-23.86247446079082,-6.920144478111842,-8.99808276191967,-16.48633560074903,-15.034403937459901,-4.210511430933302,-3.5856663722136037,21.963205977933622,-13.229143662253252,14.489033602859545,-29.386204482578655,-10.818488773685417,-19.398533293909235,-30.051227874985756,2.333508378121912,-15.093652083016025,-21.64105593367685,-11.853890938440149,-23.948962903195397,3.6698554589799253,-21.766927335320464,-9.79618886785536,-7.547978130842153,-16.629873849996716,-19.159984104517026,-14.782969770021737,-6.643460680957789,-14.330629152995416,-6.779392493298134,-11.322899859989203,-19.55136538044799,-15.467988279420977,-5.944535176405997,-9.198507111599078,-12.1594249419868,-13.415733343066943,-14.358901055577977,-8.922512695829314
11,95,1,25.741280455846432,12.653443086006465,-17.92917579971254,7.721128396556444,3.662562158413049,10.119428454557575,4.9871810056360015,0.9379760653302978,6.222597668197277,-1.4466483550736815,3.0917591243391733,-0.11197398838064698,4.54013319399844,-4.277211833256867,-7.989024427060678,-7.037811502587143,4.676908457663094,-1.5732573134222676,-8.499967213947233,-2.7477387302759575,6.350561118525696,-0.5439194137821133,-5.788757932940269,-7.023586435902228,-0.7309574061868402,7.61603318317225,4.6923001303178475,2.567097425097372,1.605346844736033,6.077622768491866,21.11903578674468,18.926722830861358,4.802157938779931,12.442418649437743,-2.3827925562906835,10.118044870542136,20.35400272481052,-2.2752389449898796,6.641580848219208,9.464108686530727,6.51158786404355,-2.0104666259594084,3.239327322691679,7.7573877988871525,3.2935283928655257,0.07057127897150652,-7.020515744358569,-3.179409200121171,-10.95312388586562,0.7773348504404824,-8.277677289414697,-8.186194960663958,1.3643199338509542,7.05292361284174,-1.1744043046563135,-8.41087089156414,-1.6750794268758387,9.611484059064484,4.657940137041061,-3.2644272743292695,-5.566718600917516,0.4287541338765075
11,96,5,-10.078170233928574,-16.223260102657274,-0.2029167073778806,-19.788343133654728,-8.384367990563055,-29.085596963763237,-29.744768176136965,-28.981311428837667,-12.098027090564736,-13.067379314406987,-19.149856406377584,-13.15914107168594,-6.554528405526424,-9.97663237043179,-19.501025497731646,-17.07578409844781,-17.209719879961597,-10.120218873909884,-12.917077853881034,-6.90567837796379,-13.321888998514279,-10.782123337204496,-11.607069915433112,-5.183551365464204,-11.219838745256025,-9.984938089894802,24.96941649666192,-11.29246354895423,-8.823621321378695,-8.433826081818205,0.5137192650766251,-13.065788546077364,-24.267671227000843,-17.50495283578227,-24.662725713740045,-10.768346465510742,13.749828511638936,-35.84730284697399,5.165812051287151,-14.121566545672525,-13.107581593368828,-19.551239956806356,-31.171368493539514,-19.023194305780446,-2.5916092570235074,-30.82922802347597,-13.015197897920526,-14.068763567997909,-15.48000559974008,-11.149614642306068,-11.508969080747988,-9.219167417914772,-5.344221662820842,-10.065131068865698,-10.655047039978394,-12.777781493934826,-3.827059598455047,-8.512832795792237,-5.684636199903652,-8.187000159855662,-4.3996415153690975,-9.942889476513002
11,97,4,-156.74777996249307,-20.674803196611567,-10.577389546840381,-33.579492300567125,-42.70352369940998,-33.744452897391135,-18.806245456972142,-30.75884943882502,-28.162694288735704,-24.41407291491222,-17.137716992281188,-16.872366180779736,-23.385839154262374,-27.64834840649101,-20.641426403688786,-12.665547212653959,-19.017043471518082,-23.0454820996014,-20.64385591601818,-8.842613765856298,-4.860027379038313,-16.64950266291341,-17.744567274138703,-5.335525390760205,-4.289180998338339,-1.416530275626517,2.161052282240876,1.4388584938445481,3.0220459113578975,-1.4062868438138663,14.006989463323315,-39.60904574494173,-29.916269929125527,-33.38969719500802,-30.129916659033853,-29.83076968253022,-13.689708008521748,-12.926665824837983,-5.682182680043145,-13.672267650026923,-0.7950644855637389,-25.1009619041096,1.4787187331764988,-6.693361963105681,-5.596605400938156,-24.325709510776313,-25.76646732593454,-7.804854618158286,-15.723211366319791,-23.02443103351425,-27.40638141624811,-17.129589875478576,-3.4536634800109476,-9.193874465165342,-15.624474286556055,-19.117698992443515,-7.020848300552184,-2.9317927041159186,-2.658358151024983,-6.519401819922215,-1.0350115576406873,3.814401223301525
11,98,3,8.178453404115654,-46.721911545206865,10.407242541996442,-9.93770733552917,-14.621118618993137,-3.3020896226531136,-2.568495331752317,-11.529952437537377,-18.683430400841715,-11.747802615756312,-1.6287598081341952,6.937681235776211,-2.5805078845743736,-9.666639530395228,-4.709321108487684,3.6657725595982678,3.386066458415146,-3.7553315369139715,-3.5453482013786344,4.352444539096479,8.391960395647711,0.8874963796583989,-0.9696366626019703,4.53358226417558,1.6552868036825839,3.7543723154245177,14.776081346088974,6.0070949034913,5.498451518742427,1.3318591762459053,-17.670337271399607,-16.99030777346911,-22.567655681723302,49.191149411813896,-19.155934828492562,-1.4644984172702553,-9.86530914252182,24.715249365059332,-3.2055070682814923,5.798678306101752,3.994338688713202,-5.963118028804301,19.391750893146714,5.029885275103436,-1.9386563942336101,-8.42127354406728,-8.925038546528206,6.749987708858961,4.115756006502523,-1.3639729650373138,-6.542072435795537,-2.7991005060285663,5.618350426880817,3.5025524040229787,-0.3625213996075642,-3.0551237454552713,2.491811804950418,4.816450631155108,8.000622431157016,4.900490164359257,2.7842149652466888,10.723858722667329
11,99,1,-16.0438238079546,-13.362761494771743,7.760564373499459,-15.946851062259032,-22.018424174079666,-17.431445797996176,-12.546665486788791,-15.881991904546943,-29.222690273280715,-24.23645418110053,-16.777610758058263,-16.337547851044967,-19.468174276373734,-23.774207502353654,-18.52703588964736,-10.531258059120397,-16.34158246469025,-14.45522298620695,-11.8461925523844,-11.686072030808871,-7.892567409656755,-8.863862400034034,-3.1758613392665263,-4.1894412949317825,3.0753454951563737,-6.713448722824095,-5.249519151078945,-4.6170915281740825,-4.295953748940786,-3.343106611438731,-4.788410097201604,-16.45214892430913,-13.504863320895259,-21.05499131536884,-15.967926025995427,-19.296469953365435,-14.989019466745786,-4.2972599925777155,-9.545063097404727,-8.42895248014389,-22.581745825526202,-21.125475837372054,-5.380442274416366,-8.610683106294857,-21.617262075950446,-25.215182256214792,-21.739985873536547,-9.864388464495725,-13.364626955695261,-16.060333761977173,-12.570198906924876,-12.528526231101372,-9.232168197427402,-9.070746042197804,-9.302353873462758,-4.329489517961232,-9.887487996744403,-7.20128714494129,-8.683780259293753,-5.316855804517682,-5.286921008501386,1.7847107424423454
11,100,5,-3.5774956977352623,-30.74988331114193,-9.284918288268695,-19.107841232836975,-29.55152155904146,-14.04055420493298,-7.154205796036232,-10.8633720257842,-26.03362590847992,-19.667234427659075,-16.097258389456105,-13.27457166476766,-10.085285101557243,-19.392719799902565,-8.27683848165339,4.0905209967139635,-5.343387523802313,-12.177159362154582,-6.257092718671008,0.023364691926939574,-0.16407825114069285,-8.182892895826114,-3.2038295834166224,2.7365600052403307,10.09230379418403,-4.752603853257692,-11.023121457634968,-1.5603963027640093,-0.3553002510537819,-1.1348573889855942,6.051640651654452,-3.675452091799274,-21.14720634517271,-18.405189625918865,-22.359320993790774,-3.2067026808494474,-32.470521025021746,-21.081730343083418,5.098089753990853,-6.027827641336108,-13.283793074408226,-18.359096629161776,9.09501217215367,-0.2746783983581349,-21.75397476065541,-20.691351618061255,-12.09735213081557,-4.314734226319848,8.573917491639754,-8.41655917229449,-8.09172883021032,-2.8621229854662267,-1.2705238811137907,-1.2504419329371754,-8.228152100519255,-0.3938301192005996,-0.5313814396447507,-3.779158991920511,-3.021544607696918,0.13231153792996841,2.5301439635024012,0.6084988024994396
11,101,5,-2.4349304756558534,-25.32824084378504,4.2717069600050035,-0.7379758986303728,-2.2374563098589832,6.684820082174931,9.259519412795578,5.997241975535161,-9.427068282123201,2.9198284505457623,8.085274200352677,-3.1027160493497967,-0.3909667202657666,9.282980505081754,16.805983962922745,4.570853914378391,4.98557575275304,7.819677489451921,17.373402834120316,16.63293483684112,11.05128732579192,15.511160188070617,24.582050793100056,28.041040974055843,25.21488336582737,8.185471920776415,7.420014617521674,12.827803365749915,14.616948862968968,11.478002429576353,-31.65896587291867,-4.4104247984019205,0.46256486984628575,-6.198832788618234,15.063157931418806,1.5685140022599122,-19.802100478421615,16.200608701536012,-5.588916752014656,1.949661468837136,-14.118038057735777,11.304659372581757,18.75307126802097,3.8409811638681792,-13.711727792010988,-40.12036935412666,10.489807174813635,10.480947095060309,10.845131529966462,9.729218407057038,15.016356219560283,18.682384314696957,9.137041655141955,14.090860388945883,16.042768182550986,28.17156889530397,21.229457564379377,14.985201765306105,15.70953108960899,21.44790555575363,22.43892578780651,15.074924650170445
11,102,4,-8.599779237981698,3.564861362345696,-6.1415756351155455,-16.080025280479386,-18.66718070156781,-29.937990831165763,-19.56305977647624,-9.284069862864097,-24.86558929749015,-21.903037258173985,-23.363057604105013,-5.43224760928339,-20.498813639508516,-26.14758581559105,-16.527526247201532,-16.741953901310517,-9.429864192875563,-14.715059180607694,-15.33052859941451,-12.800654517009665,-2.381057254742923,-6.36652160998116,-4.888463279573107,-7.750610237191548,-5.370126605442748,-6.841363953085755,-9.734713791437988,4.634642839877551,2.596458747710399,-4.100595677112479,26.149171670035603,-24.839274501984512,-20.135737890582064,0.2255917679257231,-12.581753516132475,-16.357880485948268,-39.04838021026877,-16.040415853443672,-7.292581444359154,-6.968898396575593,-26.347330417711195,-24.298623322611437,-13.33662984065893,-9.347285120895629,-23.225115621053607,-25.77489323050873,-20.657864073564006,-19.97926625332274,5.011586933305893,-12.26160867562199,-14.116958204389944,-15.146431083586531,-6.020139073589581,-5.485209744548566,-5.889466413092322,-4.423868961478921,-10.393624747558155,-5.8907150267282615,-3.786095528704363,0.8327458009986962,-1.677320916841671,-3.6531140886633304
11,103,4,-30.01421168301161,-17.983873380348086,13.755950550753163,6.036788829761306,4.665701033240865,4.308385688720678,4.188294013916718,10.442349822902143,2.5948294615373015,-5.75283596867968,-1.9145878949543316,-0.2130346410572755,-3.062436430947855,-5.211736426924403,1.3562024616204762,-0.1536274932597472,3.76660172627648,-4.555057318358706,-7.309038554477259,-0.22647396604553816,-1.5486200313288263,-2.210746304756711,3.9574864564872323,-1.442276384045441,3.291884685798384,-4.7251900436651955,-6.480515306293057,1.2892609867153753,0.4521236924607881,-1.4158939193911482,14.023374127451238,6.2847956981816555,-6.032469718558032,8.709328578489762,6.228762985232693,-0.4009788268609213,9.579885989382142,11.203796387343413,-6.6781824505092935,0.8991763142346423,-19.93353960310993,2.6870300132417815,5.627152549080191,-6.298032697994356,-2.941583071446343,3.9694170622473046,-4.576219086986738,-2.394506379087432,6.57847156433286,0.8537965967751502,-2.159437353041297,-3.8466111924044992,-2.907955681041971,-2.3945738707737223,-1.7876560961509624,-0.4244303229015073,-4.083073334995562,-7.28867692279448,-7.229795203101252,-1.5962170742383974,-3.931822254612087,3.7760643413085964
11,104,4,-2.1203629742717234,2.2590229582501493,27.023947078552933,21.120727628878335,17.792795877812846,11.470588710386211,0.17006038997617554,14.923663959906602,20.673376199584922,6.253872637182655,3.44045062513068,10.980764192460871,7.75794201242033,9.134110777843288,0.6710970512841172,-7.1910195910036805,2.1745929547653704,7.775329435244203,1.7256556218717165,-4.5190872316952895,-14.898756710676148,5.793202302532223,12.617757349093326,2.940450292216933,-16.3896761281166,-0.5154449911560948,-2.942257900699614,0.49192605288017865,-0.15180532761463228,-0.9616395867707936,12.566896971877346,14.416866811537528,7.998916041094626,-1.03381118732618,14.758366384248179,8.632996980986764,19.99225252588769,36.52826767760078,-1.8258628765825269,11.537833773389044,5.663161105589894,11.556474415767125,10.230920364080763,-5.846260900904495,11.898552282236327,12.292878902267391,7.761036829341472,-3.2864422840520566,12.39430101540666,8.074857230752523,6.681021668130485,-3.737317505673075,-7.941904650024349,3.2562904077831947,5.728502338456851,8.384869578203594,-2.335990872370398,-2.4110838105084302,-1.327048351443028,6.604998418135661,-0.45339147964628707,-0.4713235102698959
11,105,3,-47.51919843292815,-6.136610515946641,4.97967566898456,-7.373825286804675,4.593900337292835,3.8151965964040366,-0.18879746065316133,-3.879356662004553,4.597404984927667,-4.73144702249911,-5.168357263855844,-12.721527038000108,-5.256127986602672,1.6946648578273078,4.447248172787269,-5.990869329606253,-7.591863401097863,0.8735893691958063,-0.027201676423231458,-4.739005367975777,-13.415877985668649,-4.645908206156119,-3.575977229189534,-5.166665330165775,-8.825578422399191,-16.465535306178662,-17.60100018569245,-15.364618738022891,-11.279332790705494,-11.39901473113086,-9.372577959081019,-4.643758311367977,0.04722107737892933,2.2059402997128483,-23.178810501834615,-6.333540137891275,16.010760362623497,8.201712080845379,-19.181825467260413,-13.087360054708828,-14.801962144275361,2.3505920145558425,-3.006470968242642,-15.234163089643975,-1.0591138099297528,3.400527642630948,1.5442769095846802,-7.190383350840072,-12.713766149151509,-3.5147527789742528,2.066055953457225,-4.0251511010091505,-8.550803530870413,-13.709389853461575,-4.26455809859269,-0.364743535724899,-8.979046794790317,-17.873504482005263,-16.437567168937573,-8.373951261317945,-10.666172376992856,-9.887753015792953
11,106,1,16.42461949714073,11.859434434178675,39.65243950885972,18.64366171610678,14.328999795314926,10.341515930732946,13.635704515660859,20.23152974004881,6.74925020818667,2.5808790172989715,4.437245756590727,20.700158589309456,3.8723477514278954,-3.454945583055478,-3.574396259455215,-3.123530732831213,6.787172449962804,-1.54997942087854,-8.190851606269616,-3.6387298404602566,3.88111133138626,-1.084131929228402,-0.1632394067852232,-0.3089662867530082,-0.2473320509136706,-0.731082620360411,-5.152054560661782,-9.323125129565597,-1.6921149028987597,-8.826330397914095,4.911832583659305,15.62304258759974,12.723175617715738,6.9737816305161,24.865333840966507,7.653565175558735,5.65194414415476,17.30460067870232,27.64859417916797,22.927270245761054,1.97853586300299,4.358031363578561,13.215897041645531,5.700702822835345,11.846105928050077,-2.043317866233381,-6.403017143108428,-2.390997054327914,14.15228238356549,1.4537730083499874,-5.721951309000935,-7.218828758860869,-3.4806965530690976,-3.36895382972207,-0.9919553452125967,0.016842693854239088,-3.4650107314583005,-4.830685371510322,-7.377194654494641,-0.42845050683926544,-1.1619096912398228,-2.8999055502964644
11,107,6,-30.60728506916542,-10.158194481980102,13.316277927071669,-8.539485142827488,-6.501464970548997,-0.014422720389031918,-0.448599980780628,0.6956524043911831,-8.301509556065243,-18.150294188432767,-9.726398443419873,2.1232938105354027,-8.438395632680775,-12.824289313959035,-10.784818154169105,-2.394607545762526,-1.8736286264866933,-7.331950038626067,-14.214128713623227,-6.005562045787484,-0.43686216011098217,-4.620138040119096,-3.2616893332252803,-3.408288636267547,-8.145640623687605,-0.06657990379395295,-7.309105906828597,0.8643871741142213,-5.303835853457266,-2.8947717885077924,1.5681476156886025,-14.386430636604835,-16.655007703604596,-2.772626554548012,0.09616299213205559,-15.33883416512981,-35.4455770702987,-16.27971692676316,6.856731523237214,-4.368144688389561,-9.991305877431866,-7.440120754536335,-0.5138445801624074,3.537823556814475,-12.464717956680085,-16.92221934450562,-12.17311502460436,-11.108771075381012,-0.4874623354251785,-5.496880061186212,-4.980437284312781,-12.89297577999986,-1.9531996859714562,-3.5849626345968795,-5.809557966933378,-5.734412120831223,-4.558754582403843,-2.378974837395816,-7.870639204524645,-3.1293971072314544,-4.863285993316735,0.37566663078373136
11,108,1,-42.47075427523472,-22.57378713680976,3.539240723384952,-8.975166303673523,-14.647250252435125,-6.3146488139087795,-2.4350655146238442,-1.7014472913451324,-12.483859941897148,-10.542557156122314,-3.5514654353170134,9.66322661382032,-8.47695435580184,-5.712305631020059,-6.433246165820641,-6.847895630203737,6.397276005117088,-1.663524830850158,-3.8710125452929702,5.5616619757989945,13.446222578993115,4.59019351659751,7.603292770746235,13.887394220204786,6.934788950139704,10.156314448408063,15.789304454106743,16.548697724484096,17.188529370034633,11.127406903179127,-10.118936535152725,-6.027495047191111,-8.546619402857997,-13.546319239659283,-3.4904193775728345,-24.22190111110318,-24.691831524188583,-3.067430370316912,10.755418147630532,10.45258837959888,-13.421985536268563,-4.754387380012952,-4.866318019987202,2.622093847930069,-6.2076012016495445,-11.438523148572658,-7.0570017076665295,-2.409724395188347,16.378709579931527,-2.311869528667047,1.5060265843427127,0.4411427233958759,2.4556728962399967,7.335117068817481,4.359434199326373,7.4615909374523435,16.771917847146998,14.93264449295509,15.895874836396942,14.790513752147602,18.22014733431179,14.183972017618085
11,109,6,-1.4077233214203917,-11.07684521835933,10.804350504714135,-0.5802125430370629,1.4507698245550982,-6.380664648079289,9.503105963716603,5.787157453142289,-13.069167673678647,-7.786392359409436,-4.979424829731082,9.725125873779382,-6.8955795742435,-6.11684667704933,-7.157112527405844,-8.156698721506425,2.884923623267153,-1.0711985264405064,-10.66891051860662,0.240424373936726,5.737289980644496,-1.073902876116335,-0.4158209777187273,1.6147804656179559,12.695838962022844,6.73572885072449,0.6193303479983412,3.5454590786702713,3.1141210941188975,8.89282835318094,18.784346222695785,5.751307842844142,-6.778249947944797,10.15378367830431,-28.24570724822399,-17.289373054827863,-16.589574967942596,-21.647761011232127,12.874600194360521,3.128481277741673,16.019143068691623,-2.686427461301408,-11.728434152610134,-3.533894877926243,-3.5735960033773324,-4.361747989408312,-6.534504301317897,-9.447232113083507,11.769547651181139,0.9469805604482929,-6.582891914729459,-7.825924790759641,6.301942110334232,3.4856181851128225,-1.267699080496662,-2.4848895621054417,2.3691796768093245,9.03085702800805,5.17672560092561,-5.786280104345303,3.0325255902546537,0.7045027285192451
11,110,6,-22.143413247949447,-75.96449582287819,31.594877923407225,-7.625081057637572,-20.015255819801713,-2.2773454944353255,-5.955617447349625,4.835414236229728,-16.069092640789556,-8.16698066396469,2.252457546751672,-0.6589978033358721,-7.355647314612466,-12.695988308683756,-7.628460196837807,14.44658969172344,2.106398127091449,-8.575590186820529,-11.022542973412438,5.7039904305938505,3.016377073423029,-5.859049550916364,-4.656923101465334,3.1590910354492854,17.975360364903043,2.9292476175795894,-2.1143806967429986,10.485179378287633,4.501535934850388,2.6783243142431834,-1.9004302844405174,-19.85663440889429,-14.304304726972681,-148.10135305800085,16.160015681985673,-16.04853344622364,-6.058606135908786,13.485041641562082,-15.30742907583169,-2.9173844963334834,5.360639883614168,-0.18139322951617765,11.777940046859952,5.9953474785292045,7.684623131948733,-8.139431993431625,-7.211337745337317,11.16122709298734,4.793071469962143,-3.0117205352318006,-5.496918573893223,-5.672956211492419,9.142479101786531,0.5784722518561997,-6.852687136974279,-4.757458015981061,5.540456841131906,-0.20040988853973452,-2.934024539844293,-3.6301926873374466,2.4277431823358633,5.539415762237296
11,111,4,37.03871398437312,31.059071329592683,-24.25017801797154,-13.154552245115097,7.16483012200674,-7.13919510218747,-4.554782525159236,-15.86089765825649,4.956812187557947,7.053164680556556,-14.9269033055071,-16.944981391973258,5.6644242970590915,11.630815226732313,-8.179643958806992,-18.997795509378886,-4.5568746191523255,6.4009924861204945,3.160464861157645,-12.09977191129825,-5.551399326860544,2.7644559532949122,-1.5468220330388636,-11.518494239485847,-8.326363817198061,-8.378786066754314,-9.034828904857175,-6.843340453805355,-11.025281050151625,-5.692946773232531,-44.00714478449238,-1.90681252043081,-6.12628031183579,29.333676022500175,-21.820549808681104,1.5537007184778697,3.680074755210293,-33.33177951532528,-28.475304891650612,-19.025758733552674,-8.155908172086978,-9.364127814724323,-19.237530457721913,-14.311925796814636,-2.0059738694803717,11.998316135257483,1.252948612747033,-14.615276223707317,-10.932265738411465,2.093387691264337,4.253128855679437,-5.807904709357674,-17.43199538019849,0.49114999817911287,2.5785025908361847,-5.345069847137827,-15.205929670724228,-5.186689475193486,-0.01813948081760941,-4.537496540331985,-11.872975086884153,-6.2045739326262614
11,112,5,-22.756255425501426,-9.629618461425533,-17.54400318779233,-20.996355432699,-23.186084570681174,-24.822171561692556,-13.705099608203982,-11.712632650736625,-12.116691718514007,-9.484007350082521,-10.704919277883432,-15.129193229373639,-10.051021463987302,-14.427852615271133,-13.56014896329583,-8.038530366767839,-10.355856563475703,-11.590757430758233,-7.862801188693907,-14.71058117511978,5.467282542344124,-10.728915461770647,-10.990911249718748,-11.548737632905745,-11.988439059867405,0.33706940369816685,-1.807694603484578,-3.00029127608712,1.4699551926971193,-4.406491311687249,7.6712608933221675,-20.26770233735442,-12.540254249896222,-51.864836069687094,-23.013710415853968,-10.354540708395309,-2.18943501781763,-20.617102378891317,-4.594343931905401,-12.944183235556425,-7.313887767414224,-18.76248081163617,-18.39562102311812,-4.043044435456622,6.5537089933187,-16.15354196536043,-15.872890983094905,-12.002726862615928,-9.709146172898565,-12.097896784589413,-7.262347636131068,-12.415833913149012,-4.565618874445534,-0.45504007931435264,-11.48083209061269,-9.888336407514746,-8.167708565282252,2.51793377349017,-0.6652740119933728,-2.5145738314292045,-2.3123370585054515,-7.7156041653418
11,113,3,-1.8263642464469132,10.61915386194454,-6.451173321684684,16.08997948967465,19.171018158653514,3.796286033148447,-2.993986146410974,-5.332797024126461,21.246083343765005,19.31294616239098,5.398485198174031,-7.519812294641205,20.237444411588406,17.362214663134115,33.39603594940431,-4.4306658390545985,0.5873611809958414,11.068987938359655,14.349852904041368,5.0408951299628475,1.1568529812062565,4.793625687606769,3.9705208266017618,9.093358697596843,2.2197411281579145,-0.6497522235461842,-0.6141870128638227,-1.098655863960342,0.6592099329388538,0.28279595251944745,-13.13240233113671,4.181371752490719,8.058318277957238,-4.615828527183069,-7.701697091628773,26.765469752967643,19.996325760807203,21.484222750293043,21.276326709438305,2.020854682093713,-0.007052340385748979,8.924498783015622,-2.8239016631709006,0.013034473559478815,15.936106398883394,18.07811793830337,17.917370513445004,13.355024726334491,-6.048121777073503,9.706533407610722,14.08763550452478,9.103394986823107,0.6937964945923676,0.14354312888676113,4.849460872628432,6.846974969250941,8.661119303223106,2.288548180288293,2.626109361239685,0.5607716335756037,6.825196196256979,-1.2713626510259228
11,114,2,-28.389115321336362,-24.34704468609402,-27.290160666208525,-25.790203007074403,-31.719635965376394,-36.061571745781194,-35.79050858209773,-14.22533128644545,-24.378391909668597,-32.6805572362571,-30.455166470759185,-12.456711112170922,-19.551563044657886,-24.356839835646607,-31.939235841537403,-23.207487398485938,-16.368326304980158,-21.37405644057933,-21.325987004515966,-29.22757349439283,-7.937450608769551,-17.83868638018328,-18.02532436497078,-22.097469819641518,-10.636849925274076,-11.24957132066896,-15.08523065794441,-15.826344829188983,-17.73997839311955,-14.523538365272994,-18.6643414706355,-39.56716595134677,-35.080163489073136,-37.11657358576523,-37.106479790550104,-29.33519443437862,-19.488641730146245,-53.901795765884785,-19.547123368920335,-23.074930007183326,-29.489487398143208,-34.71300496342703,-62.115318164592786,-21.291776421911464,-8.233941494918811,-21.33747417482026,-29.478756816103676,-23.393382907686068,-3.859072264829065,-17.95196196368737,-20.49139980391441,-25.23896139410393,-20.874890076669445,-11.495418796639475,-17.330375787634516,-20.655289891351963,-24.920768976484137,-10.894979673721709,-13.832330488804267,-16.59333969287365,-21.729293994798613,-19.80311775976997
11,115,2,24.83874907653505,21.67128976627548,-13.870002126730071,4.270077658396938,13.831467570146403,3.8801858145289327,8.881297886167179,-0.15145343423979984,17.0941546107756,6.545808145038146,5.896460972192534,-2.3709873565665736,3.0569217712050545,6.27078277104329,7.632408091843846,2.6555621708947696,1.3884559982887865,1.3077569632995405,3.044210392618318,6.426887951473275,-10.999814623785086,-2.641982963263262,-2.4999630020352104,2.5390472069564396,-6.781754434040586,-3.8072669874513294,-6.873969448321476,-8.65384044215969,-6.687317105964188,0.02550011562473066,-7.310614743338127,21.320081984706615,9.720546428335641,7.962058910554867,15.339017225111386,10.978913378742785,4.468212083481801,-2.303250570009212,-5.110242058704723,0.3658089195491697,16.908360384813534,6.093858143087571,3.091903743447689,3.5522270419935866,5.719227728553164,6.921156800806333,6.303894375064752,6.208006128350775,-2.0250724862079794,0.5421886858757473,0.5250426341620512,6.051221282380391,5.572281430495288,-4.922885960058832,-2.2300280406162485,1.7479984098363899,3.0391632557914745,-8.752192068686028,-10.911605336180912,-8.70820551776759,-4.8040813764829835,-3.4728970183286716
11,116,4,-25.44848189507499,-5.426308862774107,-10.086427638534362,-8.724325018809969,-8.349015063697063,-13.07003535109959,0.46471960256557654,-0.7815719484834243,5.822394874855513,0.539976286082869,-4.1982771066562625,-0.8726059833950389,5.000986787183891,4.786120336775372,-2.2336385370084497,-6.936876239306175,-0.9318926058902706,-1.6910833221371875,2.3938892763562336,-7.399142104848403,-7.311617385346177,-8.153690691299097,-9.99283403914035,-14.879614725163789,-20.393978635348923,-7.1006170385403555,-11.605122325805626,-15.76234854303482,-15.018525394770057,-9.909098092375734,0.5836832575931619,-2.442773436454533,-3.0315662686508613,-19.99692844914091,-1.9973404471160523,6.2525277344010215,8.599552659783512,-24.106176880778886,1.8633707056969129,-9.316255963291042,-14.362145075574517,-5.554537394526986,-18.731350248520517,-5.731163181764888,14.843784436413157,4.822244731448137,1.278733069236143,0.3872840070370134,3.8933600672270834,-3.081052892818686,3.8292916299712774,-2.8791872675462455,-14.360645881876719,-6.842260584712217,-8.117653092806705,-6.812369082872637,-16.967034856993237,-7.9200776081941076,-14.211120712922932,-13.890677033628267,-15.27170471410926,-20.307268489061347
11,117,3,45.55387998953825,4.077322535185575,-11.531244215458953,13.614176510685562,13.41500064035558,11.222181486351994,-10.976849959686215,5.989534028010756,11.406987688708579,15.924141877489834,2.4266346277180713,-4.280721139071917,12.322187229071004,9.978194420930093,8.526980995245996,4.419670368499331,6.958336900488091,6.270430774904977,8.577060490346911,-0.5774792607464818,3.3588502020234334,-1.6498539143855224,-4.770521469732246,-2.380584889784364,-5.347210223900108,-0.8190220168269258,-12.727489904409689,1.3208782355621909,-2.681124955029567,0.9180290741709669,17.261785472487656,-12.570661542073985,8.601852019567323,8.647111272337149,14.843765272668056,17.048866666671728,19.405050311578297,10.575495300769088,5.201309848554073,12.134893715767772,40.94147856442668,6.304226949538398,-8.719094858118675,-3.9043072699569166,10.895326704968046,6.715844626220437,6.7839236159513625,2.7030917300910846,2.973600504136214,4.851032493045411,2.1253473127215425,2.8461286955308642,-1.8055688632515867,0.3622368824918126,-1.9562751722405665,1.8450001464921033,-1.4019146472579105,2.1500038874403766,-5.212223320861529,-1.6426330067489943,-0.4232588565976537,2.5476517466510247
11,118,3,0.6151848469474688,15.292080699216292,-9.161789746807392,3.5893444299652453,5.194151559390315,22.512712292645766,2.483737526123592,0.9147078076877257,11.11185139090549,17.140922709325583,8.091155147398586,-3.806466751243557,6.997801774113276,9.269782163906937,15.914925089378539,13.569143901783509,2.64304835072906,12.842602014243484,21.07312112521925,15.822555835018077,3.0454828898854025,12.695231561162858,15.977725877903591,21.29412375717629,17.905198876782904,3.006070969217433,4.37744330530191,9.409888264041667,7.3058714718946804,3.603603261557025,14.16284886011626,1.7935755785282055,10.622942858386972,-5.449688009826873,-4.654768117215124,-1.9546409619847191,3.672511490226566,2.188384286332422,-5.062085773714924,4.4506320235342125,21.07317415606686,9.51486309535983,6.101729845446417,1.9391914550896474,3.396198910760419,9.970910619490036,14.926811704866399,10.676237664548914,-4.40447154779288,6.3703586198134,18.404669055544836,19.30565787488366,7.009573281356468,6.366598736926365,13.181334581419197,20.955603443540443,16.822006960921897,7.415338937102292,12.991245227048125,18.13749604017995,18.541371814361426,8.576457947401737
11,119,6,4.8196850382700225,-17.705999025529838,0.9729916470170743,12.578070578142631,5.5057882209899,0.8898341675720564,-11.349195368542548,0.788503838544031,11.190776396829564,11.252053917908086,-4.402880758058461,6.889023765842095,0.8923601087909658,3.5876910344629356,0.8036833722030798,0.40874928596043364,-5.102119580161099,-5.676388462732842,6.7028148498176,-9.813258054734371,-8.219605443953743,-10.738387611921784,-9.695456058786412,-7.752133491199197,-2.8108912405171784,-8.146840915083885,-17.074212554297066,-11.408014496742958,-8.438193215193543,-6.404501824730601,-31.329368017114128,4.106857419297911,5.067094244744356,-16.26340455046243,-11.875973219438112,22.299937979306836,2.891156425358863,1.132316985735443,-4.530400792239007,9.471344095541212,-29.722353126297197,-1.790958067322741,-12.96572585369847,-7.610720971485647,13.242944654358384,2.2246098531092047,1.1268699216065798,-2.1677286109046605,-7.148479259913649,-7.265336442329897,-2.878772697525052,-0.3264210756141235,-9.146306494659768,-12.053302955870494,-11.645830968150683,-2.3921780706292424,-12.853520419812066,-10.022812181141044,-14.9184723669186,-8.821288124771742,-9.146499342182883,-8.764701061359629
12,0,1,-2.210217511485808,-5.639482193416344,-1.8159320281318765,-12.604574228795915,3.213059556034463,-7.8830632213531535,11.614284525760283,-4.770688157727394,-0.40948821465689134,-1.9262193674448793,-1.4181829844871194,-0.2724064920585967,6.210558620894829,-5.816656617072936,2.4782881262064795,2.036755316230615,-0.9247172913037051,-0.8032764897840775,0.883192115077158,15.182998896644616,7.279710501239343,4.150826431799494,-1.0154829231124916,5.758163128684204,5.555664775847667,5.890626783778031,7.178364426715347,2.6589218990809114,2.882677846383757,2.408990903450857,9.186079440005242,-3.1009055710647546,-3.634371211817605,3.5165413371400853,-6.5116682863998685,-5.895948571615805,6.516686687791127,6.42797307826851,1.8249702265304395,-7.850525577302754,4.924118829612826,12.472405490011164,0.5307056866245476,-0.07285772027765836,-0.7987510588888941,3.590553756414278,-1.2225740193730064,-1.7419619133451778,0.4024598969305617,6.92649510318325,-0.23003851380426307,-0.5688137158001889,-5.090531555617729,2.5950223162724875,-3.6784120107796516,1.145633253947515,0.8335597981917435,2.495125775657048,5.114679882212017,2.0851487889885902,9.064798789189718,2.8857665148495544
12,1,1,6.457270397475305,-1.1696593424577912,-0.0049636572224607545,5.511232186222402,9.47234033314772,4.222276760526456,-4.862709469817826,4.4420551657967735,5.848300922070711,1.900554233628167,0.42639746478327134,-4.625596321369638,19.337550305579683,7.446649914652829,26.510154617859477,6.259609410664208,8.103435632619412,5.2834101238447015,3.6655351187715817,16.823543263445956,2.7379905403160065,3.058503904754702,6.937745531021453,5.471746337486478,6.749699998135891,-6.376659632521321,1.9332267440764643,3.6517987423973897,4.630568317890096,-2.301459315596375,-3.088336359277913,9.093299719982035,0.759783442771039,-16.122527117591076,4.05471370085256,3.0687387778491897,6.919357298893237,-8.180624977946735,-2.7993535018148363,24.986888164427224,13.211655989107557,7.524639794557567,17.515563318471816,-4.048279497320991,-0.10814260050836183,-9.014424883192634,6.412639728452008,11.323005240546864,-0.7716700218436189,6.894256734255152,4.571935753008666,5.7234976562307915,14.261951869836354,1.1044704155519436,11.674518284830826,8.426607760146448,12.880216610084123,-1.0288021834226468,5.194321475661837,9.002230694907913,6.060233493471832,3.890058011803263
12,2,3,-3.1055194874884675,-8.34858414219556,1.9653934130002155,-8.416705784683186,-17.894469011029816,-11.375009782430597,-3.050114579516516,-3.805587491500418,-20.997616272510538,-15.105775957609083,-5.670494456434761,-2.292332576224353,-11.671855232882784,-27.653318854003402,-32.03068634458794,-4.661011794570652,-7.092743623087451,-6.081162490901856,-10.206193140753333,-19.267856957345476,-11.633928376505517,-6.596050269543988,-9.298789673518936,-5.114073027674922,-12.212391266644723,-9.631151703072758,-9.98491477565386,-6.130900016145374,-7.5605989247333385,-5.5952097387592525,-2.9520425206850978,-7.979407682605996,-9.607348976520502,9.904101777231181,-2.7502521914997833,-7.29801022602109,-19.21084242732059,-6.1143658642952445,-1.9597851137925932,-11.915752277459674,-11.263327688342196,-29.443602436267582,-23.605119401543597,-6.1129711419400765,-7.019940670794049,-11.344326166526931,-15.62912885049677,-2.3732130853232096,-8.643760978261279,-13.838954735127064,-16.034989226791193,-9.734671962606475,-9.44375509041839,-7.879865023886738,-8.12717942330169,-11.999063991862004,-26.31662309896657,-11.936955227811891,-8.044516530512581,-9.873970112604342,-10.434622035429976,-9.177808140313662
12,3,5,-25.408882412605177,4.805020722205657,-42.927340518410595,4.51218662619954,-0.34825164611201487,0.5640017545168726,-13.866916315584655,-7.012975548848325,10.748482012468179,-8.390947932604606,-11.369114907060913,-5.865669421306473,6.2237598891582895,-0.4479290401369973,48.69982586764711,1.425771714074584,-14.535571821987999,-25.88427590487935,-5.130308096274373,-6.497202884525107,-13.09003822160203,-8.860429645970278,-6.320845991872798,-3.328643401584974,-6.717937706674378,-19.230128180235624,-5.490505432641904,-12.060342695427735,-9.206658777863172,-3.4693994542850706,-65.16789954609982,-7.167029781244336,-0.6429692174694164,-83.05603523516079,-2.0857850202790837,-4.621163575478446,3.786668318891671,-0.3467262747538532,-19.22971100923492,-23.171369092720667,13.635234509890038,6.990230458481916,-5.233613528294217,-62.565524232823684,-5.982660675137421,-4.2345090026671945,-9.101558458968634,-7.977035405795752,-4.832994959311468,-6.429481550505977,-8.06780519281946,-7.833772294745757,-4.903783838165265,-14.390829684894255,-7.5289925352738365,-10.10686962802827,-11.184575048184435,-16.092825375542763,-11.674922738008476,-9.749251161224954,-9.148780413284303,-9.940549585741108
12,4,6,-1.3867536173088528,12.979472734319417,9.32855465656669,-0.687208041287505,4.328165152022137,0.9309323193766644,6.07335466617667,-0.8266241555556486,5.141503769586364,-2.8956937935067026,-2.2995757554180747,-8.822022528012804,-12.230830121163578,-11.146479694922338,-6.505322518673294,1.03791624353063,-3.969408896819846,-6.49510036861785,-12.825367899929612,-11.386508679835172,1.6970151459752818,-28.011948564794007,-11.01035437749403,-23.465513521214806,-8.111647931813469,-9.272412406972027,-6.849343711408084,-11.884777935920283,-6.9647126784491356,-13.012903642295516,18.947141286198654,1.3142076497216035,4.309271276655905,-8.200909356961434,4.031669376963155,1.6967118019465253,-11.012718329717195,4.292130272392542,8.411316554595878,10.290212808994623,11.13959888852679,-23.512305892367902,12.398671334336811,29.090909609707403,1.1954424987410808,-11.98116447949191,-10.123656608300603,-3.0206655335226436,2.6583445941484176,0.3077713978709653,-10.871140597910598,-8.558928215524135,-8.974108968747826,-5.540845580390517,-13.106239503703824,-11.799515342674916,-8.643959119869114,-10.645475839423694,-10.429789023292134,-15.583246760070324,-12.345436404294498,-7.443662570766744
12,5,1,9.415089806175517,9.498831321621633,0.03044344400759949,5.93325597652029,8.047027871398852,14.578171479481671,2.4022448835213033,2.230240618537478,7.374487396908877,3.4465237555673274,5.3592300163809075,-3.186260951393308,9.330695165457522,14.907423908617815,2.085894599886293,9.896424483451083,-0.13479377201292697,5.568373137630709,3.6749104414952987,17.835802779710434,-1.232336983220968,0.9563068197585818,3.564610461772579,10.250124379521141,3.5768088814688914,6.687852425001014,-0.026330910239755825,-0.3213771606295756,-2.033001005592779,-7.693302736611942,13.07381576576792,7.966476070808199,6.393792165852176,0.323345035496281,2.749139804830321,5.181853390571371,8.63313427125672,3.931292477041124,3.6799330846662044,10.154550991103443,14.361001364648248,5.546689804052795,15.289548831287677,0.787167800459784,1.7524791239056652,16.071542273741215,12.80909486774288,13.246460402793275,-1.6864011187316503,18.59775204047924,4.737729141897545,4.732002851899666,2.0379098775376363,-4.07345590590522,1.3331436488114408,6.216327092439938,-0.3064609258606029,-0.14658348439488456,-2.936831340046099,2.4842209120979537,3.5735981345912093,-2.688387815636105
12,6,2,0.45727489529768206,-0.06416080357711314,-1.5493150839763812,0.5230664062716934,9.689434554711797,-3.562849211630061,-11.962999657250753,0.8875026177592226,18.923578803299737,12.13174680447797,7.883665778833189,-16.638004911881755,17.687095582243845,19.13061931136451,33.38888419481497,-5.554126888275053,1.97770984486106,11.908121410053129,10.246327877010609,7.593187056981575,0.2663641164488178,3.4442778105234217,12.18090705121527,8.933430714507178,7.472626936451603,-7.089326375856902,-3.6894011457604003,5.394034505526464,2.724245657224388,4.781180042963724,10.719062564667409,0.8353379287461684,0.20410362346006994,-15.646607022823346,2.497906754383951,7.044708319434257,10.610123650329868,2.7336968147059606,-2.9652564343314896,-4.774185509625369,-3.9595869477645205,18.49534838174743,-1.2773215943356837,1.4508174985601772,0.44705688044792347,11.092587547717477,15.957875654782823,-2.3012317376688296,2.7077324782191527,-5.381431574342635,9.949516129861705,6.778925653379529,-2.6267888037851317,2.286088060428639,15.673586830620307,12.266313027090785,-0.11344755314880989,-5.578793392857399,5.070129171161483,6.6361344763356005,6.373368827336491,5.33198896089069
12,7,2,20.46422222311177,9.513275606625875,10.48461664697474,23.748213804979297,28.020131376640084,19.444631020379497,10.684258008784637,9.897482115093892,31.417427265789456,16.757250329752154,10.559159873462304,-1.227600887236072,27.766446049745383,15.036739962959167,35.815108951658196,4.744824927158247,8.211759428107516,19.825580484424037,11.201720293702143,7.097033058673644,3.0889473042632574,11.020155374875017,9.308649485115893,17.069639873401286,0.02235329795129079,-3.903777561377641,-4.9709910358324985,1.3466904383697893,-0.13577554914418877,-5.02749571489261,5.00453572343785,20.651833773817774,10.4188884347876,5.974347230717086,9.931174231153664,17.255224685854742,21.39866028621611,7.192871882194059,4.385082731337182,3.944645464034158,6.773001364909298,24.476913622171608,0.17563642100885346,-1.8189616371741208,5.345021660760523,23.573963852735563,16.583809243901285,9.739997984472344,4.209067069084909,6.604397445898677,14.10231874319839,10.418825136795759,5.105477271137317,4.422516592125202,21.29460491821533,11.854701037495959,7.7598653224029945,2.518734719967697,6.465491196685806,4.5277559764558335,11.923842532367148,-2.4566553864264624
12,8,3,-10.061750163755768,10.036219901070234,-9.505147548392415,-10.508684879168868,0.1401577059991614,-1.1589694118536102,-6.780817597332165,-8.079637097689556,-12.87294394182177,-4.82337523776493,-10.76141791636261,9.856327736591243,-21.272416117169506,8.949383495125641,-10.613330157246535,-4.72653781863429,-1.300391182752053,1.1182699523888884,-2.4022069955358236,-9.673856746314504,2.3646299206856174,-5.797518322255643,1.7638641894318,-3.4910911822623403,0.39486276976219137,-7.278092395741399,-0.5409742581385473,-2.0494003632991777,-1.2110749872901094,4.563516978083586,-9.601011652022413,-10.730026431995006,-2.639876310980492,2.5785133560960434,-5.020749734782773,-5.520316788563276,-2.669771964389196,-4.681519461704824,-6.892819920725118,-17.444584821362238,5.4828914088515095,0.04706198585833114,-3.5914596353725714,-4.591689246355998,-8.205717033411306,-5.620516694349623,-1.825909870199677,-7.612312682166056,-8.96699640848646,7.580255456153792,-5.034372340569774,-2.78534747160426,-7.68886580747529,0.2594242642474609,-9.64423496328385,-0.9355167902370062,-2.5307646265548724,-2.1878600884228945,-1.0809709991600998,-2.9303634841812825,-8.87640774976632,-1.6908885631483144
12,9,5,14.20646264158734,4.232570672407746,8.423738285092776,25.096960632175943,22.188874711691412,9.75393666249768,-2.6087966774840217,12.110240487654394,27.608793450701146,11.373050424020464,15.267764517401416,-3.94641521309571,22.98206361128791,22.54649720231934,31.712722342552194,4.039713228166831,13.801128991311652,19.51201110810791,17.76723448923086,18.39031959634001,5.052453036118359,9.116946562693066,9.049903637070843,13.70126624260007,15.29157566015676,12.500628274479293,17.89446904607935,11.294015509780591,4.98283977707189,0.18412684994499884,-7.865349169684261,22.33083146665153,3.7011234027492588,-32.30126839076601,11.32825957046731,15.602667402566924,15.05728986414103,-2.593534912726639,4.656229299070064,5.060231399926834,35.72031077215585,33.08286141075203,7.409780709799833,-9.384562095933841,13.580347908535833,23.832397857090317,19.602051988607506,11.751724399921555,9.850297968993639,23.073912273547275,16.403137564352456,12.267206339460868,7.613286042290668,8.163884264984867,33.24054373746239,14.960599887025795,14.829492941112605,11.20502384876401,11.928233051627155,15.533353285863996,20.471048291500015,5.444492671547864
12,10,2,14.894538628618886,3.8358413397175477,12.608935226765809,0.17576705040012597,11.615476908480257,7.168955345745986,8.500725389662671,10.768007999785784,17.717096581390667,8.603828493051418,5.826276310549189,8.206235357582932,28.745561163599884,5.017378796300875,31.049797346860913,5.882035187809031,4.244646926387784,18.908266478308985,9.812493346972252,22.00841776730222,3.390360373185901,4.055514284341438,10.527713618547912,-0.5855375837773171,7.903225412169227,-0.02357941643312235,0.05844707591686204,-2.3990130091949204,-0.4410819261698279,-0.14230664853551733,5.539160098165006,-0.683403139599605,6.838316752248803,1.2018177062414992,8.62849931877742,11.784658070926254,16.82704063000658,8.820113690615422,8.258547468474367,17.509474600960566,11.626845283660943,20.624786512938993,9.563952846128908,6.305731728460023,8.95821099965719,14.968989096740938,12.849187594696462,6.335905468295806,4.927034614891629,13.596195339111658,10.341382988705865,8.568775429140508,6.275591665685816,4.957874121871299,9.270482503014003,6.534662000585079,10.566660091508801,-6.299697854453926,0.2671056920776097,5.00215924772144,-1.9556641396498535,-1.1015461251060128
12,11,3,5.831079781769557,1.2744100100599323,9.734954266138832,6.742924477053211,-3.332768578530946,5.485524875850121,5.0083448567722995,3.2139149185656217,6.623468271865533,6.678713128118345,0.4539461180386018,2.6001840353852543,21.81824017843096,1.412591453369071,-12.47175656905307,9.715268209235884,12.799251859530617,10.127090792035366,4.55045056739459,14.952640381936986,14.053154194875177,7.4705496359554004,7.9343050426076625,11.820781429491303,5.828033362288122,-4.787403548425972,-7.443936369927007,2.549152857783,5.6062072304236485,8.72130426661135,2.041074348304126,-1.9586474464343118,3.285407447540087,-2.0379309210381114,0.6837950556989036,0.5101558812326052,14.575883510465756,0.5779614723173958,2.2428267522226664,12.567608019356936,2.0007288662508036,16.982653860888654,7.075101183863674,0.8849912224005247,8.86792153355001,11.123384882309816,7.2892037314340135,8.44412383993679,2.6031841062145604,-10.720975622012304,5.090839157335278,4.704087642157769,9.4301071588586,4.7292808754733064,11.06387587577649,5.641652166667371,-1.482373301793039,-4.956905005459969,5.167139396673386,1.2449230636106567,9.639145027891521,6.433868013572217
12,12,4,-1.7247787347949313,-6.140132090667399,-1.9508101181666622,2.0586493383445656,-8.037795850439231,-0.3064103752783538,-4.65153947458943,4.867626742459834,-8.847721379477436,-11.330446466621824,-13.291954918401078,3.217365861438762,6.223073107417578,-19.618784251463847,-5.741911195144734,-0.2635958416887184,-4.3183052309720615,-11.429205310144805,-10.964206968161575,1.719263085499179,20.76472929945192,2.05864511121905,-3.474746529183281,-6.342554516704164,7.505737587287114,6.609487505340041,4.148778508099297,0.4622891232507623,-1.6053563095402057,0.7297656393791667,-4.448004783108471,-6.253579733984139,-3.7901151111213207,-10.791469485998695,-1.4767818412311935,-4.752851886129597,0.9551311809024443,-6.65609862927983,10.720697456334788,0.9230781813015838,-2.0646622296218284,1.4792089214344037,1.7281833400881697,8.423940622889459,1.3343782565022682,-12.230197921366901,-16.768462755626487,-8.152280010737291,11.23939855086685,-3.282428383179826,-8.351377731160738,-8.477731710498606,-2.6123656092748284,1.0481847953959962,-4.634246877905708,-10.117386830913857,18.67663110824439,7.808444255008935,-2.1989881683867885,-6.896131819840974,-8.97892097371244,-1.1120591519184673
12,13,6,6.38904769232542,0.5713081627448148,-6.7776784780321675,7.78453606762355,19.30682458728552,2.6998783131016486,-9.557484973948906,1.5782079186131468,3.208251795845059,0.8000446267244286,7.653947548162788,15.841128824460439,23.66634331945693,-0.011465258850918758,7.350777335964692,-4.371666556133364,-1.342573764132017,18.115557767073152,2.482253175331053,6.251856327178983,23.032517609799793,8.492011636853361,6.569087294601871,6.416903933328458,7.2357202505284,7.642970926241901,9.600796825774921,5.875061565853944,0.7111666926605875,-2.4517718624244096,-5.71232726091871,4.349266921045119,-1.8793428441177396,25.797344688780417,7.214066451665278,3.0787166878297114,4.39245234488896,-2.559594218548182,-8.828031161073142,-1.5526859992036104,10.497312286420069,6.318983585073996,-1.5870902364471604,-1.8031984573548168,-2.1621021701068406,14.173845017465158,5.376396341635509,-1.4288687481340476,4.290798746901221,29.210593447997788,2.783072033942474,6.237816535629237,-2.2676660360189214,9.542581387829578,16.053562818322238,7.136455796590843,7.526877289899147,7.351064041938368,6.334755190284687,10.927632699618353,10.443087174307285,0.9281808752793737
12,14,5,-18.948847917885313,-5.769733690117241,-9.05471138769715,-6.394108230554744,-12.339507862378941,-4.124217389974876,-1.0829472027650877,-13.354784231292225,-12.647376150347103,-9.414942330320176,7.590654728718371,-10.470656921723624,2.2301394914435906,-7.892425811060179,-15.682216369098333,5.626588554212416,-8.19729828599432,-11.027078345063048,-4.43680072248709,8.273893497532187,7.2966281715908305,3.602996589366073,0.15438287088465777,4.752708594769058,8.97942663350983,-1.4356105909228494,7.005715480733025,3.5311543176450373,8.53441752397978,19.007316061681724,-13.86370130328508,-21.44739096557222,-10.207141223851956,-7.839182536594756,-16.996482931974736,-13.704270513299509,-4.006206462738988,-3.0606949770505127,-11.14754998175677,-6.295176587271982,0.022719854875126982,-14.596247939267984,-11.63750999152204,6.56266574326494,-5.69858672442596,-10.871427230502869,-13.236427851770886,-0.5935771365127562,2.6948430220108115,-0.6007571473956194,-7.088395178746766,-0.7748092305505798,12.389472981437853,-2.0178445656670325,-1.7387342633588645,-0.3547616912969164,5.411811756901443,-3.6103198295558507,-3.5943122733747823,4.8634425983395095,0.7489797301354768,8.981074069865143
12,15,3,-0.27772402994493744,-4.467985732175646,-7.248474831601301,-5.151308819799253,8.666611446726426,-0.1547199915980967,-5.193327089078818,-1.2823442497813105,6.436846981029504,2.0322130679993364,2.444031361036182,-13.20448020381411,15.252528006983248,-10.717777459246177,13.118842531722503,-3.2459594924102246,2.9169852097586904,6.6783421961817755,4.867938550825159,6.914899257537001,2.0741596608422697,7.636760167573101,3.6292305898784467,1.0031959768384695,0.4055400751985433,4.880204333401308,6.2073182997679925,5.33565489493492,4.32365655577628,-4.393025477297557,-8.473501251408514,-10.648412716540896,-4.066246347950499,-12.881940050822939,0.05852721347587017,-0.39460566862508983,3.556941669820473,-9.603021524823838,3.421322047381051,-9.87067084823573,0.8453284124048748,-1.2895747966348863,-14.213638366063732,-7.709297628982399,1.2632776058006394,8.374721172691613,-0.8041570870796345,-6.019770055776462,-2.4116750592081924,5.594168965863743,3.578287851655988,3.6839445192230524,-0.37794927943770573,7.488946308836157,6.072520340747406,7.1299457067124,-1.175444641806436,8.536368487084781,4.87700625522085,6.4909961525316735,3.5509161789015646,5.426921838031309
12,16,4,3.1613415635031865,1.16341474824074,6.6773900716088495,0.9645697005070385,20.190488557035977,10.916264271607812,10.833732055045852,-0.06003566043133307,9.522431836094393,7.2849901217410835,-2.9142547824729523,-8.228597043263843,7.959738475327357,-11.19396726092005,25.095115079340065,1.847298264503479,-3.6976682307516637,8.659225013061638,2.0967825963161886,3.7116322013231504,1.691238357912659,-3.0278878131499476,8.581711196158894,11.184659324501204,3.3297600450175935,-5.230701903403713,-3.860524700511607,-1.6619199584124673,-0.9741177217376131,-4.545014976716896,10.581635316003332,15.33633686633634,3.7006135706267314,-3.2146818038621343,0.7918617513950728,6.057633692346142,12.52776402003337,1.0257388786185617,17.617591999596126,6.35391863269686,-2.849461825874,9.92657299484012,4.727009753088991,13.541755391057675,-5.795849719334662,6.10123202145645,2.003737406532578,-0.7949671920888667,-4.410073734865315,0.527806767614604,7.1613160772022,0.8808576729803108,3.2020156635425807,-4.683280786908255,5.552260264436284,3.160717989318073,-2.8901444610162876,-1.4924437983143264,2.320605975053297,1.9549942562333875,-3.6342827032388354,-2.1552171275110505
12,17,2,7.721449659228686,2.3354253013016333,1.3968999682039738,1.4897639312236215,-5.354595062799941,2.0703884591234907,1.8966313401356394,0.5613470979697887,1.4314600271059263,-4.585912429386893,-3.3099939210720897,-10.401637848047816,2.1955456644063815,-13.356836218477737,-0.11289135538674794,-4.710740947505322,-1.889076283292439,-8.971534445927265,-9.339408987133599,-4.780703914314847,-2.088507010862685,-7.516039810302424,-7.547296531362142,-4.082586873084216,-4.14660439681171,1.1747830836386302,-12.360853966734396,-1.1516671852185953,-2.588267916472764,-2.8576152632353704,-5.950923638247956,8.202451538748855,0.9144276739708618,5.158577282458726,-0.5936361422035369,-2.507640267563308,3.270305761249689,5.402621882286198,-23.841806823602127,14.420316532072494,-6.269578890363899,-11.490833807941062,-1.5074780363839382,4.712430601189962,-6.750458377822326,-12.903138746666464,-9.784498020143413,-0.140494771097309,-4.49616225186179,1.5792233822640114,-12.709274236101468,-4.945351191705499,-1.5931410000704955,-7.347360130899204,-8.614800675067956,-5.008842043533195,-4.004639047402435,-7.764546696965511,-10.079986721867837,-8.047057369275288,-13.059632710964848,-1.9213568768577591
12,18,3,8.85379324302577,-0.5891064873423776,8.395924215205014,11.979281054163025,-4.690452338945937,12.605484309424527,8.342112060244443,14.304770619676614,1.285015695932799,4.228837420060812,5.299459788789286,11.45466402265038,1.7258743079685859,-7.011496514343179,-1.2437179417394828,2.089421443573042,9.405267838649912,1.3336492324327476,-2.9940818304922905,-6.526192548133934,7.0106073791024865,0.11064128199004414,3.0047043701406686,-4.723575596493191,-6.073055557861201,-3.1783394358325276,0.7716321996299608,6.9642028747944185,-1.8534458558097848,0.8254021639912968,10.65166145401848,7.49585664672096,8.116396700122918,5.572376092663035,9.274826741947722,9.163085716821973,-1.716111370703069,8.397959325468262,12.861103656633592,10.135926763436242,8.570852731882665,-1.6473113235495087,13.892678486995353,-1.439406983917806,11.927575744938382,-6.636977120393481,0.2398731149505909,-1.6443744358583925,9.958436321012863,7.4672882158377325,-4.2446847709304665,-1.1355964289296694,-0.429047846394341,5.942049758599665,-2.193047004638286,-4.625035872682929,-0.546169616940727,2.9368102249899533,-0.1598142105631704,-2.482080395060887,-4.279215480632533,-2.1556173719397558
12,19,4,2.4990739734479925,-12.339541554360137,-0.5462455590051117,4.592308687523189,-1.6678106092660485,-6.466152745571627,4.480146264725523,-4.643268234300905,-0.9994163769865172,-2.85441291295049,6.905359623601613,-2.63268795846848,-5.066025135039193,-5.786453339407535,-6.821057683015921,-7.573328322571956,-0.2291831662651239,-5.783482760804275,-0.2164580141557614,-2.1698763261253893,-8.019989050754416,-2.040745653598229,-4.113388391759632,-3.2510790760719743,-6.33322567937941,-2.9536563247987426,-5.200469145517247,-1.6310762062998165,1.49626552980257,4.680988457667211,0.34564339579650905,-0.0986156036577566,-0.9740756236743651,-0.2379348194652524,-0.916795666590787,-4.108567959367775,-6.347206397487491,0.5187558407395529,23.246666403078464,3.04573240823953,-6.617678792238595,-12.702123727195154,-7.1790428319718815,3.1745259536475636,-3.454639106294676,-9.07827390845093,-2.833606049191298,-6.685935298639643,11.828905348938594,-13.816866928291295,-0.1579012625322614,-0.2651337400169634,7.565238182376162,-0.39539785974477415,-2.6756162393906333,0.6115988035538673,-14.048283260860824,-1.0282839091449265,-2.156637060365114,3.8358117862627252,-3.662724633269558,1.7281580814103603
12,20,5,6.8752954230166745,-1.891659279576099,4.022989285229591,12.188984529717217,2.6895001460798085,9.146673629804305,3.4552501600814916,8.831005974309285,13.840189323675377,6.347307482683218,7.27851378240782,0.30005623270450826,8.19548636402299,-3.421945630890747,-23.171583951132884,6.805703197787634,9.995659556103549,-3.0889557519609614,4.356387941961792,3.829533511556959,10.897286104550863,5.137462826491126,1.9911555203541007,5.752268223818845,8.239345993074343,18.83620092275031,8.781057712610625,8.211384475134633,6.7030468229885924,5.363452046405429,3.0375242632893262,6.269844320489141,-0.7567243837388005,-0.13788233887654044,10.229089903929152,6.051684025357047,-2.4592046950739346,8.459705808994975,-5.302025886684109,6.871195584899043,10.274474907484718,-11.693787043246934,3.527286196155927,-0.6162927819802082,11.387844477882373,-0.5951361794524441,4.861011389154581,4.074336527642317,9.888722052434224,7.750709065645026,3.750671409093205,5.396002284316464,9.851153352797573,12.355035039414533,12.316636278986836,2.277159312081226,6.698673026914499,10.895196121731185,4.78846123178558,-1.6034517399626003,15.436225174199322,7.290602658347155
12,21,4,6.958607227967412,11.875432172736224,-6.9928302099110535,10.51028601273259,10.320917427380829,21.57314645971466,13.581873236360352,-1.288639355087426,26.100902529751362,16.79904941778357,22.698478469761415,15.366308426416314,9.27187308067138,12.01161639535481,9.172460970287096,17.407791456889083,10.253360385875913,7.182548539622162,17.676885998534548,17.383756948975705,1.9335258551418968,11.771031242743469,17.157557143057442,15.507557552580423,7.760307699464622,1.2122632623763698,18.760701249830614,9.379981927982554,7.448562951292843,7.081455323436274,-7.780693215386175,5.311245325930058,9.659159594647043,7.329064601732746,1.9737616728639158,12.94560353996279,14.927645096714356,13.856647724457504,8.82366586946768,-9.567353247798323,22.195936543333193,28.08265733973281,7.91938884271218,14.083075094786354,3.4133203463946904,9.82188132178129,16.769486741401348,14.945253849188544,4.620607318972784,19.483118369092143,13.99769038279972,16.517524729823553,14.50523366270268,5.862214287152375,19.664716958181884,16.245564915058086,17.789726872173883,9.698198772398987,16.754894950024628,15.637543432732537,15.5115688512011,6.8918043864186735
12,22,2,4.42055301310313,-1.6522496915990248,-9.159150206983634,-10.048628969311077,-6.5996360997783015,-9.53380017570879,-13.211323101300652,-3.8275826305460474,-20.223788768620924,-10.409993379899277,-11.41482008062303,-8.82578947644953,-21.654047951102257,-6.397323244932767,0.4003067242504072,-12.275886307697649,-10.307644524475242,0.1476537344250371,-12.923123980037545,-8.766120422790515,-12.006741283075293,-14.857349254009195,-16.39449967895406,-8.450857211313233,-15.85906206207669,-6.910041005873098,-19.105206878265225,-15.561205352134095,-11.302379511682906,-7.09517904368752,-1.3277291374894349,-2.340119299546975,-6.314137838735454,-6.993083009913727,-4.883617337040674,-8.160639737164834,-4.135775336018967,-8.515586837853597,-12.157736440847925,-7.464115370928148,-18.142748299531828,-0.7512677285320495,-9.689354465814402,-26.447633034072627,-4.952261553719506,-10.513770706735821,-4.525758706169523,-5.731570963407075,-6.698437124013717,-11.379472025556536,-9.86393744593895,-12.005620445068017,-7.911425103808228,-9.835815800938093,-16.683166471344023,-15.805983055984928,-15.502707603681413,-7.5422739176670195,-14.123656571229413,-12.858192037995444,-12.58895844444292,-11.191750894152996
12,23,3,-2.7874416247828,-2.674390073286417,-11.351581977350959,-7.357021995925159,-12.649680952575599,-2.0878623705584474,2.563681448469073,-2.395915985345931,-3.73430143672158,-6.1129416799309055,-7.306429014972795,-9.528385712117771,-5.697183502713083,-12.623792554075807,-5.919599609548885,-8.079624515997883,3.0766899348123067,-9.83808689809791,-8.323327693429482,-2.6949736661016486,-6.784104208030355,0.5597544372218052,-8.588065408261086,-4.297173932785304,-8.68650822645826,-6.177835669334429,-4.939633365993096,-1.422531436759662,-4.931121782358542,-4.693326049348026,1.3257318890948853,-3.8674392815815635,-7.1197107832015645,-4.061362767364921,-4.5796930714078785,-7.982614300421033,-9.7552891813237,-1.57671633576151,2.5395120586972793,1.662235994028244,-14.654572934531261,-7.583870761777936,4.963027385370124,-8.955805011695569,-5.693062695203256,-13.695510307690364,-6.4315336433284696,4.457481237537251,-9.040511502280252,-7.532928089486295,-6.058088702240552,-7.662648624854115,-1.6000175959694696,-3.7890153389478054,-5.455983243360207,-6.41381113680375,-5.65548556602401,-3.6641151257109157,-2.9197914531715687,-2.904508682138218,-3.5125384728066487,-5.246267042105747
12,24,1,-7.385881087833609,0.653435859613393,-10.70446240529418,-12.638788759856045,0.058324887667124,-4.206134398834123,-12.19336680525902,-9.760210725683262,-5.87841988718364,-5.091209910491982,-9.558736432639021,-7.965237261568443,7.611284600979672,19.63048129989879,5.0217821699817,-8.061181439538252,-4.449563808450277,-6.21967274507099,-4.361322087201674,-2.3734490240969466,-2.2245690689944637,-2.6728184291093444,-1.3495430818236462,-7.062038938835741,-5.37512800723837,-5.529325488043335,-2.0142503240849927,-2.575049683179071,-2.7220673024563524,-1.9170884741697376,-15.174656068701761,-14.949577004069509,-8.117947381671252,-5.919776698074686,-9.487711605729489,-9.190554313719412,-1.5628029764516351,-5.137825278701579,-10.818761078163794,-10.235507365054925,-9.865757796095638,5.781991167357422,-10.167175020579613,-6.563209296630057,-4.00501408171272,4.667652421199334,-2.8593807823774284,-8.346683855372959,-6.603432507646023,-7.391893971108028,1.791290814312535,-7.200797717866383,-2.0233138795465058,0.33351657921221456,1.6592022133536806,-2.512456415152949,-9.933921497428743,-5.515167784218382,0.16778641242942724,-4.112844823439401,-8.797444520586332,-2.771092758252763
12,25,4,-7.827599305262021,-5.575110721038424,0.14895995499611567,1.1242828465907309,-17.479410405452477,-11.30895699576542,-12.654332856475888,-6.524212185441086,-23.284723898986496,-7.2133163620785945,-8.44527833611227,-3.25182490087137,-23.755002170801163,-13.458780723192337,-17.80618095363877,-5.882014071960683,-13.375355186440588,-19.03288858347549,-12.061754319572636,-10.036569554676731,-2.726213432871168,-7.753233092905185,-8.62233055800926,-5.264899687603023,-1.9684567543473555,-14.998787915424955,-19.352989084473474,-11.08746378202695,-4.003400232302161,-6.734042191219224,-10.796458402921148,6.14144675540397,-5.148687938250963,-24.119640436886662,-3.832230207929102,-5.32261784299754,-28.318569546974267,-4.5867719760210015,-5.3095766895155325,-0.9343201073749762,-7.0102787629144725,-18.279716243728902,-5.789327045630026,-8.834326323292148,-6.549380181527626,-8.040349333410768,-8.058965084279272,-8.246488074715272,-6.204301449935883,-14.946467362026242,-11.234308472039501,-9.81461284950194,-3.42556936253237,-10.861070088315294,-14.282050823474792,-11.928763976172982,-10.321789620421463,-13.22007480308004,-6.84680291703794,-11.01383073941418,-11.329629111671585,-3.2397949824609404
12,26,6,-1.3320059731784395,0.8816203092247613,2.6473175771193715,-1.5129515498240529,-3.5611173991772636,-2.4699367827156626,-9.266445884821797,4.587833864568937,-1.9030487181209939,-6.064830497475109,8.669666374249884,-5.498679881773482,0.7872478538306388,13.415140226841114,8.45590093617168,-3.9951878646615784,16.774897011224088,9.938902046849453,12.599922296977258,0.07555862607025488,-3.4426977991228687,7.908951778101117,4.5343376831492295,-0.2901795211698147,2.040307417193928,-10.047617733501264,-1.6136065459832896,-1.8799453274397995,3.1374082427653605,1.4657548031622054,-4.391929852821661,-9.690858697143902,-4.931096523704867,-3.0925794988416304,3.1055531889688575,3.8576468638621444,-7.694575262187817,-3.307175066481094,-7.7318067802116275,-5.829495563535252,4.5603988633559265,1.955040573290118,-2.5148792000396583,-4.299592569833849,4.0406655307359465,-1.2175135074790977,7.828732747311996,4.51606317338102,-1.4121490617441688,7.5753886794853145,11.878984202335518,3.8147521108593323,-3.613572729430615,2.642514034810409,15.898585863275127,5.830675270306175,5.884972024731698,-1.001641083168002,9.06066943530175,5.0134813236640525,0.786417804090533,5.243102630146028
12,27,4,-0.1005201547338466,1.1913721239962323,-4.691282402922783,-13.301869658628336,0.21381598985867448,-4.089669877226697,-1.4144454919619527,-7.45580609992328,-6.351710668605999,-8.108357149971331,-0.8196085007724966,-1.9489687719189273,7.216295447183504,8.595186439274645,2.8321944146371685,-7.0527563364722035,-15.820128188707029,2.9073654344282676,-10.507231212539102,-14.24173067650963,-10.233969368185377,-9.04315343609352,-12.677002164194503,-11.15116528139972,-10.571206460820465,-0.3506702177862585,-12.376895223812367,-14.331653642854302,-8.819342750351781,-5.933449835431332,-8.199244981665712,-15.778556574147384,-5.163077478365201,-3.4523384948857356,-3.8969051235351198,-6.691998663057412,-8.286858742369523,-0.46146320799229373,-0.8641464844084821,3.9770187087493323,-3.7249934934647513,-5.347478215718961,-18.055610503530037,-7.924196549253993,-5.026256992487332,-1.0505992545996148,1.8765407314051288,-2.420199129957615,-3.3273414131253958,-4.924363115257244,-7.943301099625128,-6.289071047315144,-0.8119228309383839,-4.750812457675663,-10.457413445431278,-13.615245096703502,-17.899550627190152,-10.389848097767004,-6.202999364516533,-10.890624447197583,-11.563657834285456,-7.363696333952248
12,28,4,-4.798346390317353,-1.9538818077842992,-9.758377771733738,-9.168087262410403,-5.240528114503484,1.9455050923066535,4.319780033308921,-7.584810412250364,5.578540588235029,-5.372233223578917,-5.526156846547452,3.5757259646566903,13.901585979250868,-0.8853746180808749,2.5889167693080144,-2.741736482170114,-5.84426430697985,-5.602385482728122,0.47075850034995814,7.446982780721315,-3.793300604298651,3.131837733612373,0.4781281449264152,-0.7017113477695842,0.11733242918782594,2.4015665355978943,3.720666261594289,4.576465393575589,-0.9000717842633434,0.6131831342297624,-0.7228300458632355,-5.523877269349898,-7.1321578675926425,-4.3477079011272775,-4.927409566234703,-9.716207901805229,-5.628547891367531,-4.552498328732327,1.856568237241334,-9.498502742987489,2.131085735802515,-1.4166576614342152,-7.531891542509556,-5.38709468568289,-3.9765130653111385,8.288990928723313,-1.8886759861304252,1.5154038412132995,-2.74908498156725,4.125713243353657,-2.0173474155230138,2.1739382261819236,-7.443266422419645,0.5319992206854425,-4.020461258637476,1.4695090751118232,-5.981721176896473,4.873449964539673,-2.588474309117329,1.4286201364338027,5.1998202125655455,-2.1090399905948374
12,29,5,3.2508810290090038,6.734299235198533,-10.30003886969714,-4.522400491961802,-3.950793145599251,12.486799212922223,-4.056538242801296,1.7104061041254461,2.5764318832065674,3.7932625804444324,5.616619057976068,3.2508178072549936,9.681959561687012,22.53038015907131,16.486445112153888,-1.3633511254972805,9.750532147020289,21.119697558841256,12.088590732798352,-1.1297268782310732,-4.904150403936667,9.11191552529884,16.42273919202569,5.971262691031423,7.286915759061941,-1.5299029793226864,8.017604103970639,6.237782840969088,3.1545197356991976,-4.675696335937373,0.5847117269139106,-8.20000343111048,2.2604523160013588,18.41476716507771,1.4089593336258726,6.33051615883028,5.898923337823012,0.6203462991880514,-1.0989716080721552,38.89541387630674,-6.967725430609565,21.017167464988994,2.112655268676818,1.6901933775615605,2.658690165682899,13.147933331204625,13.88844800946905,5.830220186992023,-0.731130838859826,19.895501207878294,7.814895102708812,3.827607909830788,5.477965577437382,4.5126627676370665,21.898619162373056,9.042550943155844,6.903054780258632,6.919306674358865,10.452028453917938,12.734496985993744,5.455962097749301,3.0908054916667993
12,30,6,-2.5514871527599854,1.4708574643137102,-3.812843382665207,-3.640704340880691,4.99591895942462,-1.3380103317748113,9.32787624740172,-6.876867140938599,-6.276223629690345,-5.645891189529765,10.184594062053346,-8.421757952219282,4.815356713526592,-8.344867673929688,6.134553323068274,1.8223536217999765,-7.264010573124012,-2.167832699627048,1.7438664087037545,4.198440320244648,-7.111932420285372,-6.576520087333712,1.9528157756459446,20.80942321783387,9.15073145350169,-4.605535228908481,10.956993156041737,-1.3585686715626406,0.5734402685221756,-2.386827286562837,-2.3442106892456995,-4.854669849443669,-5.472226703610476,-4.244785982706561,-8.882311022885867,-5.745724519601137,-4.524321974726485,-5.260155091776298,-4.674663907501894,-5.398357733311815,15.227410672073514,3.5243493894046973,3.8066872658844058,3.955777860882621,-4.82565903938489,6.854450680167845,-2.6347610200017053,-0.21806339142707815,-4.571189984043198,-3.8437544522273184,5.717876645032222,-2.4132887995461125,3.0226797111695873,-3.3718204195809935,-1.5406518860538372,2.3566830829694534,0.5593330623900006,-3.610711697818392,-6.729352393687319,1.5988926146315703,5.348577963460879,1.4187771112249226
12,31,2,5.814267483471733,9.34800892400487,2.567810823544633,-7.111376301538085,-2.1250391861469238,-9.359604923202218,-2.970641512389678,3.0233496260238684,-4.067051173176437,-2.950993333190751,-6.334843577451517,10.900867720549112,-17.512491596175547,13.435062203215576,-28.20674422592856,-7.769893742944451,-2.078360669905457,-2.7438601201951003,-7.608558388213943,-12.931761913115112,0.8005966564822131,-2.126758326628676,-6.574164760514824,-7.617019272227652,-16.049492476303598,9.05581535523894,-6.380586653087496,-2.562261434362795,-2.7417069657921522,-4.138573239773239,11.906975299233524,-7.730239422764724,2.1980570057270734,5.065995596689969,4.29986643261651,0.11889997338194726,-5.874303132380789,-2.7386815093752976,15.38275003474115,5.192290516661073,-1.7923484191003205,-8.17736790560912,-6.6436852814584295,6.162763524073653,0.4410777020086416,-0.2824306658628146,-7.5312763085906855,-10.880153592675924,-0.5400767738976312,-7.982673233678774,-1.9615632455778984,-5.424975151559568,-13.577878769873296,0.2400373945739576,-4.9169935006194,-6.628806970922683,-13.334938034755968,0.19800232148661173,0.5022806175189412,-8.674621595910226,-9.114822899099302,-2.14555103059222
12,32,2,-4.681338278417723,-4.723744193341854,-1.1798436966974548,-0.40478160798552515,-10.009804666124671,-12.028066392306515,-12.911380621774983,-2.70396553533061,-7.397590785219171,0.6574303874200793,-8.792754682575968,-3.4433550892465927,-9.448461679083003,22.236121832234097,-17.24463162714865,-3.1229638662984285,-0.5972640505287712,-11.94345677946126,-3.983743685333165,-8.729137385802808,4.472397438344184,-9.946735144797255,-10.42712602678051,14.999057557524694,-3.560232516230514,5.382409099943751,-2.0512501029979147,0.8146574799334869,2.046627860947899,1.5344325569571868,-6.847422294886549,2.2359163808670437,-2.6072249940096826,-6.096462152444013,-1.962469155086694,-2.7678945870081892,-6.901571557192681,11.415898758135787,0.7923926889275987,2.107388314223144,-14.21105960846266,-14.805669219596549,0.08614749965689564,1.0001368856273323,-4.721089569170301,-16.932364253270464,-4.27832639655212,5.109450710579615,-5.176497840027254,-9.268649594767428,-4.6087038884671925,-1.3423082670083333,0.9434257687151821,-1.5683480127027427,-7.893538195935149,-4.846453293544671,-4.236628399571269,-5.3017350924826,-4.054604118735326,-7.028203564037274,-0.7374639086504807,1.3405638361894878
12,33,4,-5.487539021786663,-6.62420149160004,-3.949427924823108,-0.05008730630776578,6.134005636235174,19.62805006210124,-1.3240169538752877,4.518553401684255,25.113650820399734,7.149593822007835,9.339480551131489,1.7804196179140244,8.036969931546333,-20.604788668453693,28.275169299869987,2.519918743850344,-1.524956148804916,-1.4111420077203622,0.700632633255204,-0.2990912876713733,-0.12945509538914762,-2.0311933395626003,-0.1073672705920549,-10.37458636003288,-5.232707560493993,-2.7724747960938423,0.8216815134340039,-3.922675594505738,-3.852510350631417,-10.306890305994846,-1.7007695786291503,-8.379663795369062,4.581193140662482,-8.260810135386699,1.5388063495842423,6.443563495921661,6.567696867079091,7.850268582909987,9.688663423402096,11.330838348091829,13.347675881927787,21.121745378664894,1.541831693955607,-1.6828447833384677,5.043355880227091,-7.62604492441637,0.1732894184185685,-6.979763756193814,-3.5218590501150695,19.575409234864875,-0.9794311407590055,3.477118783380562,0.4716602094562319,-1.0749623935397072,2.4411366332305335,-0.5954227171065963,10.807392765018275,2.259133566982997,-3.669120891746587,-4.503986938904813,0.1889261791437136,-3.4234246299261333
12,34,4,-9.190566948876242,-9.570151135280007,-12.644329638867758,-20.970944098583086,-19.13415453517128,-11.49391395299093,-16.965942510812567,-14.341117368925854,-7.166132229471172,-16.167920559735553,-10.13478915958961,-32.89007152353483,-14.55190383615654,-3.6386269850758604,2.9688086200778083,-2.6856110446586654,-9.04515489944961,-10.128603548402104,-9.2589667088284,-8.717895451603773,-18.697935161294367,-12.048220158060552,-7.347857318483523,-7.2849437358630125,-7.958714551860236,-14.447414406438966,-6.616486305223277,-9.433832056911251,-6.02220973949993,-6.882627149725834,-23.42186879861826,-14.090390005432882,-12.746682773366938,-10.712590508708137,-14.566592495252449,-18.765567951108792,-21.55005574644338,-17.931477226623585,-18.10129466825505,-33.038799862672676,-3.275783519428108,-3.0788598260047246,2.086733115984628,-1.9116781822678346,-12.267248369531892,-18.55833365804539,-12.590277281527337,-17.89915881903342,-18.305314005057262,1.274519541278121,-12.618196846962697,-10.94591553369253,-6.212298869950381,-9.92142811363063,-7.949849027731433,-8.156215414495732,-8.837103057698139,-14.54695275226017,-5.424204060807824,-6.117024674829912,-3.6841424670888174,-6.266920028078346
12,35,6,-14.086467160298142,15.786882755443125,-24.356041582392105,-11.673692350014583,4.5813827166822145,-20.290376641583165,-27.763601965293663,-17.054407609990104,-10.509186205431453,-14.27348440612962,-15.122647378048514,-17.620297021618697,19.124475829848432,19.524845789481947,21.64150819159182,-14.2014189524258,-11.727677206094258,12.32360143382556,-1.2565567981928765,-11.485629916100244,-21.328916461155142,-13.647715210982764,-2.950491891310708,-11.34195810217955,-9.402360455928054,-13.835288924051497,-23.834403608800702,-17.551711984546618,-9.697183435794154,-10.254704477486944,-15.082891855752331,-4.63150372353337,-12.257371675098176,-41.07253767877091,-9.887799270769086,-12.524747108586318,-11.427608399095426,-13.243321293783255,-20.23422597112452,-19.130227434891832,-16.479163901562362,7.8767722873925825,-20.735659487727208,-22.194238566407343,-12.163180359945883,3.6956414827486395,-1.6029671253863638,-17.46949579948331,-17.08966731452723,-7.839595476880938,-2.225883732322693,-11.57780713722019,-14.778541942558645,-11.043974939172246,-0.005760048470663054,1.408845576111275,-2.530288470681847,-14.003854824797944,-10.880928924965966,-11.717539313731987,-21.283881254971217,-9.938577498014014
12,36,4,-3.2287468684201177,1.455717920405199,-4.665988112958831,-7.823444674904577,-12.43232119551338,-11.658674967270805,6.2434080316367115,-0.6948220821313281,-8.683242647171802,4.449041268583841,-2.303443864226433,-6.292985487445375,-3.5982688910004157,19.813099652755913,-27.684870384122437,-6.247010643219169,0.38712654589879647,-9.070891712065329,0.20973723856505166,-12.316859631344865,-2.9562308316050836,-0.5292856990382416,-1.1783941952432149,5.465569182537588,-7.3919150096296224,3.907485533585181,4.3286834748734435,-0.22124045559705108,1.425796964149015,-4.750138374556581,-9.301625360149844,-2.2354782041525705,0.9919414122975092,3.902846340348419,-0.7356267386888402,1.3333922844584576,-8.964653583482002,-4.895428208787586,-3.9762771349491146,-12.245514572370892,-14.535449595207627,-10.995830128389622,-0.8002258017204871,-8.482412994180512,-4.140165975396862,-1.9138187139817489,1.1581351035160992,-2.519863953609473,-4.415576712546369,-11.747818410964445,0.7437548545166486,3.648625855987164,1.8446015335801176,2.3136745930717484,-3.4454702826262187,-4.434609685763262,0.7339876679130053,4.161314173067761,-0.0018455585146835984,0.7249663163987343,0.06673957114448786,0.3088753906919095
12,37,2,-1.9761718818463563,-0.35045963120873935,-5.893281338145821,1.0705507119291287,-8.756534374443952,-12.993247040365704,-0.9476183519596464,-0.8427918586757879,-5.807264456616308,3.471101731766108,-1.1589230283436074,-11.361260671918163,-9.623605115787786,6.819700968928818,-25.263588284187758,-4.556737247425724,-2.815706540103548,-2.3090437921899825,4.195870039734716,-3.8085455093987117,3.6466960809307105,2.103393756704996,7.331028170906366,6.953921624359945,3.161105670773128,-0.07061183461124237,1.760518652977559,3.742328307023499,4.484246119445118,8.436433974361023,-1.1860208323185624,0.8417257365185702,-4.065222491852359,-0.5180310722349617,2.913466847291576,3.410286596590062,-0.09710294654502054,-11.162478893813558,-4.051684081736136,4.1494485442413085,-8.46110047439253,-6.182323157242158,-0.0330010846785336,-4.031062648733851,-1.1310794015426362,2.7468728216523988,4.7679998370387215,-4.067489444670017,1.7406219837323946,-33.667821895058545,5.957901399173751,4.219841348870499,0.7422126395877716,-0.8151083022992072,7.346833521568377,8.444186937245659,6.246079430120383,1.5758228937913543,2.2954801256518538,1.6840414473128216,5.926918719327308,6.827698384298059
12,38,6,-3.7794630629544326,-9.741321088308926,-2.934985750087922,0.9470326157695648,-27.13364846350215,-18.505381025010482,-7.981573452900456,1.866975837154314,-2.5200746315900555,-11.56003410264668,-1.3056497786466679,-3.353048709084892,-15.297120725111366,-5.373472096443902,-27.989464604636513,-11.371284972024492,3.9741956214306944,-12.156063648883443,-8.152928807227532,-11.95784640523446,-4.453048494076583,-0.6481308516387538,-3.3130614294602365,-1.8626527122517178,-4.135847073548088,7.21675474898572,6.903653098134011,4.864904744255286,2.507871967888007,-1.495873732265176,-9.32871474912276,0.3453316005690752,-7.953236912568835,-11.803400190001941,-0.908258886201444,-1.918192444096615,-14.845829257241844,-14.700404516989128,-2.2068803307554887,-5.053030313466811,-4.283753563331941,-29.19948637848949,-11.853736202118965,-10.728357836513261,0.3170455333453077,-10.119957080338056,-15.331870528051583,-9.239760996160532,-4.578454283315962,3.706057521628169,-10.825212119760492,-2.2611054429357074,-5.52169882283523,2.5093973275819215,0.6528291016839802,-2.096921593109826,-2.4663003892410647,0.3397907179712141,5.32795236375262,1.7288322614778475,3.9173369319064606,2.5876273861745487
12,39,6,-8.190354172333437,-27.996286486707074,-4.124824160210242,-6.4409173881498765,-14.677899624016593,4.701892366496536,-2.7666557430766696,2.5178245265582,-2.81034687965563,-9.242314496074757,6.143195403330935,3.3892100159953324,-4.426738539699284,-9.087257336507115,-7.746916843850804,2.241120242809017,10.40524037182331,-5.231405537706097,-4.644157238687933,-7.504831660289048,17.89938213458148,17.2904335557506,7.241155750458917,15.644529647012122,-3.4077583593657117,10.6289416158163,23.15323374179624,12.678788714565147,2.9127378432426534,6.190805196028806,-10.049775055598282,-0.15470308728697635,-7.617482801899314,15.744624339771,-5.401914048076767,-1.3701223550228108,-13.494676559959068,-14.745401844564011,8.620371176577292,2.0636803488724103,14.853708694688976,-14.57525572151218,-20.984402300290217,-4.098552221466402,2.0079004892443355,-13.610770271000703,-12.319619599423115,6.452294116499045,8.838539839245191,24.73399086260213,-6.236426091230498,1.5048403794672813,-2.4911860498349845,10.149654707894097,13.01433200880932,2.5905390600333087,9.171723664068143,14.996525261641992,17.409139696781224,8.295159591713967,6.713614511508041,2.5151109920833083
12,40,6,3.630359766777696,-2.947765687503282,9.28254191938606,-4.060035496427702,0.6433316274864105,5.637143687867535,1.1239542000722593,1.8709788213245477,22.43002445255293,-1.9917453775159668,-5.384713995906454,3.340066580788983,12.13965576634992,0.524334691192319,35.65060462602755,0.582979884646015,6.869274160024011,-0.22528128325371322,-2.0693687891428607,-0.6985511270510715,3.766544096901583,3.2619080796565214,2.6146409670061384,9.57193352350193,0.07397434376634486,-10.901975898390143,15.198547259313843,1.9918634421880672,6.3794068671399495,-13.24090696794048,-0.575791475175677,-5.0434991230438575,-1.8254969462393142,-8.174806003106712,0.47134834560906513,-2.6236623251958355,-6.042831204250945,-6.317133833870023,4.407360170621472,8.662330542032313,11.71388609296779,-5.289738965289605,5.979892356659099,-2.308740415224215,0.7192189469024903,-2.9429242798672415,-2.7747290611647593,-0.8627012044463951,-0.026899774127253293,19.515044929063603,-5.340251831865939,-0.2531628695021316,10.699768360403203,0.8575310547177393,10.345503896088681,1.6574408552473088,11.417377694703005,-0.23980567239724607,4.5642838577630584,8.765302956490439,5.677956739420686,6.537586281087436
12,41,3,-6.153185993695643,0.9068725798619772,-1.8784748097291084,-13.166974660633807,2.3307523440751368,5.177825175907193,-0.7964630352458124,-4.974560035531771,9.78691660567392,-1.2517491239350198,-5.078076088841488,-1.7007695482816645,1.8066620703832044,-5.388544213390206,22.524502180562155,-0.511807554571821,-4.510943592134178,-7.248264197578153,0.9635415524244308,0.46991152944406844,-4.351723477729916,-2.6544934124345088,1.6719947422332162,0.9610765785228715,2.906682875268615,-2.1173408685206647,6.094557586080603,6.305411440206739,0.5012819210021959,7.184840727160208,-9.555154821199435,-8.366327753852737,0.6662832035842091,8.758236699697855,-5.42949216608412,-7.1989690916749085,0.46520497063856203,-1.1054437218642816,2.096049430144087,2.6321316911418693,5.295705416080791,16.54579399796431,-3.1846850445187407,0.7378305093422195,-5.850036933018664,-11.73084167075604,1.8122493406962126,-1.8260700526056668,-2.9468386892638163,12.671629748077178,-2.324486756846367,0.8333617091724066,-1.5822824990921995,0.1708708026037527,1.485567212647123,1.0351563103769619,5.75383988940498,-0.6058471891574735,0.08740738853272828,4.9586155993137035,4.02552593776831,2.0718758255072918
12,42,3,5.729244995084254,0.5706255408628598,-1.8273551770622232,-2.3109989097205603,8.121174985224881,1.2682075028012445,4.473058933244518,-7.372169958586554,-7.018364768776272,-1.743660046968882,-6.609946773387492,-2.94281469705719,-5.529751066410937,-23.557577075754725,15.658413566467233,-2.3974919602723492,-0.5592487760842213,-2.399990631426434,-1.8508756290894086,5.15411931598877,-22.011540164807574,-6.250592179846288,-6.754583546948595,-10.807536045248371,-3.582804840909911,-13.757096662651747,-14.666783960445269,-11.298414547816945,-9.593431420215381,-5.999018019428709,1.7801499566426737,-0.9268957394112761,-0.6320138175818479,6.186305079472866,-6.867698290396666,-6.087988561428175,3.2507503808919,5.727989344301109,-9.476229423407194,-15.231535761600083,-7.307642561042819,18.109115114270864,3.0488125939126594,-1.3663132946892844,-7.516924701278982,0.058392399178090415,-3.1770794685736945,13.172604152518206,-6.489770082575151,-13.67515439157398,-0.35803569314955946,-2.6434579154521947,3.3505626807682116,-11.036504167518236,1.4594974508281877,-0.16710801316970325,-19.11553447181359,-7.826394210654741,-9.95670040115351,-11.380677105563622,-10.770190683920397,-9.096540123973854
12,43,1,-3.554219664608284,-6.308006994028741,-8.713820887116219,-0.714280543530861,5.494226021124279,5.626946696063232,4.979106539814938,-3.5107182315209986,9.353069522474868,4.93967119967792,5.1708137117008235,0.5046191819852627,12.816245475443921,-6.198263284880898,18.645526013564226,0.8276775908718879,2.728488808656792,6.564431273832732,8.445421596171288,13.06191648256669,19.286177852986054,7.923711997468209,13.335894556943233,15.786094740396603,8.685307358437006,7.961832649821252,4.463097928637044,8.878000517353055,7.711830084598284,9.156006851730433,-12.714183145725144,-8.869952462727158,-0.20529187904534685,-0.9925186685854333,-4.558275228787913,2.352321916807829,7.107723078304308,4.52048332384992,0.7440371807883264,-6.369618708029295,2.7736588461131495,7.215625467233175,16.180038923749745,4.578719768551086,-0.7787237044696408,10.853068391156453,6.404996251051384,6.839694596188166,3.0456986796570824,7.296581800971693,4.5950307112255295,8.46858807921796,7.987282979875663,2.4505035169309073,5.801993185745145,9.15221458686539,14.45817173349603,4.611472213777104,9.359815597261594,14.971660739583223,12.31350562012778,7.037730571609444
12,44,6,-3.662644591057539,2.9072054161309686,-12.989956232151254,-13.550692448889397,-10.368147902096986,-6.532959652224149,-17.613331882138265,-1.4713462409109053,-10.496583261484528,2.432936920003582,-11.83792243746291,0.22967189368678287,-14.216575362038142,25.881629730506653,-11.20127366748979,-6.515350976549997,-7.520590593317164,5.461448199853943,4.041204783940546,-26.85471940058759,-6.9481742302432865,-12.428149831095125,-8.251333786856112,-15.8440995556416,-14.618913027753193,26.229586348301037,-3.244754346087575,2.4784481590954464,-1.6066582981218787,-10.386043213307858,-12.197255979149416,-10.13072715308971,1.33429396814786,-1.6200828973044907,7.131129696942506,-3.08617055176462,-13.84219504381167,4.203374453932442,-5.557198595066792,-14.888053989469467,-21.398344314021116,-20.66722620246795,-18.458293815654496,-6.4475664321628505,0.9923501234365306,-17.696007436788758,-3.994218756984238,-7.075670016361631,-11.28225105362604,-20.522231282843094,7.7075616513924095,6.698542417231494,-1.8683284407456,-0.5794193463559034,-9.479634059683942,3.521753721160628,-1.345278880513477,-5.067803307555661,-2.1934809461974245,-5.219805421625695,-11.123818919426064,-1.1237308704478834
12,45,2,0.21817291242768988,-10.115680298234173,9.826630010150327,8.567081520396355,-4.382925362666934,-1.9806804361968968,5.525609079169157,6.293204627965193,-6.916386693716049,-4.885694707675677,-6.626771830771931,6.3610607890366815,-7.396482611492441,-13.805603946854431,-19.008643333448052,-10.753753301392239,0.33399275358817443,-9.369902901737609,-15.64765617017429,-24.107467189692436,-3.854132595472038,-6.681140113849097,-13.473671540163647,-16.585541052880092,-11.845346898487888,-3.596494965845852,-2.0264446186810394,-7.5104736821816775,-10.507922228834616,-2.7992903053783222,5.997311453846077,-0.4596261109634337,-1.7134062328216886,3.3432731320854376,5.911854971245656,-1.1406822944196264,-7.024950687569088,-3.0716799117579354,12.515439225338032,10.444330117710656,-0.18458190064581775,-10.368025771833437,-36.53065766212419,-5.549942776129197,5.219738057945152,-10.123690403944654,-8.380843692487565,-5.337837447298738,5.242719207583674,-6.9379056400006185,-21.482667333276066,-14.70062780452939,-14.822502549601394,-4.985776656432214,-7.031389025516996,-15.608035407596962,-17.309538153568045,-0.17387092143024685,-8.49602718574062,-25.439523981884122,-16.606448932391846,-9.55552981394093
12,46,3,-2.3282115374075643,8.028416302679782,7.438462900883728,8.010137594594598,14.467151019267927,25.461245119480843,6.1661681410538485,4.054604186693476,13.506997256034355,-3.6732839901091126,5.03446507774771,5.134091938553355,16.945755123774077,-2.6482404988804253,32.19810193344359,-1.1788745583035052,9.05344733364438,17.074148390055985,-0.2625971231609583,14.769701761852321,-7.187440520493178,8.60081584981029,12.581500277019718,9.337955245248427,7.294011399013608,-3.9933843976113828,14.17160329700266,1.4504846630464656,0.11024100597232334,-5.051332205386331,4.5202219907376096,15.162904193874734,2.6201818779922954,-7.172132406633617,-2.608160378229691,5.591114082532687,20.368063192769153,-1.716338874931197,0.21609137767766856,18.13281677109076,20.556239325644025,22.784588127487844,2.165936580268533,5.918613616700809,-0.295749927132686,15.694191523830453,7.179198774122967,-4.177696624180166,4.020107222821779,26.071263795979796,-0.8026696059443958,-0.3049313160363678,-5.954513670973163,-0.6528165080448294,12.997650285163427,5.410724729163252,9.48194317399274,-7.264798503658711,7.627511309261051,104.39796341047064,11.167037978690983,0.31038804314803414
12,47,3,-0.26529384736062595,4.364141029324213,1.5224111608979174,-2.7752937421411352,5.750742924331528,-11.255941264865154,2.072760774651769,0.4045330174068539,-7.181760534621416,5.344263181998965,-3.945896906198981,-1.3395778616981175,16.0893281505148,5.0295773195855205,-2.4245771033598515,-2.9641861918541372,2.49979864696904,11.617061239156152,5.019199170433438,0.13457467010608304,-6.442678633384501,8.699844428402,7.80054361941066,-0.057204140815883875,-7.826368839491345,-12.391171025041277,-3.719692959790914,-2.9608278920556024,-2.3255864630067147,-11.546238726078787,5.177193104380335,-6.6699150262298295,-1.0263077553373003,-6.626080740992792,4.728147416091641,-3.3825778293923072,-2.0059369469243222,-1.5016000543198575,4.06259738356329,-2.8256338746798013,-10.958046615816558,-10.042599318776185,-17.39148047971879,-4.769095375409875,17.959902367759025,3.7909451706743797,6.47203911495503,-2.837613185328181,-3.4668038682160325,-2.450490903041166,7.99019031098294,5.030963524449163,4.383447847186401,4.500637128863984,3.690138534392888,3.49097740363966,2.3358887282097944,-0.17036938031272214,0.510564558190952,5.21269705943854,-0.4596260936885348,-1.8657707786414632
12,48,4,8.529769920839124,15.627017829788661,2.4147087704140424,21.998402008582378,17.967659560054916,9.690736495798866,7.691444541577518,3.050801385006664,-0.6878569435964265,11.315837778071527,5.5178729060564535,-1.7027330569427446,5.549045293228469,1.4555958071432542,-6.910116807194198,6.087369203238133,7.464663245351749,-1.565428078668646,4.574923275470185,2.4354355655974014,9.247610957841626,6.52990478438485,7.747350818647932,12.966574813579998,4.543586579088982,13.513709320686758,6.648754282763634,7.831736854788636,1.2232986954608691,11.322541686865245,0.21797065218774292,20.060869265174503,10.549637137889496,29.622647775382546,5.056717242648053,12.787251448985653,15.742597557084705,7.6338274401765895,5.791977430489369,-17.310258729076686,-1.4566913069134984,1.7108864033361897,4.771046297147686,1.2059596822889551,8.615361172419112,-1.201527018531613,4.262259853751082,10.676336430490204,13.707536055138572,-5.237810261820148,-1.6875894140855352,4.327044228989084,-3.423858642149377,5.496539195431632,8.161503551800445,8.875413224325374,-5.531689372072677,10.524266851316325,7.699930839939043,4.639214637075981,4.313316332403476,2.419508072717976
12,49,5,7.053358861790381,3.733441887241673,2.3232057989552257,-25.285511760722564,-6.04054740080383,-6.382280550806258,-2.6785868773032453,1.6507496028661548,3.7351610592521007,-0.3062839650480851,3.075855611658814,-0.36208911134475175,-9.730091775131482,-57.45588389838616,7.2390700744283265,-1.4345655164073747,-9.750253922056132,-3.065734492773872,-7.3555051239900155,-3.9639143535651558,5.12709315148432,-13.113453291805184,-11.976141990639457,-17.398453978901138,-3.268578236445605,4.672270582863928,-6.370309694692853,-5.0165530004107035,-6.430425403094515,-6.288658149682393,0.6129766713157752,-14.874191094718013,-3.87332145125242,-3.5634769870013683,4.614000393316241,-2.6826066683818808,-2.218434068919503,2.8608723573568398,-18.434309815831778,-2.7043195006625025,4.50289559655073,-19.71142506764112,-10.77702519255576,1.9272011693967388,-13.538468710209314,10.923494859323156,-5.824228486350016,-11.430924483194456,-0.5420108427997763,22.97913517675749,-8.379453135313605,-1.1814069195889028,-4.516391837898437,-8.388280631769907,-8.136491530041047,-2.6060198664483494,-7.770294006858534,-7.783398496097792,-8.153185881492565,-7.588535204143603,-5.06849006602041,-7.295090250943493
12,50,1,-7.0739845448491625,-8.5721884245371,-7.151666857722422,-5.622240011739295,-10.285497726645415,-5.139312688295346,-10.952539348088925,-6.940138853995536,-7.378047955245139,-4.898714868681191,-4.198259148042555,-7.897549690599217,-11.961398494167952,0.999799807825716,-26.499266737640458,-8.877701306579315,-6.793188792676093,-12.704694064879206,-5.473764644180448,-4.5235802401474805,2.7532101310562442,0.9838090434829454,-2.5966951477046036,3.893361402584648,-1.8738188825593114,7.377500105558371,-0.009324860463781365,4.955341696546118,-0.6163475797341259,2.4939165080971337,-4.967047120796564,-9.44937186229906,-4.129105178412144,-7.3783892668760975,-3.4712407857338654,-7.287695201295547,-9.899180234387147,-3.0489305766617343,-15.12186783430644,-8.950512723122701,-8.311984624168499,-22.99553054752872,-7.070112286408141,-6.527680034557554,-2.7572215175506,-8.752780143807572,-7.394881384401794,-3.956228724340116,-3.274742781088076,-10.59099373847768,-3.1547641092457086,-5.9515219696274935,-4.294430891494836,-2.9251343230830433,-7.389930335850245,-9.847070309242651,0.8108103946759945,-7.7982471904762765,-1.0602862772236525,3.2162618964865133,-6.915337480001274,-0.11382255696396426
12,51,3,5.171281382509668,9.380462244948053,11.274211516876406,10.789173080881197,5.734667946402796,2.46876117358802,2.9784745433844795,0.028968642908715786,0.024160931321291323,-4.033236908686644,0.7788459074842481,-1.6650970015879265,7.753186685351154,8.2882114782725,10.530713688025665,-5.05076757848558,6.175947950923642,7.07729644953023,-0.5759094380489671,-5.242782349618742,-3.141398479577108,-3.6679242799348177,3.0317010958253108,-12.082489445476181,-9.729367037735337,-11.024685013039806,-4.342470432415878,-3.2028709185287005,-10.475123343444087,-10.19283597281475,-7.762085898093622,2.6689461021366117,3.723758965480798,4.374578207572241,2.8529844908668442,0.7879557709959217,0.23692775136086996,-3.519212836621149,1.124986534898464,1.6273640308347415,7.87954058977434,7.289633541833609,-2.5840416237450667,-3.0235982487977657,-0.18198635045825226,8.975259349760943,-3.2503079302011293,-9.872478470394366,-5.6802363686899575,6.980176690579727,-5.0197216539484675,-5.122420309315913,-9.447732708541816,-5.941194374682153,5.963480320543318,-1.5893065696014321,-8.654678621908603,-5.151481592755128,-2.741559446902899,-5.766442877990079,-10.656671485568326,-10.799728179986518
12,52,2,-0.5078594468934341,3.4956293240439438,7.455418510907666,-8.191352871996234,24.978755819832717,2.026836518509875,-8.886621569442307,6.311129336594604,22.87980757174422,6.9990157555141375,4.20709511639959,9.06490827073406,16.42720159247131,-3.790026637271228,38.938902809125615,-3.4637321158107843,7.800766976334422,8.996394823961216,8.574333202181862,12.92606512765633,8.600259588622466,13.688022846674057,5.121425830906757,0.7364357845039996,2.7794946620308956,-4.646116562358035,2.6985214139993583,-0.13617159527294845,-1.446203598434606,-4.361545437248424,-3.8000635219079153,1.6259735288416448,2.651400606693111,-1.457727818942922,4.814476148679666,8.75291066927972,22.556816368639222,-2.9834003406236067,4.168506800367426,6.165451789467887,23.511484218806768,22.95601089398671,3.75946937825122,-7.373016888820903,1.737099388607907,15.297419855382483,13.877572625355866,4.716656945083608,6.734990216496329,15.918794318699273,5.102317064909671,3.934541145884772,-3.363203552415276,5.514969709244126,4.96780979163411,7.851402020257211,4.928492482944689,3.7261817922770284,3.4938891123094358,3.9034952509625818,1.7411234056486222,-1.9830274586565793
12,53,6,-3.5643281803875224,11.167278216561161,3.3016467646400387,-5.0135275972155275,19.73154927026935,4.495201549792331,-4.643301906842147,-3.6950474157475104,10.499140958142718,3.4994342266922684,4.5248780925417424,-6.530789629488091,10.099807604460233,-3.2344478914718606,4.891088182183276,-2.502739789554985,-8.765045902282909,4.236565209414082,-0.7823811393662736,8.713504901337556,0.9248605235153234,-12.02852145234895,-4.511554622812558,-7.338406191752631,-5.974764291708151,25.181780930699354,-5.487012225010137,-10.218176615302356,-4.171814509514127,-9.906157949030764,6.456436139872161,0.6415702783979658,2.1605262667531284,3.49653093298761,0.2756004068551866,-2.55959413000723,15.220942812936284,-2.1639055985412208,-4.342554618212643,2.278242189303699,-3.4301074447178466,21.77587635692483,-4.263582932467502,6.13597329929982,-1.913801879795245,21.025885381622285,-3.3712515905272333,-6.02841213834472,-5.461022670254417,2.016803830751309,-5.0636192511131135,-0.9423554865700168,-1.8595177670230914,-2.953201232705174,2.60290181893492,1.7511096221917293,-8.786425856805243,-7.214407637488192,-6.051060386547227,-2.662642495524956,-1.3100193331824475,-4.802555701638596
12,54,3,2.042646009032046,6.2536260779583595,6.664942999376078,-12.686840917892386,11.746309950470737,16.769735316019037,-0.8404111406743188,6.339571330719056,10.678489515149012,2.826640918884974,-6.546826736109259,5.194350936756719,-5.16775459984726,-3.905707456767786,-5.234784852242005,1.6641321145679526,4.349494490859088,2.3052852863400473,7.398875904280879,0.0053302079280152515,10.854951898283444,4.2968410643090165,6.681093800452352,4.182289484661165,0.5514998915775626,7.267410903680711,5.046183185788188,6.829994819058872,2.7270351067957694,13.762414309809492,-0.5376413085713704,5.9257809525560114,5.641462654488662,14.344964342555265,3.735097819950611,3.136451697763533,3.7327213526757372,7.32261355535877,6.415690386349836,9.439368699592817,18.74969940264596,7.730471150040987,1.8103953321214503,3.8202382975382845,0.6585259378693211,0.1912099645450347,0.17872918888971867,8.086534807106434,2.4050891326240667,-0.05785305736722712,0.6760925217190893,5.74139709043794,1.7544510838513205,0.4988886452416277,6.348310363183658,4.627580857358689,12.72370600591346,3.7073343456609216,0.12756738088252606,0.2624369780646586,4.992775526897213,2.952434480712725
12,55,2,-6.075689075264808,-2.9514525761691535,-3.0161653895487603,-11.484664985864635,-4.002898817859229,-10.777665611719948,-3.7964566055253672,-4.746539863258053,6.352330199329229,-2.423367811863812,-9.83465694711066,-0.6482151953685213,-9.998638580235218,-13.465514151457553,-4.835173353711826,-7.281269522792683,7.733930453930689,-7.678500256932723,-3.161982057593404,-5.162310550648084,4.09651283486945,2.26209139741571,1.3212654634901293,4.154563819557975,-1.4523301955153485,-0.04978816027230665,10.39482016034606,3.1511950824954877,0.5097893048304979,6.408476677865197,-5.6566779796238515,-16.720056673012134,-6.979856452336767,-8.328253375190288,-9.088133800879865,-5.6897507710155235,-2.2266169064564694,-8.639286129462825,-7.354026063122483,-7.545311936807658,8.36159585127834,-7.087118341428472,1.2826434004052376,0.701003419506512,-6.892170992398795,4.283825194463134,0.7075008770859832,-9.153394378290127,6.640571370732224,4.996643552369233,-3.973681554788857,-2.9816643135031575,-3.332292429603091,0.5316453131211052,1.743836982187065,-2.629270608786768,-2.4031382043187217,10.833314927885448,1.2111129079968084,4.687814640721713,0.0560748600400984,0.2212867426754137
12,56,1,1.9986346686122618,3.594961239343009,2.553619276573201,41.46779663263389,20.424976633644444,18.39735226494419,21.066087645501273,6.6023917952779545,14.4895759394347,13.305358478844884,19.393966394148638,0.7024065624445508,8.641612031491379,45.61239929897031,35.061317130241825,0.6001967616015813,6.576562317423289,4.227906132094203,13.94962554618081,4.603226186366892,9.857271477716367,18.26244453708755,12.920233342665941,8.244680369999713,10.593159522906666,6.458357554052609,22.717313450577993,14.711663290880994,8.77237337595988,11.333905841496474,0.4247204575392338,1.092031759516587,7.675382139084568,8.285910719256036,2.5289906846450236,3.483460318410722,27.513809931805216,7.225312647111595,-5.093055550258878,-5.6375101983047475,4.016630988477204,30.808356661910327,10.438911525490013,8.090327041132783,4.426869251356437,8.125894149038487,15.033010894341814,16.288126651879125,5.693547252293036,24.354558190467166,12.23402824511798,16.732769216371068,4.911557932241634,6.120020545214111,16.0159225722366,13.279065481750532,14.139082638819403,8.345402787916552,12.725639891399,15.900397693942764,18.113210744899558,8.528358280993764
12,57,2,-2.711659560457053,-7.939883886734256,3.6477325626247197,-13.983094341144337,-8.758051246927097,-6.457346237718874,5.25326581763263,-7.61846880643151,-15.799624700349103,-9.953468517092249,1.3747911031085356,-10.11305100116425,-20.245135130315287,-27.035348847962727,-13.32745046352274,-6.839643916739836,-5.637720902018798,-21.354864061832803,-11.774212521773462,-9.757872137672654,-9.404071141806684,-14.679521637173691,-12.736140298838846,-5.9231685332317925,-3.2934344050008804,5.195492902725209,-6.964649323101449,-1.38642066265116,-4.407646610242562,5.001421859783191,5.096274733015266,2.880520514598707,-5.275711810264577,14.22648581962397,-3.7874520679413335,-11.791412540927254,-13.86272376930204,-3.214993624686741,2.649601370351752,-1.2649588685301012,-22.924522486401766,-9.888469202148658,1.7347397847532666,2.913643778182519,-8.491455455446934,-23.42970203880858,-12.557592232779761,-8.353425641930324,-4.406812461973285,-15.785150832110432,-13.391366909848667,-11.812611218519143,-6.668937495069172,-7.265160784872088,-14.941685003978082,-11.834024805104265,0.12478220035753673,-7.2474003646795335,-5.6863164982372325,-9.454744194089091,-14.75423750276792,-4.275756166975308
12,58,2,-4.271711063843855,-13.99793892534359,1.9000527552079152,6.406740644475351,-8.246711361801205,-11.016413632734892,-10.932486707344651,1.2794410118878614,-12.037896761966008,-5.588299343118259,-8.108803782237286,1.4315359397768619,-6.624475343720768,-10.978604696827334,-11.703781871851994,-4.470880437753069,-3.2889047658706967,5.089798386685733,-4.335290341771478,-4.597992804083161,-9.24252085906181,-3.0481847226051855,-3.9164310463692806,-1.7340655960596933,1.0842407923305362,-6.087537711611156,-1.743390290202892,-1.5741332729415225,0.7964630417238986,-3.0526217112953717,7.257058013423637,-1.3066147375715573,-8.203656665140354,-5.609864670431194,0.878190477730752,-5.987434710789811,-14.04484496919848,-3.411302043045529,5.833447889368074,11.56063238765318,-1.6916007046565071,-13.830144119130937,2.577801280836689,5.603725434144642,-4.323058172706909,-19.79944752078367,-7.675053586251323,-2.01936573974175,-0.9132604014083017,-16.51454995186408,-9.22943764793255,-3.184423760471233,0.5937077597680886,-5.092149600477483,-9.87573979037427,-3.898485322982622,0.8407313958798506,-5.954193468221951,-8.632380085202248,-6.508069860885231,0.7406493916017243,1.4358043919584338
12,59,5,-8.770671045930102,-8.65077252020469,8.400858326991113,14.800334781124375,7.948576541662934,8.594470095587894,-12.334430418738235,8.601009603271761,13.334011040798318,-4.336887380406375,18.443668348317193,14.31446198233198,1.2179643055196958,1.5685292310251806,24.354840688770874,6.38324543767859,14.576612442121373,0.9086887014620944,3.4350457998197053,7.655405401151404,-3.7701340500583345,-3.779007988141442,-15.429988954852265,-3.9791803156911607,9.89730936296216,-15.904716640619979,-1.149653052729441,-2.2627740578339792,-1.6751801777494753,-15.754720121167788,-5.586706609663937,16.2481140784533,-0.3040844583969067,-21.456702959428473,-1.892266038623525,5.96238472144597,5.360759535281942,-4.096955288837595,4.63650955343846,5.47839968080814,9.812893693437564,-5.554261672696689,15.60977146792703,-21.264250068127456,8.685876141472649,-9.043587401549036,7.9555080177421456,1.7661101860391721,11.063686321285083,29.751281137873463,2.619246428309964,1.7475870477621958,4.05682474012464,-3.222944741841497,7.551716678980284,6.620919108879179,-9.290838529821485,-16.656393033622695,7.337816254839169,2.349776853582953,9.296868189899596,-1.2076535744637975
12,60,4,-1.5801251704872767,-10.709708331266372,-4.446959804164293,-13.419054652859527,-7.411529464783457,-16.324014214253634,4.823055074391204,-3.6759385467484256,-13.578620269303999,-0.23718477408515173,-2.492745095398277,-10.446500126493905,-0.48162961292375983,32.06811594617804,-15.614941651739807,1.5292119227417902,-9.15392537887504,7.960821309876512,0.8070729825185705,-8.042868995834596,-7.703263798433285,-13.147044208866149,-9.607795549928575,-8.288181924749527,0.2577346416045462,-6.5968718938302375,-9.571857597508538,-1.1582909869456022,-4.789573682244961,-2.2627234889546477,-5.36740440009276,-4.9238701776555995,-3.2095580683884855,4.990858342907415,-2.742541214167259,-8.9755753010693,-4.551904237942723,9.479554106390514,-9.961663955095695,-3.4616885703829334,-19.57064791895994,-2.0464382515794313,2.593012425906548,-38.95244116390624,-11.511139281111113,-2.5430136152611302,8.623274381658655,1.8816982639396969,-12.425676420069767,-13.204606585437432,5.808326230594527,-5.773340595005894,2.0070029564532628,-8.099281076909739,-7.443679262747675,-7.513010283142735,-10.242160604241672,-3.338899378488748,-9.65026053500066,-8.03541513774317,-2.5928817819576815,-4.438852821908344
12,61,5,-10.7734731054615,-11.733150740313091,-16.333688632326716,-92.61968881764055,-24.017283097704546,-8.312132088305635,-8.255842370253694,-11.11020884070569,-7.449371934300519,-11.162887564564985,-8.773780728271513,-4.3475099078311406,-7.634977753965532,-14.42777045729866,8.516813051341687,-11.116668372346856,-0.7329890719819347,-4.411325213623595,-7.672689660213794,-7.92425983082844,4.9136479290929165,-1.1811414854941735,-4.110202930935815,9.069092441918094,-3.3327390842548583,14.168068152681995,6.391230332960445,17.021393950142688,6.886229794074943,-4.391828792305982,-3.2924315315222654,-21.042487199372815,-12.239687129702533,-14.166530225357809,-7.579109311176932,-8.470699183733727,-26.091270095024203,-10.3704611422017,-15.347031169184831,-13.779049673685568,-2.2246744702002266,-17.50598992925228,-29.84711581832027,-6.490216726573502,-3.078864140822212,-14.5863543115102,-10.977049985491647,-6.853751181261384,-5.20744268700662,8.217346617633977,-5.85982093996533,-2.2905797015587384,-8.01960983928066,4.403133936941895,-2.4081018102105443,-4.475641915023828,-3.663575870266026,0.8727886019524465,7.423335988949077,3.6305662997566697,3.5389158192385968,5.82196577145468
12,62,5,-3.484564308917557,-2.294713309727518,-0.2938791080945875,-7.259581980363629,30.065516124774746,-0.44680828128078154,-5.198113766669227,3.445175392249396,15.59174564174127,9.325280664795326,5.660289080420977,5.855207045857864,8.710959883523174,6.800878627271185,-10.391255427856091,-0.9407416467963747,0.4662878811472986,24.1072524046389,18.766482386067977,3.6223497472976045,4.5344514300175,12.430606350989825,13.30053391954834,2.836745179008419,-1.7374575006798272,4.397411836027284,1.8834258155306653,-1.3192809608015352,1.3182905542823238,-1.9947497427872416,2.596762527348247,3.934735011536536,0.22191885970078573,5.774174875897786,5.231291816047416,2.158659708134621,31.41574196390263,4.851968869067179,-7.514067891882966,-6.277125388588303,4.727679740887407,25.799510369849635,-2.6996592006152023,-9.750603720574166,9.861101695586267,40.43982022909858,18.055311418638173,5.890782648106898,-0.5377635248743633,-0.42615728082260246,19.47759436328737,7.10957702297842,4.517495810099673,3.7336862750760282,16.208944348936413,12.802580731205367,1.5254996750992147,-0.5099536595332268,2.648969372825288,8.550736883183848,7.920075610938772,1.2441014973673885
12,63,5,-1.20315342899639,-9.734423369214658,-1.3900991481751546,26.71150258252192,-10.551056909056877,-15.912419192311235,-13.082550545154906,-1.951522159380923,-12.5359131604115,-3.4090519479884787,-2.8777942854752077,0.5072569278773003,-14.91862370289874,7.672605353884585,-19.879143958638718,-4.982081345078058,1.2333440433324492,0.4196388406065734,-2.7573478799086155,-12.656932642229089,3.0287178129485857,-4.642914301306917,-10.786134999099179,-5.295911978657653,-4.1433303465657865,-0.4285633098901951,-11.899715208414403,-7.435804016484949,-2.838784593475482,2.134144737186458,-8.354693889035843,-0.298130575567484,2.5731536817805067,13.947632449792652,2.502221509087377,-1.0780762351890343,-14.55179845977847,-4.859485996818941,-2.6054173551823534,7.26329417648816,21.721154196040203,-23.548366129398346,-2.225571920527372,-8.811547452493048,2.519059115276875,-14.410865384073093,-3.230078382985439,2.3563796070350387,7.594455373746053,11.129241843832798,-7.44090677489791,-4.856768224615511,0.33567819923798453,1.2696317550612677,-3.384853136930161,-11.832769152169583,2.90240185649884,5.529595193793859,-6.549565486908077,-6.302078490349941,-9.317413863748675,-3.4320751991032097
12,64,6,-13.146264718800063,6.286635557209456,8.233210950090387,-8.639935021890643,-13.722726171109361,-15.39733750234421,-18.549463987611702,-0.18136272629404943,3.4067640072416236,-6.8042032262821435,-10.544370115393916,18.406794912306733,-7.9940037074919115,5.632188490796381,29.946228518718616,-13.927495508943124,7.232496844559186,-2.2104871347546577,-0.8602236141791434,-6.95252273938187,-1.9211883496183613,-0.4675224803206393,1.2580821972181329,-10.2585347653253,-8.286964168794814,4.598064452125804,6.263427028886793,0.38639334079287113,-3.5358398264591995,0.3955916959519788,-6.565750187262893,-14.488063168973195,-4.896342572993202,-16.04822412848745,2.9726597502282464,2.3242928827772054,-15.357413560524021,-13.864876917762142,2.5498733429647076,29.787910149591738,-8.384753923173202,-13.059813870811299,-19.464093812764062,-11.349702710126776,4.608227755102081,-0.6281878059877583,-11.078033664331937,-17.412780324468482,12.13084090578302,-11.27378175173965,-3.751986019506417,-4.989417293268005,-11.33827545166742,5.634097293621248,0.4576204696034141,-2.6092643845008627,-3.8019512038587067,-0.3854747816278564,4.053184130524355,2.5192192988243045,1.841837344702514,-3.9100305447354913
12,65,6,9.872162471359973,-2.896856735437746,-8.956841521464833,12.622861290486856,13.63493961613716,2.6726414807390726,-8.672245121583703,-0.8852019467385399,7.084514441502447,3.6855204090044404,-8.609344134379818,-14.5832364013782,-0.4194407964965734,23.44049310311675,1.5024386045931868,-7.8921898828603565,-4.02930555443802,24.46513222148871,9.65854861263595,10.520411324732725,1.8992394963506491,6.853439464892548,9.16015309222587,5.374710856539359,4.708334956840588,-0.8134818505836519,4.121975710229355,4.595397241953078,4.657008890607729,5.409313110213029,-3.3194746447999677,8.79993894123813,-5.462227790150791,10.190168742590192,4.500755063882786,-5.001615642127012,8.487789635217132,2.042595421418367,-10.05857311206779,-5.043090447130408,8.113931747653139,20.596668955574685,-13.18294428502105,-17.80213592785252,3.922726255387247,34.55771342137963,17.56667452885431,7.585526746771549,1.798390746888955,21.59547010594523,11.694971154989092,3.7511559616569907,-7.097791550135836,6.262103946516055,7.73209327055573,3.7028467846898043,9.889910228118842,-2.3779828647015298,6.933885900371873,4.416537451756569,4.279177549181553,4.387113693877266
12,66,6,-8.385208948038333,14.414527085825522,1.4888116627159254,-20.377409022074286,-3.356449138463998,-10.341741121863869,-10.450932954954798,-3.7636282109661168,-5.805777097333838,-9.703343749137185,13.42253508468771,-0.4010019621516534,6.736595658778503,4.838582206874515,-0.7504882396357828,5.188704689834038,-11.448929325666091,3.231869159981883,-1.5984332629184173,10.79566203532513,-17.898943817049897,-15.549819986971956,-5.581401641832711,-2.4703833812211706,-0.4248426897769296,-5.982816583073058,-4.394837277691539,-4.267771300723458,-3.5060116415048346,0.03793943959867554,-7.509091613978918,-7.327265424835614,-0.7578999816508192,-11.32326226895561,-6.5038225364689595,-5.301680376611244,11.620141393709464,2.5897342341656744,-10.588141157768856,5.121139336229733,-1.24509995878197,-3.4407552648335695,14.327077604830265,6.892031946378515,-10.406854244460138,11.969834040123505,-4.0138963377784656,-2.95157895880047,-7.87310219955881,-3.068308921025431,-3.2971845540110154,-2.9688590925695135,2.123568623065495,-13.232669189299752,3.115450989435106,-1.550579178785882,-9.178052553180148,-7.692961441193958,-1.6854277379276996,-6.886727017418644,-1.7963387516054619,-3.2054540205110844
12,67,3,-0.6857796060602848,6.552300251742102,0.02625083731964417,-23.416635605620176,-4.327592089317919,0.8515351119837382,15.293185260442156,-5.2336724742213505,-11.185969818156307,-8.115676128747024,-5.966446633953264,-2.509759709999968,-16.148917159781135,17.494659471405082,9.29296223203675,-0.1808148741994693,-7.575392916225034,-4.973059979091374,-5.283852479965766,-6.692782370350895,-13.635491426080096,-11.0830141620188,-11.531343518143027,-12.163395354673316,-7.815270236102725,-18.4671296962514,-11.297938428115005,-12.56826530840453,-13.004126646237939,-5.337626759190019,2.8017847123669406,0.8743770907110557,-2.12039571730193,-3.5786755033655155,-2.5952709010098016,-8.550559936659177,-4.36271682743369,-8.150527044812717,-3.717897851190461,-1.1637602727973775,-14.698074343057769,-1.9987652928500252,-7.727601609215499,3.9788179214498602,-9.56491362432973,-5.639111409861046,-4.012606943196547,-5.5239700260912885,-17.4600023232321,2.3445351672267947,-3.0197301081597523,-6.212930884791491,-2.6860155046622207,-10.84344875979487,-13.32513723136266,-7.2500170690529995,-11.784438887202159,-13.878836689519742,-13.505484498174095,-13.430987560849005,-5.469656349636798,-13.250004152392552
12,68,1,5.179160851653005,1.6166192660925964,-4.238962671378763,-18.200302083226966,9.17319836676768,0.4863825947864028,-5.58527822899575,-0.6187113984928061,10.726588086066085,6.3946601985613,-1.5177508897926082,-2.69284988982921,3.5174305622306896,12.253507760853116,-2.4237133533035116,-1.267314227774921,-1.1743407015647547,8.540978105398034,10.004309978063516,2.4363078462561902,-3.2890143153916402,-3.039622639555758,5.531596647968751,8.161305565250718,-5.880644644928595,-5.0083743452162635,-2.28416245378463,1.6710509224454069,3.6006032168047457,-2.366808355445177,-5.135377162891417,0.3416025722285778,-0.4319047287345021,-2.629489719346678,0.4380566146588184,6.907723451802717,7.0039541603111415,-4.1495539047187435,-6.519530905376572,-9.009318006270354,11.186968458407534,7.89990502540249,-1.2647186462240705,-4.300068697187957,-0.7275113874319489,15.255330097861588,12.540931620873605,-1.4601253823649778,-5.766948529655433,4.363037077346586,7.566080874874163,0.9122449304601856,1.8943433001660166,0.11835645795686238,5.148940781949135,1.2151790635842017,-3.0334497871695154,-2.2343573620054515,3.661435284572314,2.244415239147026,1.858350550443524,4.123619116024998
12,69,6,-7.003545446548515,0.7631206514268394,-1.7822610162562,5.800244533570437,-23.72315978283836,-15.681698095343052,5.387663551004285,-1.7497276805068651,-5.24948624523765,-6.985523710277197,-0.8736945634662387,-5.712685482712777,-9.060715831554969,-23.87270119995242,-14.17931428163813,-1.4126209949410147,-1.2274618181967878,-13.536989707482702,-5.6213805696773695,-1.4437301838231051,-0.13264063884299737,5.220361662994522,-0.6060621055047501,-3.0029220165366817,9.384364111491665,13.41394343318008,10.99234967388031,2.8391174762396214,4.048220481700835,1.6557722712509204,2.790391112586891,7.360620419398264,0.43088500761631315,5.9944714634088685,1.5569291154899432,-6.929255070051226,-0.9075889266834309,-8.353556214330613,-2.2469560908289905,-5.849168868076695,-12.089656934227303,-24.5879677912084,-5.327429805036133,-3.102569932915927,-1.7670877066599906,-14.499153446658838,-11.138781466157871,3.362710515934429,2.039426743455385,-5.379822021645565,-3.789386154737371,-0.745992302258568,-3.144980077415979,4.612710979346914,-10.33311586574901,-5.624823016643374,9.52861323292799,17.99464371619979,-0.4257275636603194,-0.7475134415506588,-2.7056257466490328,4.137536680939177
12,70,2,2.986893379243043,-0.8553357392169036,0.12086344496687751,3.836144702432383,-11.380386381784865,-10.87943730009266,-1.2479863478007116,-0.25363477930375533,-6.46001764769643,-1.8560162754615819,-0.6742553740353662,-0.7615363275768561,-10.751642338681693,6.851328462180564,-12.381601861768921,0.4169800353304648,0.3097855295785763,-7.920025068210301,-2.9448667563180013,5.39649524031457,-1.6530965687934225,-1.4560676348827224,0.005338609002803002,4.756370313051039,-0.36586454836651683,3.7669021763161643,0.4147931549857124,4.091283839854709,5.710490176908486,0.23785476934266975,3.4000095736189975,-0.029255131370297893,-4.083606527868384,-5.724138132262427,-1.216889851772022,-2.101215326709235,-10.153299540781031,-8.875072091612001,-2.271045366688291,-2.208397152089717,-2.303995868861221,-9.803838652649485,4.067624213401135,3.5772639585931496,-5.796452257146197,-14.497497452900003,-4.709245117290353,-2.2611307133011866,-7.106484252414328,2.1708243823860105,-4.242089239883283,0.9872474460294707,1.938051172191414,1.2136832523364114,1.4056643349652331,2.263642018626828,1.0006130278428524,3.125079003730562,4.424636055374652,5.100235464301232,12.89769901304573,5.995777667204779
12,71,4,-5.683506195104067,1.8443529489081032,-0.5424870012282597,3.143067082025326,3.916165577497608,-8.37221417867539,-13.469474879797643,-1.5983321921241178,12.254839305845431,-2.5772829888524793,1.1867371625671579,-2.270215263363066,6.657274156496525,13.84142383042632,9.15610375169029,-4.973173724913333,-0.09625177307440587,5.655628791328789,1.5243957494044817,-4.193354484972277,0.8456571569507263,0.8039127153049156,9.354135560984842,-3.359428185555039,-22.19361070613945,-12.33999243560361,-1.029539501385355,-0.4393458866355262,-7.552357037483553,-9.705475857583572,-3.735434952640632,-3.310314126960118,-7.408516640862927,-16.436214464466737,-2.6814268911257386,2.7019682711490045,-3.149914217544947,-4.287225602512678,-13.623495367923516,-5.061967378470864,-5.004750614054501,9.087080385376941,-9.196289068809143,-12.550096244869263,2.69163650371668,-7.0031746387114,-1.3231700196260265,-3.796342833376513,-8.412770258512621,17.704691658574504,0.09783606942197953,-2.5069576517093872,-8.315726340237283,-5.910738330340105,2.480500280039338,1.8944317967284536,0.24496734224078212,-6.118233973978134,-1.1001893752595273,2.313004573125666,-7.673207905325225,-8.47431439824584
12,72,5,-2.38019074740388,-6.637478596329259,-2.7752978988446118,19.26547201231075,0.4880849064978018,-13.139286995351478,-1.5145443012347304,-3.2834859747530487,-4.912944241881188,-9.012562444865159,-4.288881545434933,-9.129962494619553,-3.8340336790950045,-9.113832707914364,2.5017958823364346,-12.986164078513928,-8.445459560025483,-14.338382682815565,-4.646099739685293,-10.989850929489632,-6.779123719702139,-9.833038991195055,-11.33826278622558,-13.350579096140663,-13.277999339619557,-3.216923444883945,-14.580160339635494,-7.225544362533383,-9.42783599692147,-9.943621267814459,-4.526462393131379,-8.188656163606339,-6.491733605275641,1.2561945015246563,2.169425452139408,-10.25242497232493,-15.989085957629417,-3.12000594744402,-4.372050017163884,-3.430212737646,-23.3891880197973,-14.481186596881138,-4.764039026459726,-13.91676350689789,-2.605063396914885,-3.0313597384204214,-5.587793763499799,-13.424287971097788,-5.817453001427081,-22.529988487637265,-4.22062502996769,-7.4768574021404595,-16.841177353181134,-5.020421043325146,-12.718190306411469,-6.821723439094681,-15.029479786935381,-3.9492172739672933,-10.527654631017919,-11.996898199868859,-10.186477565183871,-8.924442941118489
12,73,1,3.760126740887487,7.34902872624466,5.792162856359671,-4.995147779731581,-1.2861449688377742,4.803811414999227,6.235263083970581,2.042414210907116,-13.514114047176347,-2.3834858702313966,-4.134776712531545,-7.342202735860354,-14.976131194123496,-6.03812034277064,-13.351796844610707,-2.205784766560013,-0.9243844088575839,-11.309003355833363,-5.781460196041024,-6.444372528652867,-1.3540221510182433,-1.2095454358382192,-1.850530081871533,-0.8209399524053969,2.0806233098548716,7.048677531230004,4.046463414049913,1.7552559284504672,0.7242331307540418,1.921019814102116,-1.9058002386662394,6.43910971088562,3.206949834416551,10.327486456692693,2.356164795937153,-1.0672261724191723,-6.8365427212996845,-4.8622459256340065,4.8375667530316395,12.849339301561615,-1.8074162796412307,-4.858634853406198,6.271639321726269,3.825105025222177,6.8826734657149515,-16.976008936308514,-5.939681690345273,3.409077271046798,0.3348396532237533,-6.547083747130246,0.3526928225679823,-1.8070539743185239,0.7358374599844384,-0.3886434937850003,-4.052627918026525,-4.44994720614447,-1.4604414227949567,1.5409215513117074,2.5058200141505864,1.3148608058236708,0.47736117425488145,-0.251886041789519
12,74,3,6.882985236969346,6.623796983917315,5.437679259697115,14.616414318815247,12.733085376369507,22.10812891474585,16.41482189590703,6.461357668257983,12.235717895724692,5.716106916760759,8.158869980698137,10.320967939977605,9.749128933712027,-9.415161403463923,7.588965029637447,2.5415936452450167,8.158503489523406,1.6501976129848814,-0.1940879061272957,13.198606381891295,18.51919329959173,1.5481142698128423,1.2792429513547847,10.325299611678583,12.41038936629845,3.1971362770716776,5.730471244416899,7.724180148707178,2.539756513771422,-6.599012480344529,11.476996280934385,7.634345760194178,16.608231380336964,7.702930911484594,5.3828978962719205,18.39348830418979,11.516970891266967,6.562623602565283,14.280613937029031,12.856316984154095,24.045194209258025,20.17569443301819,5.896963956822618,15.295608073697283,5.097542919581988,3.8291416379009826,4.958122657089518,-1.4128317031214337,20.78531706951014,20.799045075497737,-7.003309529161127,3.679351631551981,-9.563872759253151,4.20526648151529,6.703472321353304,2.0696595129670503,6.6539538568084495,2.054456768148555,8.891897039805977,6.13170493256709,7.464583137566677,3.410838536270778
12,75,4,-4.829392329994135,3.952141523701936,-7.0212426486002055,37.16635855996028,11.034165646105707,-16.310808577188638,4.955202633412783,-3.718892189943821,-8.956963762640953,-9.599098625854111,-12.642749572751997,6.777400382749018,0.35342170931853145,24.964092444946488,-3.0720802485664587,-15.778303697659847,2.3225526774710965,11.792440738631175,2.612260253872817,-3.2059301197182446,14.646192096764365,4.321591859070082,4.013875298769912,9.385767237067494,2.00193401128508,8.691134760746873,6.145723600462986,6.468428046045057,10.125156758265103,5.676574781764205,-7.921605246516352,4.253537653014064,-8.750850301934406,7.178671964824701,-8.917001699534723,-10.31901713049539,-1.165011755576948,-12.310105171781498,9.265202942690474,-2.529551062857869,-8.783455230749958,-7.555209676962252,-7.386491998763207,-5.561580798531906,-5.677687167439881,8.69223873607996,-0.641414378315391,-6.897556020582955,-4.924999398077134,-12.068656192910739,3.493459301160242,-0.7818291184333397,-1.5637467686234534,7.530273463988748,8.31724325633358,5.1971698874244225,19.165461810575458,14.186966211694031,9.782521805214907,8.662671766516453,30.461588205815108,9.920067131116125
12,76,5,-3.1152403502350268,18.0018195118386,3.690222717094713,-0.3683338058294675,14.687970111464596,5.483658338005358,-5.075484720419345,4.84237454096196,24.758771066622025,7.212916118195045,3.4398029866208084,3.70187341948835,11.214677237319224,22.867410991568025,0.15582818443682578,-2.731421478694624,10.883229439044607,13.312951453438982,9.962304509074498,9.658131521002096,18.70723042873347,8.773195016856596,18.507344565831314,11.749807150580178,16.14686087187289,6.486496111290052,14.514676338967448,12.805323813167377,10.426481306007721,5.524509415155413,-2.2805765621568543,-6.792350266199767,3.095373143856528,-4.179997350248261,-1.2884244297335787,11.008858709618815,19.23224759392622,-4.565720669801696,-5.631851344017265,-2.975900032739268,13.479802487645204,7.471244867987617,2.299432527716839,4.207596548642713,-6.138547840866076,34.42046321819467,16.64507108369684,-2.2158342914729623,10.020540936648409,20.413414494725085,13.950704168164865,9.230676465957403,9.809484815117111,12.611585562685267,20.952273489810853,21.96889826093684,12.495550860094323,11.49067785942973,17.19607806536823,15.445941747007218,7.258823552918503,9.79104602961551
12,77,3,1.5102927950409628,5.324851039797068,2.167188072577119,7.811971003053395,26.204485886980134,7.098950308006501,14.18870225121698,5.041282735424252,20.752299028834923,14.559475657461977,15.028616164686017,5.964440944831725,12.514331007620509,-24.546918573721165,16.91842144187086,5.612017805597221,5.896138122905806,-4.5683372829836335,11.701746597934351,6.288333684864748,4.108631239488448,10.224817328109616,15.042710667532845,10.411008926222054,9.410366325911772,2.666805619873652,9.434223872904736,17.128609439960073,8.052404513480374,-5.8185400529423825,4.495525970498506,6.856056062550075,11.564702823587764,7.777478288518405,4.197804041093261,13.633940951171798,15.80682161305009,10.711284204090875,3.593098752642132,6.196548363262018,13.376353709291225,9.515618479310922,5.23179742223413,1.8327191444852098,1.7736567578664622,5.218179066756333,15.344439756852108,8.063928643491387,1.9149479334606092,19.441420267086194,10.264421212441498,11.45907574285548,3.261507783403119,9.762304880542727,15.550608041145397,12.319476327336416,12.79231210857227,-0.2819966192132943,9.026463295355802,11.937119523358602,13.555698102898038,8.37260608674913
12,78,3,1.7121673964401234,7.134433158537058,1.8616793542637549,19.027465642618,-0.1203030887764033,3.320030764608487,3.461254555368569,2.9216201664516466,1.0590475607867813,-1.8371476528870818,10.192932823570679,2.720529248267866,8.43702392959286,5.782968653093384,11.486493764751849,7.16902701802007,-3.6104251798412714,5.4612122054734265,-0.08780347917047215,3.8144824557210786,15.946629525957306,5.033567631267232,0.57550919819169,4.008700956674234,6.615727890737169,5.101229934521567,1.0890316677438776,6.300195092734274,-1.5720476113237094,0.028328146887716343,2.2369108076161925,0.7764020382267673,3.010241088752705,10.596964519527718,0.6499342908401315,6.397769875029417,-0.07056974883123102,6.363298259028117,1.2832122587303558,-1.7440602811643984,18.32924732524993,-7.390115770011593,13.917816908098757,3.9029221879318357,-2.1250686469237987,16.19559977985011,3.327160196821775,5.331078814876428,3.6407506222859367,0.8614412959772948,-2.4099810311411747,1.767150973532029,1.258347680655922,-2.02059611316952,1.27869945664595,4.884097725970717,3.0203959365806954,7.69936603587689,1.8032995398829286,0.49824400518725387,26.385372539073604,-1.7302860250560255
12,79,6,-10.251089305389767,-2.7080949044320732,-8.258589574161391,-75.22461414918669,2.7423305832440157,-3.7011276195507197,-13.98376846440681,-7.564867306239449,-0.8200509033858683,-9.979298029367511,2.705528793402197,-10.370882549981884,9.560994828528749,21.916742090362963,20.00357224135773,-12.836281249129284,-11.791956063496274,11.94802019697693,-0.9110946520231664,2.274150813055202,-13.988875391098066,-17.281104703399745,-12.68428328470327,-13.053978004106666,-11.41066972185608,-34.00664755729279,-4.676159787854951,-10.314858289253781,-5.539737402120743,-11.837673869949374,-7.4825921475535235,-10.901112068194623,-6.708423354237049,-6.749506218222587,-9.106846488716942,-1.8396294982479187,5.635180135007675,-5.763910474068275,-13.044493116892687,-13.40394877017229,13.184853160095104,8.087697736123893,-6.72850545764924,-9.880610817997926,1.8766208397360842,-12.782506945043268,-2.780442790241865,-16.60431274153837,-18.994262327371942,8.939818569527167,-0.17773477410579502,-9.827923659167089,-6.2689510307888066,-9.753169760426015,0.6452445456894437,-3.0025175177469507,-5.8011588726544785,-17.06076179102571,-8.846158162054676,-5.073988939487806,-7.861813883569733,-6.492871342891279
12,80,1,5.176923410149244,-2.3108472400855993,8.704550937397359,16.50116758251267,8.387703416993983,8.95072754013364,3.44376378220211,6.669523156463829,7.241046267296839,4.583017613659275,11.762111070157006,3.260724082140525,-2.3313970558527046,-5.036441329730361,0.6794254872039321,12.841341801117615,-1.867612084555556,-5.115092702366121,-1.2145259635460506,14.10780067378427,0.6581971985401532,-3.808853066094768,-3.881934104651985,-2.0605075409545037,25.16836469343342,6.3217476332423885,9.227600542635358,4.525767199632642,6.189376804744825,5.0434105838989725,8.005915626156622,3.250666153185615,4.677769371233852,2.9726428779114684,5.273786167404045,4.709034450965503,10.35288616685515,6.883086441107453,8.75592344375781,8.606900237727817,6.344973190642168,5.880724768142964,11.659344951156527,11.629731635040628,-2.4903307100757957,-8.662911860476724,0.9899315813147433,-4.699659141723249,7.2607238747224905,4.674373143656385,-1.3348923450685106,2.510016700803733,11.550523959898111,-1.8887223678345741,-1.0388643523087588,0.7740592488155862,5.127257528760264,-5.518745050248807,1.7080548506275541,1.6999647781485692,6.318587423359021,6.576844561027316
12,81,4,5.593288263947726,12.515409714513925,-7.5802765055105334,-67.36888496359671,2.416693460321191,19.423584015085922,8.417666462712875,-2.8773224020331396,1.2567464624440703,3.4583302393737365,17.40276041227143,-11.608111568011068,-14.320061885320186,2.3034564841129783,13.120565959706717,-7.670793526578789,-10.876753197119735,-10.39501398830197,-1.295634059462605,10.752463984348603,1.7634303156604483,-3.6918576229136546,5.9933169651265485,1.772173579362017,4.254784894195704,-11.06551496262049,-1.2877545701567,-1.2364536484294548,-2.2699372481622913,-24.73064508713233,12.46810759426798,-5.038063546495011,4.305803407335701,11.40436188540445,-5.183581009152252,3.8990077321394945,3.755120960314101,2.7139307622366204,0.45234916760960997,-8.425293145900048,23.746983516193982,7.623613681689629,1.341039965406242,0.33440148020049626,-12.84051588390069,-3.670861115417921,-0.30532327400543124,-1.5154923259893924,-5.290408901279656,26.874072594363717,-6.430497121406579,-5.902205752663127,-4.524410371976002,-3.1965673910964982,12.275877919905563,-0.4968366150250191,-4.163846545213857,-10.441258412978907,-3.345413675963332,1.1721622445215985,-0.8498116968733423,-1.3887887409456632
12,82,5,5.407282161527802,20.987280207345403,-16.01724984242422,-1.143821510781601,3.4091573829773982,-2.7229562902016697,-16.3293950062972,-8.449070634780357,-7.059999553418557,2.776789578677312,4.179887760263055,-9.648119951381142,1.9672558770128878,22.033804926294362,0.29850563462028473,-5.086688719657191,-2.8748952704566957,12.306713092458878,3.6714300094399466,-6.186629459625339,-5.036723554872613,-0.19350218534378782,4.71866674044329,-2.2858647189852666,-4.818487468561749,-39.17152006106404,-0.4618635105917502,-3.0508224588432706,-3.134892620509717,-13.79189280797613,1.7565494742153618,4.0138668156478845,-1.8374341619328771,5.1036064323412695,-2.6709265119237138,-1.6449895771674639,2.0959399119360245,11.543461910568924,-9.398433352025544,-11.298958117914646,-9.984708262357588,-13.779466774665309,-3.3109504271116923,-7.0172987187525475,-3.4721677771985253,0.3290796662359963,-0.44872967455899637,-4.558515398655225,-14.82876819330011,9.751172494016888,8.099993087481943,-3.0809709765471345,-10.57674320663961,0.32976227026523547,5.874678167855228,5.527265066280961,-0.4679395776560029,-12.511647079730547,1.3072719708391722,4.162300128887247,-5.445162627380341,-2.4758020270752112
12,83,4,10.125123071983998,7.712592705118853,3.3648174428948896,3.18848149178595,6.538492184995511,-0.09205501926381407,1.5956733765040811,4.871473813202326,1.2643436440607394,8.0019547706697,-0.6046041855815715,-5.14081263817029,-4.522695395618496,10.71882239492929,-1.996393134238244,6.372420710579656,-3.229905618854412,12.56917135172137,8.250132861567051,-1.276537900063687,-10.238288274202377,-0.540325382542683,0.6811783774642335,1.608251041278422,-2.7257120950011213,-5.055343617446626,-2.0430546850363567,-1.5286388066029404,-5.525491080723885,-4.124912614724028,6.850447662878875,4.078073960070203,6.761072624974501,6.234799663911049,9.365175200103804,3.131087662424985,5.432386953497258,-1.6216209132505424,-9.16117277802763,1.176948922936147,-5.664894566394207,-7.597817838918871,-5.25369139535852,0.5724458773961157,7.921925377918455,25.731435271661447,3.8215908815221074,10.921999043989466,3.671324636662246,-10.218412776091476,14.200993276598696,4.9092741689485715,-5.125529738120374,-2.9407500209195945,-0.6658618644152482,7.260728015041934,-11.551952398245835,4.210811455893081,-2.032423763376911,-2.0719012101876495,0.3489806088391796,-5.341659225036515
12,84,1,-1.472142630370287,0.38911536864641016,0.8200888593749306,2.9623153815613827,-3.597624229903261,-9.402474192448148,-9.013674900794634,-2.219146182726525,-14.803591879311854,-5.337740564468976,-4.503704596484056,0.32664415446995987,-14.96800306895976,3.842127996610431,-15.225868411271321,-1.3725410399549616,4.0500028786567475,-2.192827862130884,0.6170343978148767,-2.009682815665344,6.317875390616819,-4.512806006480102,-3.1952359396169285,-2.1454415607561415,-0.32171427031479255,-7.916700602032059,-0.013930270402895295,-1.7348493148640882,-1.046849064188215,-5.8444959951717985,-4.746662096427071,1.5434371018555098,-1.437435052945368,0.4387096221751823,-2.942115228804874,-9.671526658825766,-9.084151929244399,-6.274007378326358,0.07005147775635123,-1.1829575379833412,-15.478525718174339,-22.29567729372805,-1.4541251806814868,-6.160285894503458,2.257705027067172,-6.131393082496686,-3.9707024763679026,5.708821592375452,-2.672734133512344,-17.562486073967605,-4.394580262162292,-2.226397826813342,-1.4175256617230971,-0.8328940185814773,-1.229138790533264,-6.895242717389656,4.961438834792139,-0.48659329425270975,-2.8263122329442965,-0.40473944931745337,-6.3864182932756615,0.1231136977240992
12,85,5,3.650589399800707,0.7183762212261202,2.94449593451033,0.105867290645043,-17.496530316679223,-3.850277199637053,-4.886954611803335,4.34471625003328,-3.789213420732355,-5.131525848742303,4.237664951613494,5.399145651040833,-19.270684333745297,-24.552025559471875,11.11978648934604,-6.563339939238736,10.296676453359126,-16.31863762700374,-8.803090719227173,-16.518300054958324,0.3632058076632909,-2.137637868875683,-4.20928199585845,1.1561757036734621,-5.561563966659512,8.616810685841413,2.828869980055745,-4.535517402220425,-3.0981961749494076,3.521100575331505,3.0321434846306925,1.5602157244958508,-1.5090286764770573,-5.829149980007147,-1.1966265478602982,-4.904310554493128,-21.52746648431142,2.6101703055929866,1.5249983088862966,8.663893671922112,4.471091207184993,-17.948424339129748,-2.7912296712307665,2.336394418462567,-1.5063403853465143,-25.92906667857157,-15.246350823248525,-7.401033208432899,-22.104606412419272,4.271993364525458,-5.456400384217862,-9.557649252027637,-7.364256784308515,-0.7937747690735791,-11.264659168039705,-11.442090636914275,0.13770117411367266,4.092594156314325,-7.078628029538,-5.3173803101952455,-0.5760315828956666,-2.594129152340452
12,86,6,0.10862719604359306,-16.65362479792135,-10.755822214161654,-10.29780989312907,-6.389376331665887,1.0849655404368908,1.1103820882357165,-9.607584936635153,10.934993844333096,-7.501945315837502,-10.838594591494926,-4.026912254292698,2.329294454760668,-23.147924525348092,4.690022508767095,-4.3371274837579445,-9.221549652278329,-28.518767328296832,-9.720741712828955,1.7623473749774305,-1.760758879628577,-6.201516225298006,-5.176063862015924,1.745016780221216,-7.01746725986098,-1.0181627792147208,-1.1835894400889928,11.192985531294765,1.1107444267992574,-9.383790976935767,2.371443335347378,-26.742350578966832,-11.254192541616039,-5.1722462965039195,-10.43345062337283,-8.691012627059008,-16.725509210171666,-15.079942230589499,-5.935008801474444,-14.17819340308991,-33.798279864395546,-0.35391475505581604,-8.44283443702975,-0.7194928073256123,-7.008643938228488,-13.201614933270148,-3.1878874412306204,3.2972856706644342,-4.396535366875824,-12.32545110483358,-12.67997698808408,-4.74261276096832,-1.4357411504791306,1.0613524138291424,1.1458228943960336,-0.23603870784409553,-0.2681127298600622,-9.827771917348958,2.270969521265656,1.1328617894295148,-0.753420907297035,1.4252070611734635
12,87,4,-11.120308963627343,-13.990261712815707,-0.7664283602044166,5.66299003480207,-11.747574031352997,-6.962959869742035,-5.728541352979203,-3.0607623925898224,-4.4169798467944315,-7.035556296056996,-4.4392867618717435,5.360498302468529,-5.902395385612805,-12.017498682627869,-2.660927618129703,-1.3269117605721956,-2.2225002183567564,-13.829431947794884,-9.583533584685407,0.4444191579070945,-2.2320146077403393,-5.137100529697968,-6.776987426755265,-7.441045846114295,-2.385567395493568,-3.7204133858677118,8.395178435222677,-2.305365327245941,-2.3771739001045127,-1.0344905088905512,-2.863800852221617,-5.96189173458644,-7.275774954091304,-8.625777256016324,-6.679172396387268,-6.433551871274574,-15.118400086535189,0.2378294800277574,4.419175138515304,-0.826809553531703,-16.543729230716107,1.107040736960566,5.632576118507305,4.665461366451003,-0.5698038952356986,-10.124621604682831,-8.705385260340735,0.7619324196669517,-0.3063303222993331,-9.427726450398929,-11.264747709626471,-3.8879259009220872,-6.415736701430347,-3.65587328378929,-12.561759533406022,-10.440504263416393,-10.8046665091306,-2.155305565451272,-5.657272173841365,-5.213923294687783,-11.718525317497551,-1.771474066258565
12,88,6,-1.1410615053027868,-7.426997572274472,-10.302996931052427,7.597274286475139,-0.15828476335126473,-5.631084501652453,-6.1709252750251204,-5.921162917755727,6.51389735035326,-7.280414105665578,2.4646064861246004,-5.036626658220659,-1.115143546442752,-6.839778888925187,-7.3177215019922475,-5.938978035797981,6.146654822153785,1.9950825899112496,-5.687774534882387,2.153894002946865,33.06973606275347,-8.40160000633176,-8.071327860864653,-5.944868689914029,-1.7971139959763818,-5.177799846034316,4.777442601350383,-1.4147742306132143,0.5759894594368404,-1.9730875063744355,-7.996047266804405,-9.866233899723738,-5.77875085409004,-21.17230877680023,-6.5738992422319384,-7.994816865499423,-7.7360414187423885,0.5387452947623215,-2.3581788452546584,-8.577050958601083,-14.954258384682776,6.063629705657636,8.215193491383666,9.747485577387215,-4.619309523529034,-13.003739014086195,-8.466595094014961,-5.288028177941534,1.1691705944689517,-10.362665919814164,-3.917122058842966,-5.53989750742004,4.476227541346238,-4.002220406219726,0.21210533298733691,3.105523677758598,7.8974990006536245,-6.713285737716386,-4.00105322261409,-2.528910663001603,2.886196225404559,0.5250973351436052
12,89,6,13.449287326343454,30.1850019348104,12.607624792993608,26.204650250922242,-8.347223126954143,0.0036110467527324663,12.404081604375339,2.0289432712001494,-13.508792105017278,-9.917437782283967,7.989149552871476,6.1826392218070225,-5.793671223709766,4.995767162510806,-23.801343570940386,-4.129615071297782,0.8469970091132495,-3.1066571864776487,-13.335110751866575,0.009699773758921518,-6.169657003497939,-12.585077597115118,-20.53606462773935,-11.000313415067131,-5.931599857580919,-9.546420002969475,-5.365959243056723,-10.704470779792194,-12.687380291044523,-6.418336624722568,15.47322491329254,25.69525284883454,11.432652159116975,-1.3938704706592162,5.407079930462668,3.161025506466988,-0.1314608245724575,-1.9359949743829494,5.389184689830718,9.278109184795671,-16.525715996829305,-11.033424048048515,11.574689062809133,1.63858070387505,-2.5293614681264973,-19.914336130250152,-11.336231790937296,-9.068270798477274,-4.613532727124264,-15.151401092729925,-12.914460811127979,-16.80418586477684,-2.2661744951633973,-8.12285625630218,-13.561888041247313,-16.25837861086673,-15.854035205207765,-4.763904170986412,-14.33324209711992,-31.868327086700553,-19.980506807406687,-12.963515784864015
12,90,1,0.5565604440493104,7.275614810897396,-12.025871111091414,-20.2370827481514,-0.8042961668404871,-6.674587978958723,-3.1130365888111116,-7.935198325482079,-13.493720036954056,-5.735472723699699,-10.956377981471968,-4.963613030536206,6.189743313518144,11.33323586728174,-18.38164797241278,-4.533865747172612,-7.048529988076688,-0.8600677058899999,0.2551769335106826,1.690184928129696,-10.566698005139015,-7.122028273553016,-3.595007571777919,-5.60850369337401,-5.34290215476393,-10.072958453865038,-16.37317444011569,-1.9729526242718276,-4.852310201777826,-1.6332083820342662,-3.2584149589557674,-7.566906733273689,0.2834461407463358,3.7541560462516967,-3.226450407480049,-6.042106439278567,-1.2210233651510465,-5.699989822227508,0.2950883710802329,-4.23463114460067,-13.952398039684512,-3.4033846630964724,-12.39130582993782,-1.971541108926985,-5.9475485666132535,12.637297134710153,-1.5216273834429124,-6.051523908995453,-7.327669958538587,-3.0855848318897188,-1.7614498790971123,-5.215082010572275,-8.67247688701013,-3.690492480493534,1.005033118400449,-2.936688068572705,-8.564591325319757,-8.763259363139236,-5.2280768628790115,-7.982597297904362,-6.2046384239660135,-4.898672680643093
12,91,4,-18.261062538319425,-9.930466421753472,-9.106871721357468,-19.500739589696988,-2.4572874879146496,-7.248007159066817,-8.45486429636935,-10.818689421273579,-25.273296584420645,-6.197083485085612,-11.9979853744948,-6.471601013832434,1.8363681658875284,29.58000587279024,-24.60007351418821,-6.213314381791513,-2.030207379863074,18.877515506317348,8.804759285923815,2.5854658517736673,5.389281557782028,3.073647627822781,5.6884318613788,2.184569254687921,-0.9901253558672611,7.815940194643987,3.7490239355077084,6.4246864438329485,6.525025377174977,14.14817555503147,-14.091215812464851,-9.757838482446061,-13.68521230224883,-25.097592645279324,-11.830152553057571,-15.581085163639953,-7.8618012652618825,-11.704000960842409,-4.252126102369827,-9.36856722630697,-24.018092239684435,-3.7594778621569276,-11.778320819552617,-10.49600187543973,-4.806444902450028,15.568195761885589,-2.4767291114449765,-2.2844615061653846,2.453718510978832,6.300936638423034,11.354219777668575,2.522581749237937,7.83860530150009,7.047805321629997,7.427418980293162,10.60547171283241,-3.909385861218453,5.187002436462336,11.037907287950494,8.678426448596502,1.2941718836266711,7.006111498453607
12,92,2,-7.32511223539165,-5.964158647790232,-0.13787392581381427,1.5783722524562458,-15.05723927819692,0.04322756772361114,-4.820387809628214,1.7286806707128477,-2.8778195167187497,-7.977199686799062,-3.569772132854092,1.4106363826772088,-11.501945049501956,2.0953246763021456,18.53635099807344,-9.103062675027862,-12.134860656882932,-5.289823299092126,-5.578283588572335,-11.99612286909507,-9.585075707197552,-8.553994013632577,-13.597459481063693,-11.996898203219358,-8.28176873284051,2.6098669043219633,-11.163342691776224,-14.503624177924008,-11.25692298668777,-30.806793386480077,-7.208567712955723,-12.359568900973878,-5.9484165852900786,-3.3360299256448522,1.5134024841302076,1.2427151135592003,-8.58616074956045,-11.220083255638803,-0.6996045308641918,1.9275002619308437,7.457550574406384,-7.303273069922152,-6.8882775990883,-7.272648376321826,-1.9683598414057784,-10.252471268654055,-8.561224606921666,-8.854825585103804,-9.393718299302611,-5.610332326123084,-4.953024152467572,-8.22282426749788,-8.610789412166923,-7.979774235446776,-10.125708760352946,-11.677556342763332,-3.2029047449369275,-6.073489419752503,-12.986555938722518,-9.004514593767318,-17.656530059101737,-11.338679961882901
12,93,6,-18.10769088884316,-1.0457409372845687,-10.217662541786348,-15.241623133551563,8.674419361166656,-16.775128748540467,-10.762711508835595,-9.79602648592668,-17.441942996078563,-10.057081492345143,-10.46104560709535,0.8848015831090597,-8.25741406090035,-5.558407909498072,-22.06022852713742,-15.002251489156093,-8.53552570027617,26.37258831146402,6.4240585813844,-13.742601927562914,1.7521798667248043,-7.200709302341792,-1.86807139956381,10.376461391496214,-9.216994794082781,43.716446569870875,-4.139028254896402,-3.4632181057070435,1.758660504753451,-53.60649586014635,-22.70195890473565,-19.444268780692322,-12.357129239181917,1.3844782097957928,-6.230876689867641,-13.464742978006923,8.960423140445865,-19.085112190464653,1.017922607114222,-26.93526274292935,-16.898415128336985,-16.79543846709335,-9.804243171275253,-6.3594933291215705,-1.7735514185169887,19.494659403021014,-0.7108759995799786,-23.727554552620514,-7.27280432585536,9.913354804035182,3.979892396084151,2.9514062760465962,-3.565984079656872,4.0217631415623005,3.3440568596238216,4.017111309520086,-0.24029442329504863,-2.2632543439863313,0.545390173974561,1.788636205382872,-3.7255498010767387,3.5906843744791934
12,94,6,-22.66999864682737,-21.955848623893413,-25.618771411614823,-28.718707844773995,8.074589189300989,-12.729840956350065,-0.07563874167503626,-18.44550118631707,13.47104233251202,-3.831004073161905,1.2703943704084546,-13.04186388618518,10.970291347947066,-11.37295770481592,24.275911042818848,0.7678820979327132,-3.155252924905921,8.704411898194472,10.055560374995931,16.403689571316256,5.689839193605956,12.504740769725016,15.103930446046709,18.47431397340374,21.340575661487502,20.877330059867067,12.92654541071232,9.150604963984073,15.028127310343276,17.04967573303275,-26.891272510152028,-26.76639341804335,-15.697267405552468,-20.95965563801185,-25.419201757917868,-12.760271698997427,19.327892622370968,-8.79471821033555,-6.364355877966747,-17.400746288277748,-9.503424176582834,11.176741899877069,-12.34461894463294,-13.76154627583399,-7.463618220377386,-4.599631957868795,11.636288011219447,7.320287591936755,-10.542339055185646,15.031662616129152,2.384294859326742,8.106174516298518,14.536570385075732,6.307859558013001,16.89602182242202,20.249184253098168,26.543370727449656,15.872667890859816,14.559484130998213,15.278264762368053,24.68102563572367,15.83579026224238
12,95,3,-3.7618838018715035,-3.45110813610074,4.69402550301719,1.8990457102928957,-11.249473291596901,4.6480507042667805,-0.9842894687629652,1.1391190003898974,-13.347785336033605,-10.375841958925312,-9.573720002081245,1.7526012811037461,-9.080191170933041,2.1774439561839505,-44.98453178829171,-2.0708983182089353,-3.3814569486577706,-10.395490144265862,-13.287530638493324,-10.47076233043392,0.5053944958632286,-9.20725714950254,-4.704816591721482,-5.842043667713681,-1.182447660509951,-17.595112263895103,-0.6516071224539743,-2.241954516767094,-7.2531730256543145,-16.749627761764263,-0.8055054854442615,-4.583283101730957,-7.638336020885264,-21.890259361405654,1.355252545355342,-0.9053472243703731,-9.297420103375504,-6.959997703352511,13.716220379300925,4.1725855927528235,-9.458148770284179,3.9072832325473428,-6.550673777918992,-2.0660189176262245,-2.914482284110131,-4.316375352243507,-14.17699267637984,-12.431470197330158,10.90969524214544,-22.394132766259336,-6.049358117081817,-12.06315751278364,-1.6733683461618676,-6.920671990936308,-17.195290019599398,-10.047723099311094,-19.907986177426825,-14.177375981022,-9.951799914604287,-9.768085951394424,-3.8178491754820807,-7.218832020091299
12,96,1,-5.036744676598508,-5.232012348056475,1.8812768674447058,2.3733310470266673,-9.038935521072364,1.1834084472232844,4.437946784008359,-0.3478597459360614,4.239392596001667,-4.804692105708143,-8.449597346437407,-1.102216158715281,-13.85495385792244,-15.385050605323793,-22.570801680498754,-0.1358725189617492,-3.4490266263530343,-20.016208806870175,-15.880526189164188,-10.505107465813428,0.439168947726124,-7.56473657861636,-7.493606577184415,-13.74467069551167,-5.189800249185508,10.49103398900479,-3.9596248867512696,3.932438740620344,-8.318600000041288,-8.114138207386993,5.553667608659897,-8.31073749628735,3.6085964798424746,1.6987638510990803,1.8421829014607674,4.054920119165285,-3.4291551076301663,7.480805553342554,4.993525556311371,2.3145720663866616,-5.716844342012961,-12.50867628006877,6.2751113144090285,11.232087894263335,-12.522669755493101,-14.396307324774844,-11.118602407414741,-2.5221224010172416,-2.444726630386598,-13.380251360602866,-12.282033991704624,-11.356250754035102,-11.483738058859975,-10.522834237210642,-9.780440532738666,-36.11424649079761,-6.993466445153985,-4.355557948350906,-5.840868075389603,-8.552270666889212,-5.890993318790233,-8.32628983858882
12,97,5,5.468510275945162,2.481949836379144,4.054578852271893,-7.66625974874762,28.771630905682176,-0.21817292015795176,-18.91175108939046,4.0680245649205835,25.228585825733287,8.013677052335765,-10.680495234388045,12.000665197603217,21.25151649980648,16.017435241399752,7.309349048382985,-10.57827703909176,4.809322834934858,18.48917113426255,2.7362165283212954,3.980044128418696,1.1750275477448968,-6.576098782896274,-2.8296073583386296,-11.652645291311941,-7.288453729028199,-36.702594477683306,-4.300287776160985,-9.939829023475419,-4.34287490086948,-6.36127145870066,-1.192117934194734,-2.584412367208065,4.581656605414139,-5.201172852555075,4.894286210035404,14.269254060232127,27.02060984280785,-2.5850698053382506,23.316317683403792,-9.048268737308343,3.850824930886856,17.88722160354075,-16.771429189185543,-4.912522833385482,14.992724541211263,26.16232863650089,8.524410201100313,-2.5392887466359966,-0.09852300145913173,-13.846640381087527,10.180157083756761,0.1535991528752909,-5.266568167291289,1.042218305079675,3.5603041683164642,8.98287745928619,-7.646771800874662,-14.605281820418549,-1.419809388950831,-2.514512685650004,-5.994934948592831,-4.805640033287247
12,98,2,14.270235714207333,5.4690369922304285,9.679650547664341,8.812533506714715,27.985364693512253,7.273689083482429,11.705463063846366,9.020867576777215,26.823155118107056,21.522148950161743,4.788815070852277,0.972162665208665,22.53858417708701,7.575456085637573,31.300419178178025,12.687443462813766,2.763082630409883,20.506029746904048,22.498714872454194,19.934114835247772,-4.687679766245732,9.249911576645767,24.748017897874853,20.805336067316723,9.458747179383732,5.852615683157814,4.712578045067989,8.885981041097605,10.197614131279565,-1.2524611755251513,13.036348215599615,9.691579245212607,14.403424136704071,10.538879633654004,12.220211800096974,19.87095690557234,19.7424751267564,16.805997694592644,6.0979201143107735,0.7306083733125064,15.62633947884983,13.640265616883594,9.622737055417245,11.82545438598665,6.2867999203593925,24.03953106433335,19.786065021961385,13.171605501142212,2.1715322675328235,9.16396211082025,17.019173391617645,18.647161060614838,10.309667043830835,6.205165224626846,17.122748375188838,19.66999667410444,16.975701375855923,2.821668835711759,8.622153595731618,16.727009196016123,20.312822622616174,10.256760793397346
12,99,6,-0.7300984983377887,1.9069462864114548,-0.3272214283678321,7.488052982465004,7.1837367425508,4.892761017763759,-0.06159051524179974,1.2133925304997981,-7.97682049056081,3.1826034569658512,-1.8017616534049101,3.9856566677733145,7.078299280006169,11.806674268897389,-5.330939804492716,-0.31989401778796794,4.136908789801341,-6.112591950081593,-1.0197554587999849,0.9989486285031017,2.7334187034426662,-3.3375467786042963,0.6413385643646485,4.791802590031448,13.865007561290776,18.299486500733515,-1.7569160549560687,7.2706258493168985,7.019081121742178,6.225799275857466,-0.19962456753113927,23.175607958694965,0.7106484243867741,7.004375561413063,0.11929186395576657,-4.771185318524121,0.2404250369588957,5.911387243237141,5.052002193917315,-1.152703746403681,-26.451442016879238,-13.453429344450912,7.123894932270957,6.899624882487396,-3.1592304761089918,2.9863245226102086,6.228757244943664,13.971194959701341,-2.7454528326577523,-21.195837637977437,-7.364467423420586,4.91232060209462,10.43911371185875,3.790848273284186,5.3413811182921265,12.093499746219043,3.457698302400275,17.196061184357223,4.263165803251381,-0.6379550189012662,4.358705439065333,5.993948947802953
12,100,1,2.469738718556671,0.5682026884836586,-1.1450264839137465,-3.6223202397728858,2.8722070429627427,2.0475168984565073,-4.430067338912589,0.05689233401648197,-0.6117589381301953,-2.57623381664261,4.142681535026739,4.686980318278074,-5.058031864424531,-23.91634169075546,-10.20887297469124,1.4329980972291163,0.9294112319433375,-3.991606275482878,-2.9268576811896874,0.30232316827992006,-7.240060248434903,2.3140074978809717,-2.344644676167064,-1.0432885960567884,1.0802884007145364,9.055954363219803,8.22010238886039,-3.068785153371963,-0.7813024277480813,0.5064436832397452,0.8226507140959536,0.49255136901330987,0.4570094211617619,2.568316388886601,-4.101699856632365,-7.103492575334153,3.2822556737469624,-14.591292751532768,2.5904926896299703,15.91814954468708,-5.107879057449925,-2.5170197130021874,2.2945152621988854,4.428453543704007,-1.037326291680516,-3.20279939126766,-4.071639821861823,0.2994705462067328,-0.8008789379808405,1.8296979520329362,-6.359725082456415,-3.8242074776122865,1.282411653923277,-0.264670193789487,0.4492479878727622,-7.217588975542887,2.4244927925159923,3.7297760102721855,2.3547615973824048,-2.919357406032248,-0.5714008352242239,-0.8058214721656063
12,101,1,-4.8433773477062045,-2.9643042088264773,4.72360513534783,0.09199601320958745,-2.407242253215462,1.911345287566868,-1.483751099965559,5.9739890400740565,3.8005859090338987,0.984980498361061,2.1573745602878125,7.690989431465139,5.1582065808413535,-5.765490587215823,-18.456187042566693,-4.63615558980169,6.133837014175498,-1.281699575779096,-5.203595666118282,-9.65853182639836,12.371927379959871,4.037269329902056,-0.38361659740302234,-7.797299117713074,-9.45409946543414,9.379863896828125,-0.9946887205105004,-2.0589990219237597,-3.5910256284739113,-3.200056343509746,5.525866082256159,-10.796121324003652,1.9996586132385754,-3.3616360192578973,4.517453671665862,-2.463839657525191,-2.282497944182536,6.828747535272071,4.522556366157584,10.746821839725834,2.0010869985605346,-5.517674830128869,-12.110792388256474,-3.334251735103889,4.2589564112401215,-0.8383126999989786,-10.546877164082044,-4.867091668553923,5.3756125376491655,12.174371788005644,-2.519505809414735,-4.122633047538198,-8.616975006272602,6.56312511656887,-1.9996544141485644,-5.352479808282378,-8.306730221116503,7.227339386985425,4.169218892504165,-3.6275282177602763,-6.6786540677066775,-3.8684715764006476
12,102,5,5.9193172914816525,-7.6656234812491215,10.428642873061678,-9.288630686314184,-5.915773620669983,2.8191785795369935,6.5577948549989475,1.6228301940413419,5.9004023366766765,4.477790855609518,5.111915678399185,6.481300708678804,-10.373170600022847,-10.883739288237582,-13.905808068925468,1.7544173266420635,3.380192822277001,-9.286313085112628,-4.209526301634201,-4.172551901522661,5.235598168710653,1.1696339961802917,-9.447665301810316,-1.8966524697976497,1.8518910746930572,-4.3347087714525765,3.2731669419445097,-4.573916319598689,-6.027434629261798,-2.8175099858696138,2.537620127428231,-8.118659455374605,6.249117530984572,9.701447573195141,6.2539041531158635,1.3270002610927505,-6.351900400934606,-3.0762853590180965,8.855702025719305,1.5833401215240008,18.492622113877484,-6.465086620664453,4.946273970213241,13.029248260273944,-0.6546831677196465,-1.9862592830209125,-8.615154723432369,1.7859353040509678,1.2913993231089016,9.351927622630285,-0.3133333583998428,-0.26184281870359294,-6.897994196976582,4.449947275049566,-5.936230689128174,-7.530340881722909,-5.845052077750128,-4.9699671877911555,-7.015267755813537,-4.576014638219669,-6.294793274969131,-6.07780849270341
12,103,6,-4.108669107416418,-11.308628344987861,1.1425320324147243,-10.179769531837897,-16.577509891650664,-8.483230442353863,-2.6952012205871227,-3.431594887861936,-6.248809859689,-3.836658731693537,2.520635064185895,1.2519177714499032,-26.432164740487462,-9.441576605208404,-34.02741233441159,0.6576242007161834,-10.009918275493671,-18.55529556459771,-10.306734285930666,-2.4177468444516017,-7.105354985267649,-10.677288721116803,-9.321016534526903,-1.398046076729349,3.971979170265357,2.2198877907713057,-7.515698569145324,-3.749306156493089,-0.28150366628315443,12.776641609817279,13.001092883871822,1.5452616050407828,-4.601195178869204,8.037391294225502,3.12952870875597,-5.315176593849618,-14.309805920211277,-1.3214761675165103,8.238886721841082,15.54842115166348,6.351428433378203,-15.353625416074223,-6.632645581573501,-1.1179118426630223,-2.0157040330906475,-20.975646349215285,-4.979279302503552,-3.4647771207950773,10.82401967456951,-4.077699005512928,-12.478692133036418,-0.7766421407279444,-4.908300838363641,-6.2132848628637625,-16.171093442681713,-10.243458386113097,-3.944670721752251,-5.723253234562169,-1.3327349471950496,-9.111350833506485,-8.676243878673857,-0.04337922370106678
12,104,4,0.36950096298327084,9.226424825332337,0.12790869523646253,1.0125291671195034,11.70237862707184,12.109532526756707,-10.959479234022346,-1.2836673083692427,17.051319003497,1.8879007085669444,2.3929538508059403,5.0368374079556695,26.217885238193016,7.542290711866285,24.266181884310765,-5.202908865244288,0.042814616318338494,5.120764346622933,6.931597824253864,-3.9452058426104486,-3.6649873515863614,5.104200601520972,6.408780094372424,-2.063149466270173,12.008199114057165,-3.130472577449569,6.593155499593144,3.428788564957271,-2.1048980083589153,-12.935389924249266,-8.038470077078522,-1.904915333725512,3.8198506227898865,-1.023379245125575,1.4599905217353184,16.718270137406346,7.548560595690703,-5.172090406245669,-1.6416566625845093,-4.704016037626058,4.54461469829491,8.505436245255492,3.8869567898601827,-1.0198903472713636,-0.021135534023548952,9.562836289439893,3.836224744959576,3.0861157960849006,16.000702971637967,1.7585761757771938,8.454864330214969,3.8368567793471025,-2.891050336314592,-0.9270136732233283,15.086186924494992,9.153790462841622,9.996173539221653,-0.858205236369607,5.266804205321868,4.5614059654223515,6.304535029762668,-2.329736846839872
12,105,4,5.426681659144644,-1.712576098547022,4.449639601882818,-7.579994230235856,30.764488817215344,13.403388421005783,6.052198078523096,8.003357887631518,17.387346952301797,8.535327703727514,7.45463474969403,5.656117602910207,22.817184624551786,17.369190452796428,8.126770633454552,-0.655782813899128,-0.001921435818076106,7.8534120042331255,8.161634185152677,2.908718138615171,-11.428109831790005,1.9473422797021982,5.587127979072499,2.1313553069173006,-3.609384421213733,-5.922051980977925,-4.005477541478397,-11.91800240221683,-5.058436338789761,-5.28899320530728,5.607155408744317,8.179238700750856,6.265377891056877,11.768507245184134,6.906455138811794,3.063408647391311,18.494206492720945,6.882437514953268,0.8263713366028329,-6.33200370206884,2.6977588660197274,28.97032444231305,1.2244995832670393,2.3411516357985573,2.6436306565045977,-0.1334454814290128,12.267117811537277,5.420807857111821,1.3335017860617226,11.908108777710142,12.005708893289695,3.0712500912387224,4.4395817034968665,-2.1367108222755893,4.118187692311664,5.960661368438879,5.357978506059178,-0.8064957086860041,-5.771436002491634,3.9825891304488583,-1.0600883121397806,-3.4736130546846593
12,106,5,-11.412953363731503,-14.33786441227805,-4.543257934631915,6.532437265401974,-4.495665029917912,-11.678681272036608,5.346778793652297,-0.5118581878430235,-2.723036392432888,-8.1950734827111,-0.41881293907943307,-6.392355435644276,2.85349854795552,-3.955457611134411,-15.633140214145325,-2.717128920885619,4.021986480779583,-2.9017656043898787,-4.815963477519534,5.105350835623626,4.532862883413257,-8.051852459905716,-1.6838391819633782,-2.632367673706228,6.22375571237105,8.124634314760018,-6.792737952172302,-9.816091760388213,-3.709331470752484,1.654196381023745,-4.5828112032173625,-7.742248145727125,-7.271026156104463,-31.105476013861786,-2.076043145958244,-13.617575285456535,-5.329494492627862,-3.5131073464276033,8.005157106465136,-1.2597550036692324,4.948262813228476,-7.479554101955376,-3.364244304438372,1.359588357293411,-5.540066012056407,-7.209035396348779,-9.1555770357571,3.5768468211654874,-1.301688985796872,1.1592179546842527,-5.113293530782913,-0.4857421217077387,1.973352972304495,-0.2713572257226792,-4.583169267285709,-3.07092148065567,-8.728619142923867,-8.251207324903364,-1.8045425952352558,-2.771366628602421,-2.3300318723181026,-3.712786772674538
12,107,6,1.8032617360898637,-8.78603396794713,0.6598027033913068,6.569913196718181,-13.692628267652749,1.8818835574344206,-7.944493571452505,-2.964948864494701,0.9543347975449302,2.215674174449789,4.469308801881245,33.80139343803977,-15.72160106820122,-20.81686459499888,-25.185530915174912,-2.1597383225836415,-2.0774799781885545,-15.258406023298978,0.0834128257432375,-1.626331731290897,-3.60085602929225,-0.498720092062908,3.3649689954366186,10.142681269520306,8.000231287285976,21.92543054571967,9.882473251759636,8.610452350263095,7.112092554603321,3.6449895320551065,1.348253726936513,-2.2472089334169576,-0.4153367296860717,-20.720777027763237,0.738588941834367,-10.134995552870194,-8.106802398520639,2.5008984742368177,5.720615532663769,-19.780031163985097,-8.886844862025324,-4.372332338627042,1.1680118394334127,3.058154145089579,0.8794334991182002,-17.011871047959687,-3.1185985631735353,0.2328236832215279,-2.2312012732017603,-16.6258190134313,-5.150841087991621,3.713802177186417,2.6630133102852374,3.783284828066826,-5.165470832277362,8.6983316981052,4.5217979561378465,0.8831456917417593,6.173963268430158,1.2930637359301136,3.30074081006006,7.827906868375119
12,108,6,3.048134127790789,8.484873804013906,-3.759132329011109,5.0175895478531025,-21.677888691607038,-11.337537933504445,-1.6551360346365547,-6.574008831936054,-32.66590252375547,-12.040555592535476,-14.165405120109998,-3.4600031029024167,-31.565017883007137,-36.50914711577865,-46.98592644348377,-8.429822830347028,-4.087988617875409,-28.816961016233364,-27.536731995097032,-14.447869504052333,-15.14107348368482,-15.187141030663387,-20.849300953309704,-19.360497651871572,-16.583628047621115,-5.782050080938126,-6.501682007367292,-8.56758290193067,-8.800608936242947,1.9766564163402092,1.7653348645785962,-4.616992072429413,0.7499530822402101,-0.17021347562748423,-2.2527709034294223,-10.06690346842586,-23.593064174782956,-2.4632075930286845,-2.7974363304845005,-2.0862401141217215,-28.236580986256996,-32.868792628369675,-4.216209158153704,-0.3984274681637676,-4.65375164246595,-37.96692963780425,-25.30650401442517,-3.7812538237379116,-16.957338445592764,-33.26304432531684,-28.204068814109032,-16.936223891813587,-11.13873511519874,-15.67134094599453,-26.134720908614206,-16.873672642177205,-21.36442458615978,-14.129829535533371,-18.256810968253387,-19.96395149781574,-16.186334078768034,-8.77504482138164
12,109,6,-8.606929674892251,-17.829735034554282,0.7377125505221689,-10.177098087185602,-22.04883901815769,4.1780716803538205,-2.6957447640881758,-2.110367362546484,-7.548253045996604,0.02197405088283977,-0.19296702161067786,6.059399129459408,-2.4477014656082083,1.7786246524064633,-10.804792962167648,4.491000470864337,3.5231273515581547,-0.7616037354327552,8.88435463970754,6.128827017800111,21.926981043797458,9.249721936881542,17.170948032724183,16.963115218799654,9.957168067010436,3.076028369628347,16.357777921102453,8.852352242462523,11.183032896142548,10.840743561161728,-7.0931481881430605,-7.866857601420548,-3.996890231975487,-3.7650061279489915,-6.354032513015426,-3.7742887182323024,-10.585423313251626,0.05515208835827079,-3.270010841260781,-3.6219915528554587,-1.3214381892353355,-10.24980829441324,5.444863457073705,3.34364391388031,-1.1839140252460054,-8.739039400297147,-3.065810358481163,4.899022438926851,5.1263979020551185,15.716692167720408,-3.2689026793374154,7.890934221855388,7.246473458811371,4.0267478931005245,14.029848676197599,12.581673074539236,11.578199046527647,17.27722816678083,12.261981445410077,11.871062653457253,20.409976142027027,10.707618406587622
12,110,2,-10.753787039063598,-11.156727336119955,7.222590581235683,-8.8925880704802,-8.080543094734871,1.064756991892553,8.029288484192476,6.654067623360852,8.595552934961184,-6.861091284899088,5.084181642670908,1.4576013964578154,-5.846063555445427,-25.887950351688918,-9.761748742635882,10.913424385257253,-3.3149492319718705,-19.694751721085606,-7.54084126171997,4.399455413188237,0.8830066453665495,-1.4473623893587155,-3.980027247220278,-1.0434486575242945,9.15997611399649,4.027742220648202,6.2196052430492905,2.1908728074929793,3.450964854167001,-4.093103996103223,-6.359961047768593,-1.6449348559466799,-3.9598355757018604,1.3192428720251803,-2.2916626323599436,-15.405920677216399,-11.464898961743833,-0.8146321309003531,7.749027832888252,11.262008841535666,2.3747805657387695,-12.217940632322037,2.2132808470689693,10.433244165192109,4.914191401563585,-8.456945890469884,-10.689364944800465,1.8236177218396488,3.1074493102404217,21.911234876027375,-15.195024664672767,-1.1918314667191443,6.5908591107340415,-2.3616803581485635,2.6358481376409175,-6.0961545533784545,10.410532729534815,7.43445153136045,-1.9034026506152477,-3.462666058929201,2.8764965073319093,2.9649909698835963
12,111,4,-5.341153539898923,-17.56453825765084,-8.832198406615083,-10.667601577119855,-2.921809807692357,-12.286989233013614,0.9295334869132537,-5.868686457914182,0.24234225621401606,-5.15309120212091,-5.984868580191515,-1.3225885327087652,5.18399812542356,-10.064177243152587,16.01915010741753,-0.16681726238258715,-6.740602785301187,-13.911808183234998,-5.307819569835487,6.228420141289327,-5.389142454993663,-7.731798337448795,-7.0820115387735045,0.7289186576090287,-0.2300301098560043,-7.723573393983451,-16.25095418213708,5.0443502610163184,-2.6409929558384877,-4.468946400143932,-4.430893270480564,-14.622271305222695,-6.390787958082313,-4.878910769504017,-4.12262470084356,-11.634817366601853,-8.239459789494365,-9.355370156376102,-2.81563490818868,-21.15547531845458,-13.452531871840169,-3.0362981287308206,-9.59729109923696,1.3938493221748354,-18.58192982488288,-14.591322149468095,-9.272458717090691,0.4497915183182637,-9.440283015006917,-12.12738986391853,-13.82883362635607,2.984327325160138,5.59551723903363,-4.355625306653634,-10.098897437383302,-10.152132389510463,5.095714286787483,-3.076302293869781,-3.1026542680110896,3.5504231792924346,-2.4836478104883053,-2.1624603351441833
12,112,3,-1.913456326941165,-12.21352478260424,4.2615941108499715,2.531282882001705,-3.9004783442289304,-4.596749834080298,-5.3931538221971485,4.173997140449767,-14.236939649302045,-1.9687264322689384,-15.99757223394585,9.75750974009223,-8.681864778988249,-5.505741952850318,-17.027402523087293,-3.9099209992124173,0.5663908433350855,-4.928829632074821,-9.384667511847683,-7.915617689990056,-18.16067300174704,-13.035122051721485,-11.77807218983497,-4.01181904366524,-11.440940247496544,8.877060834772697,-3.2966956868654176,0.5616379181013967,-5.094888461776438,0.22767883155597107,2.582103360455664,3.5931240507038074,-6.056744562021863,-6.470627571705999,5.184596472624236,-3.321724642062465,-12.208202949776195,-7.724007378582179,6.122944786031613,10.860425346144819,-6.55412893524825,-3.5724309682391753,-0.9465985631984779,-5.391792860552214,-0.4981639164658943,-11.816205467710766,-12.463034388830696,-10.443002945084762,-0.3725726654662227,-19.051795052898274,-9.860427486926051,-6.680857823764136,-11.935754373510624,-3.0562453921657173,-10.389127556444715,-7.4968425916428325,-3.880075912144626,3.507389432046469,-8.757680483809791,-12.089420938909774,-10.910731816698403,-5.087754815612442
12,113,2,-10.7149626524074,-12.744681333850439,-3.282179751904774,-15.726510020131917,-15.770554881696242,-8.004297589610623,-9.119301971899937,-0.5308489585096563,-2.9949160907545296,-7.394476840817708,-7.394826608837767,-3.4067387019976856,-20.492630413301832,-10.574581670978036,-29.84506793440571,-6.86735271428507,-4.043577090615586,-15.659597640539076,-8.922660674113303,-7.374285150398838,-12.529386271552253,-9.38706078705457,-6.308432659315996,-10.634533148565575,-5.293004512571071,-7.40320328234626,-12.03846566165548,-9.758693793726083,-5.310887106603418,-3.902344917833077,-6.648383485562192,-15.13357320188391,-6.94527106495608,-20.388086340776304,-5.139295808244043,-12.236708045041286,-18.250170339818855,-7.89415769506155,2.900413044302429,0.5745569084339393,-13.378608053623955,-14.772887260472773,-6.019365529695854,-0.8642644473555967,-6.876517354328998,-14.418867119667466,-12.116236436441994,-4.214287720427552,-0.8706396253007209,-20.820184852110174,-6.632485436957059,-5.467343144868383,-4.773650329835464,-7.893862671241523,-15.279377200731586,-11.410509547570767,-5.767989301787141,-11.823444474000116,-11.048631043877547,-11.418262579273893,-8.59378325390039,-5.891241908936602
12,114,2,-5.159382157930651,-7.940018699975778,-10.565627746902999,-6.435595541380393,-13.151299998096025,0.03196873323901084,-2.1584279027188256,-3.8724070730641826,-7.316360568616352,4.803339515108524,3.466841798111024,-7.022275028432289,-13.984636539411612,-21.35792301189178,-3.215191663407564,-4.303186787370444,9.41133545426561,4.920507719354111,4.419347894582443,-3.9871735668786545,26.451033461748114,9.677526819724132,7.671324445525323,7.62678228326074,9.297285388269252,13.022203014754666,7.457971902995755,15.341338535112028,8.120188966166321,7.959970249544561,-0.8879744645673778,-3.947919459212798,1.7707536589501924,-30.411433499124733,-3.56925387626014,-7.38557351928307,-5.7257477073424825,-1.4803297131027038,-0.8101278438868862,-7.629398979030816,-2.019660667993308,-13.300837272914452,-5.40965022839515,0.2861175765326,2.6950368101157762,-9.103665200947995,2.759307234389027,-0.07168635754085118,7.207324648287332,0.8237799592372925,5.222577930274759,6.044942194266562,1.6744892028864562,12.09419494907076,5.015141478648817,10.930447315615485,3.258031576099555,20.19015984703992,10.050453470372476,8.118052681612712,12.299242490788968,7.705029312793806
12,115,1,4.304901712494565,-6.959517384995706,12.899519310980223,18.398477169071747,-3.455001573245858,5.9235013917077115,1.4601380182657304,20.66534688006858,9.003157681762808,0.10475067074251682,9.355041480123452,10.97229280268273,19.867649222174702,-34.04939046193189,1.3484686501324177,-1.1030545322928664,7.774039916647321,-5.902833578562956,-5.923653091281292,-3.6347546293229853,3.5264519012146986,1.6075136627456748,-2.4770493821167134,-8.710930328009791,-3.605941833155915,-4.695310642102326,0.9008639881787706,-1.3795946541401298,-6.012467882527808,-9.31587164984199,2.7647849989276962,5.63561415913651,-1.9346129519115323,2.0075422306885815,13.043018381900666,8.886710012104457,-1.4810755347049356,3.8253410166901762,13.677665649430548,14.874899047245153,15.931700662323625,6.493777271541885,4.8029982195485665,3.4242378829910254,14.538302149896206,-5.880096895973734,-3.4347171558453353,-0.7314678785396828,21.912612817288515,16.68198655641685,-7.934111229575623,-4.970818397520883,-5.572110525955644,2.5224594936547096,0.04739480525845752,-3.465122619325796,-5.73492925974154,1.3497410634342322,-1.1862399536412123,-3.2494525785455712,-3.7252927079524203,-6.402741996071685
12,116,3,14.482126222832546,8.605931049757974,18.647055580757748,21.064646526171675,13.613382665031565,10.545718395219348,8.613709466648999,20.178420751650876,24.395455842337952,13.518559359150329,4.022648036979686,10.364178691854377,25.30512625705907,-2.1943868600824414,22.3435946240476,5.182325304962879,21.037114832641134,11.204682496308186,4.759222816494176,9.237523532086394,8.635641344706528,8.781243136832659,2.7355929866728435,-1.886880973044487,-0.4872421612054473,3.8813778719206016,7.243085591224721,0.5066880776387891,-0.46566835679568186,-5.7185971660187445,14.442391787905523,11.885439512297145,12.073029907420278,11.39800766562452,20.12048755608578,19.164193488475757,10.238920357169173,4.357403454248699,13.679490151020092,18.08743186176913,32.61185445472962,9.553625304166724,17.315289802258693,2.3324083514999963,11.33285250519288,14.611674035104317,11.870131434827323,6.370056933212304,7.076470545583929,31.439944986890026,2.9952110481596117,10.330827859843643,-3.01375523929643,6.9651551317258855,7.449949139774569,9.18792919755527,11.621418110489634,8.954157547534745,4.073055563505924,-0.825574952722868,-1.9239187090793948,-0.7726224012582044
12,117,1,-3.6837254150702456,-2.6775587555958076,-4.144834687845304,-8.0808505787764,-15.888342505184609,-11.465328778077778,-0.21027663297860374,-7.176544103271712,-11.20091135846451,-4.9320529726356614,-14.154099889955674,-8.634646953833172,-11.286532179884071,-16.549973938682278,-19.09893291097181,-13.384995979665803,-8.517171320653087,-11.454373327924351,-12.731265120123075,-7.40691972471967,-6.960895120279816,-7.516874116459268,-9.321104967012639,-4.76065550198233,6.5072397467248715,-0.9370378936845353,-1.989996742820594,-5.96243108649988,-2.973687915585755,4.355945524646016,-2.4675855516972836,-7.754539302550256,-3.764993491434922,-2.8023577864599822,-6.3888285934198175,-8.313387705240304,-19.33893655683482,-6.933295932564336,-5.757252995708456,-3.2858161358844193,-8.650043458030442,-22.526550082905118,-4.346549168317124,-1.999376298257764,-6.111715430439244,-13.569152295135147,-10.052429691547667,-10.360525431242076,-4.996706811188743,-12.121267496721773,-7.055798524059355,-10.542254718786486,-11.318661015168425,-7.810635318979621,-11.637762654572725,-9.542033579427654,-9.50163771919679,-6.1470130827823075,-8.369205698643515,-7.096266257054197,-5.386239362744295,-2.8180325224813885
12,118,2,1.67390350728415,-2.69419830883058,8.726213243312948,13.714037650514673,4.817872224966201,15.194721281210452,7.275117585798958,6.116763415223942,5.810353071281186,-1.3682515010601146,9.596001669685016,3.8021112754600246,2.555865141330287,2.2998917895119364,9.061874423312341,10.326112841495895,4.320277206145408,-6.711419261730754,-4.09341585506662,9.768604217324313,6.2718036285624255,2.0557039976119995,-3.4157515579107676,7.287712092534068,9.490079674256467,8.794461191200266,17.505433695447607,4.230788379135291,1.1705906134462212,10.719635619850065,9.80268822006155,11.18042887729115,4.038289006822173,-3.5941437712810944,4.995514339176803,12.008051676221378,7.13327024760372,-1.9114927913760766,4.999403528142266,7.638875296725551,10.030164869320462,6.9375811715087865,4.497460038344399,11.6082548132825,-3.8346152111161027,-2.699499064068333,5.5359914204355585,5.83052359582152,13.209797777553511,5.615982833113975,-6.237475230915066,-0.9347667273406581,1.3863322541526546,-4.1818261176415845,1.7684697971974561,-3.572835435068641,8.841367194156456,12.514874592312706,3.3298316979944063,1.902960205087211,2.6112236960722894,1.9923057615552557
12,119,4,7.9092213169603465,14.49659579467573,-2.907369721113,-4.54919492918998,22.238422528068288,-3.1925939843853643,-11.63419803516888,-4.04961107547463,-8.908039328446272,1.3185645481798713,-8.483074548245385,-2.0833327780909316,12.882517331870414,28.965524919512777,9.062932136718452,-9.817558185674436,-3.2556171292189213,15.29902116461976,-0.7229142968738808,-7.868475641918985,-6.961935866135744,-8.309797772206366,-5.078783934799636,-7.303660723125202,-11.195054370995114,-7.1231364790895375,-14.385760724589948,-16.735861971860796,-14.042325097658647,-0.6600596880449389,-7.072568772156245,6.302921234334749,2.5852214378168483,3.4554945090785623,-1.2243985160276645,0.29538750057903707,17.48745423051664,-5.92355201105451,5.70413186129824,4.800916671361092,-4.987841367488727,9.13804836457641,-7.044211161229188,-11.019801426037192,4.865650497896527,11.837265129905289,0.8756665239116259,1.740857914009233,-8.404225078655593,-8.331822370428862,1.6198974950466223,-6.16445740921105,-6.314243223631707,-2.2437200325132327,-4.260047729831282,-7.996194727537104,-12.008283376330274,-1.0042999462428988,-7.402158272361789,-10.488425763323903,-14.755809412496843,-12.819772195741074
13,0,1,1.5204705898621609,5.307664182184765,-1.82032212606495,8.890147565341577,7.850079779944767,13.689990617880014,5.038864996738549,3.518984986162494,13.241266785325806,15.718937911047812,11.295745123972795,-0.28127850642109825,18.967747795395553,16.182492771645915,21.754393074661493,5.368940327089374,14.57032022976158,23.464040500248178,22.96077181571503,16.439028831675834,6.3812801274726505,16.004847846016656,23.04892253139759,22.936587702028643,11.595982048728667,1.7036833780045373,9.664657413823209,13.111597615566737,15.695718835857578,9.252694305486791,2.6093353263738512,5.359835822725804,8.188186556918593,7.653573807380755,2.492026745920954,10.157294672891133,9.16451470742411,8.475620172054668,2.8311816191260992,1.9024655253203322,12.364192800681547,16.746821779348863,9.81102668899452,2.0233288661054356,2.2992735396752635,13.189109577672415,16.50056799732875,11.937135703316542,3.3530342894146328,17.27886658604825,16.416339288579255,20.075956373316483,10.14011529815474,7.810247014395939,19.56590231930519,28.570668079867584,18.90015821349694,6.500670421661284,17.117162227505677,22.68120031731156,24.867825690929493,14.378172118194032
13,1,3,1.8955182054622386,-5.812975099764579,-2.0713478725704544,14.69218482603831,1.055525535331448,9.367989703352713,-2.1727306363059276,-0.8133667071588422,6.310881297490221,1.9001065139295306,-6.498675214581007,-3.559156325986476,3.168269291997137,-8.982713787288334,-1.3623856282565836,-7.444718183006905,5.088353423185919,-3.978120843221143,4.250154240284023,1.557263692657792,0.07819607144323829,5.911689149261248,-2.8425192239434462,-1.4239247006452165,-0.06894743986848026,1.3440754863450564,2.6592668564876605,-1.4580167277784244,-3.0394645426649474,-0.14907760993100538,1.0351553317727287,7.142450025711896,6.194159695696899,11.099955781084695,3.7281611487269397,13.293510319631007,5.755412062539194,-1.2679321828707144,-0.1819630768178485,-3.731910319101612,10.732175993960256,3.5743908231294292,-5.1090117262948915,-1.832632113600196,4.433439100956226,-5.826959854139516,-1.775054659081122,-3.26499527741632,1.7474634240881148,3.9932688418662226,-2.0092145259742,-0.8320406243863805,-3.375975899264873,-1.4850137470937455,3.715490971805481,6.62892051595377,-1.7992172826808424,0.3331835520930774,2.120065615841799,-1.5780228125158577,-1.0472023591410562,-1.8075187427116697
13,2,1,3.3368923031929425,2.4868548487983175,1.5325681026315137,3.2663133091225123,1.3162105737662877,4.052592984877707,5.541355858466065,5.203245410775174,0.12698952094992477,4.785836653193321,7.690003005515147,16.474467714124057,-1.8890606571306894,0.32625074993546654,7.4311908568914316,10.056661007244413,1.8528762844024882,-2.201341074601771,-3.4380805544873265,9.765067763342637,3.047899241763645,-2.1532608283138486,-3.8259927118878574,4.323661228301145,1.905155850983248,7.6869166438899335,4.3957671934920475,3.363122161091642,4.776195453298161,6.565933527288642,3.095403371685435,3.2731310161080494,5.502671904543916,13.152586716034152,2.718119243580121,2.090752913934609,2.9261139890678756,6.367925711998308,9.644672692668188,7.78795000416988,1.2935101335141346,5.4558738169782774,4.244110914026727,12.708458242937922,3.562660579365201,0.5358265923313454,4.242468665285808,5.626693823136297,4.721362345306797,-4.344384377572412,0.054591813167303105,2.640830632921014,4.1084237398761445,-1.6961201538399953,0.3699478719656053,2.6343009931648624,2.40917374634343,1.305272791330225,0.276178793118493,1.275956302903954,3.126855480552813,5.39133825057709
13,3,4,1.4180470605596627,6.679727080562033,-2.5190237080799003,9.21550140504316,8.884208724027639,3.1548068179726263,-6.206311223386764,-3.443403572437533,15.3212979511335,1.353417850167649,3.5193415296423036,-12.749828897802745,10.39680993499621,12.897487507497031,8.248324796995405,-13.515857251875657,8.448954420811615,15.17834995055524,9.502196687682556,2.7059533747321916,-1.6603211279867625,5.06374066483184,5.011921938179373,1.0805920644140794,-1.1595337192255362,2.317673653659482,0.31949059125717394,-2.176958810174609,-2.8020993811191923,-2.378348402539837,-2.443651128105999,2.5278114521444373,-2.152879099435423,-4.616925589649413,-2.5003210197248293,13.658398161755828,-1.280105393152775,-5.406010845641991,-11.66866062060226,-10.223303239156563,6.0625926899473885,0.5520478257648173,-3.368319160600262,-11.133114957489168,-0.040005698993166305,6.444800053893517,0.5364892426764645,5.452067030003152,-1.8194865645477314,8.623044627514197,2.177671820107031,3.5482293857125207,-3.918069156250215,0.36082884669303894,8.305199901232639,8.482160405642006,0.05455939989627856,-0.6797864040609745,2.2595091460999575,-0.24929713387263347,-1.6883157138235685,-2.21263901971099
13,4,4,8.466400239642896,18.826737541182915,6.999577847908519,14.456703171497448,14.788165310125171,15.726259838812428,9.79725462176253,10.053837466848695,14.34960135475665,15.224766426719725,17.11471676081419,11.562387053241462,6.447241874803545,12.428933782866459,11.01774042422271,12.312853274117343,5.478955893771627,6.118905996335906,6.288418593157726,5.440769111271948,2.6498163785578157,6.44366919864877,5.4659040536981305,1.6542921975572995,-0.8215745749724347,0.5971135836287694,-0.25433915039160965,-2.3200362774702494,-3.3755725947912896,-4.263843618594564,7.48978032823652,10.089308771465202,10.622906034959973,9.813155244611398,8.5393706131045,17.478902144706808,13.164320202266081,11.857844611845634,5.314849254834219,7.519968279171735,11.78631490399698,9.480814452192229,10.689868972443675,8.581303074081406,8.87443774505007,11.325724124408723,11.406380141987302,3.969513226084677,9.295408254330292,5.983899555577921,4.411617523899708,6.474105600301725,4.5921795810345705,6.088750476971628,8.215889497580603,2.3962011649386885,1.1810348061958291,0.86321527206498,4.295245247075287,2.0570931039046396,-1.9692664906473425,-3.88104913947059
13,5,2,-6.3078019682760935,-7.533077760679051,-11.385163562258752,-11.238700620489336,-4.285834503371456,-4.615729970550851,-3.366972149985772,-9.741971240151766,-7.606069644390628,-9.269833822700589,-3.5632188456791765,-1.4841096652330972,0.1845273835266506,-11.937369711901525,-4.022102515531203,5.661009259340235,-8.2920651983288,-10.395542174038217,-15.058646450909526,-7.991939900590608,-5.1270552994342635,-5.438669373457344,-15.976230287969832,-13.380933704787422,-0.81866814402818,-3.501470837071992,-5.648245375183199,-5.596977674515871,-4.9713797270343045,-2.18022897199404,-11.544361419288629,-9.726427017120503,-11.00166315821612,-0.5057574703199126,-14.672027164048004,-6.14418511929717,-7.484136818025098,-8.649843526231798,-8.013023211143727,-5.526359200068725,-7.683506046126526,-3.370591624549065,1.2778075723795284,1.6274572601541877,-9.693109340375148,-11.788450629563956,-11.057371430553308,-2.900752182714868,-7.194697232167354,-4.050857151678204,-12.489701987948363,-11.125613101508184,-2.306325278256269,-6.655730238757887,-10.344566429204237,-13.167619277728816,-7.120534815802811,-4.890536418406112,-8.778911110774684,-7.863423394652584,-10.986587305411275,-3.3245102304329244
13,6,1,7.276412064932205,2.8648845897277635,3.509098840309534,2.2895422225517046,0.760665665244366,-2.396989853007766,-0.4351605456776738,5.448559150318387,11.042133349891209,6.44226467634392,6.600000271085292,4.057379415440488,-9.33134412096541,3.9846216405673704,8.28184048776947,129.46194433457234,12.822655195938188,10.258306439965963,2.592862030735419,9.56967459096597,6.442581620941893,9.739385500413976,5.271537384790621,4.455293158319116,5.976927015669901,7.553411988515932,7.7976993420502065,8.11732669106525,6.104276691855886,3.487331219897724,2.3437990738027845,1.339206285979145,0.07448659557849169,3.1443695788897803,1.0423403243170826,3.640964785363618,10.86068898886896,0.7888475578709886,1.1627606764455645,5.506813734107535,10.185429755681357,7.427906297147274,7.10462692050581,5.266430392310524,8.014802393345896,5.817801122178848,6.849650283434953,3.941875191152705,6.848893906432775,12.039332356550966,6.358097207885831,7.740669287161949,5.819645076524466,9.665338202084344,8.35747234473323,4.772165498514541,5.129118948311706,9.477234574602681,7.9553919233745205,6.322045977250105,3.8185341138415376,6.1590125082549045
13,7,6,-0.16269492434065108,-4.713402974021778,0.14343044575213004,4.107109202253749,-7.517663307692402,0.9650553925241141,4.74114553843875,5.352755249716435,-7.865137802641385,-2.3198994707611447,5.985037684826775,7.923323818189999,-6.976791038155198,-3.572932150163804,-3.442708502955189,13.424144614260738,-4.1997942434987285,-3.8168052651169826,-4.034246892691021,-3.5315110772484677,-7.660096123411392,-12.360904698010259,-6.242877441109158,-4.924289858820511,-2.714013400328596,-0.014139559545849556,-10.51772727394795,-7.875434483628625,-2.089402286767414,-6.216953728575167,-1.2751495795347152,-1.542140858724894,1.4515087254140986,16.76860013695024,-0.9300342158459856,-3.422590393164171,-3.4066212829315967,4.300719503245155,7.287223803129315,6.335195197655656,-5.367669099623839,-1.7299672697320092,3.144935002289259,8.075934540213469,13.193514238699434,-0.4428677882590304,0.035953980421920856,20.677975177037993,8.78108995157953,-5.695749292337541,-4.6978516799465915,-3.125483212817926,-3.951048252286343,-5.899634839134954,-8.137855370165546,-7.475064542547729,-3.955265629491429,-7.9467300932354625,-8.425090826685794,-8.1490381370503,-4.048692556756843,-3.023866431742179
13,8,2,-7.234223851019782,0.9072366275586102,-3.8739721826845543,-13.370770081673289,-8.139933527424562,2.2751325216916642,1.651670274903952,-8.784727574893969,-3.7516790802147577,-1.8759008300399818,-1.7722923754169249,-3.8616693824211676,-0.2658928632452271,-0.6271789580151994,2.2250498567662422,-1.4038678593649643,-0.7436341347610114,0.5305395448103374,0.8193811890782735,-7.2503622502469,-1.6788365778104366,0.3578719282295661,0.6283999653305945,-2.2452543067870794,-3.312888175464892,-0.2583908442345385,-2.3501377655647526,-1.992121716983978,-0.7315617708216708,-1.3304473796813951,-10.732892750601987,-11.80942594253162,-2.5733021213105185,7.751038056769886,-13.344172948602262,-12.211722573856035,-3.582566187876033,1.5492215062180676,-4.028970709834364,-3.171636677188118,-12.64395512436039,-2.2840787403359295,-1.5206074144140378,-2.567878278983166,-5.8934797806489305,-4.209503929516888,-0.5796498036545846,-7.554179172197684,-0.396483852688462,7.841753079737654,-2.0306902811748975,3.112712194177707,-3.236291096057381,-1.6306950270266456,-0.1520668277857704,-1.8504236379876833,-4.187660750637691,-1.775270813451399,-0.8536424016716277,-1.067446485525224,-3.4216720134633185,-3.142363572538627
13,9,2,0.728136750440704,3.707899035374127,-2.339109899578389,2.69857736951785,1.2558095157373594,7.2591860208932895,1.4467583274491478,0.5584368622725508,1.5346173146035433,4.769936008867236,9.976808167994022,1.510584442951525,4.525259775881904,3.1430693770838323,12.9677747995479,30.65139429248506,3.897151510730933,4.666486060383117,10.939922343984966,9.720365714293163,4.697282664608441,7.189903654169477,6.155699063035684,5.6968008899470695,4.102949377353781,-2.6792372025594835,2.099508171123112,1.6298594735222074,4.63384911318724,0.7918188239038899,4.567948558354301,-0.15690371838523148,2.870600205670087,9.383451008330892,-1.650564661408524,3.9595369761809707,3.4725721959399465,3.09056291732619,-1.5742412528545566,0.12822120526532926,4.417858937380428,9.491255257599533,2.0326495901113613,0.5576085248740563,0.5083038110297342,3.8705686977723723,6.591237765714167,3.074885478589637,5.015595520329779,4.794084229637168,5.360484075201563,6.773283702295799,3.344214202106429,7.451762679598027,5.312936755987567,6.048499834723771,4.944361073487414,2.6210150315267287,2.9348620614491234,1.5799604673960768,4.7394239945428005,4.446663889153743
13,10,2,-2.7650757367472782,-3.269677220866442,0.5441532681991397,-3.72649357203258,-5.120849904990415,-5.519267782387204,-0.5411748067566718,-4.267978112292813,-1.6485873978249965,-6.276076296946349,-8.170467087362963,2.933187400272669,1.3772563105165132,-9.198491502644085,-8.52245780689324,113.61007851216847,1.1673886280552281,-4.396962953481545,-4.2099397187532865,0.5991699645159443,-1.4796509721498121,-3.3676851877442937,-5.263379844365549,-6.804944737746219,-5.472141849433597,-2.9935812576355882,0.013339985173375757,-1.9235992086483407,-1.2175866272357276,-0.07287672313679872,-3.816283052605458,-3.265380568835013,-4.787450208169654,3.2494618634681975,-9.283364882692695,-5.426867284627469,-4.813766505024053,-3.7719015935890208,-0.21223743184946658,-0.11415011518657575,-4.023359472180503,-4.303600800166862,1.4885935667879528,6.93681423229779,-3.2069062887713664,-10.304387771410914,-9.45342131486026,-1.8997392612963746,3.9179322494352933,4.050507788069367,-9.020378498979499,-9.04181098149771,-1.3095657128113793,-1.2876685129722754,-5.182979592031275,-5.803848910940495,-3.9449076132008387,-0.30477478011034354,-2.208879102793773,-5.265771335243562,-3.4371909034415733,-1.714271791733621
13,11,4,1.1762951604579015,-1.1974324571173187,8.429614361132797,3.189478571958291,-1.3888567115475494,4.9577407435082455,14.968356433619816,9.284791061245812,-1.6717126871027606,3.6298828713266467,15.22819865967443,10.540741059338531,6.912766875040429,4.069188801617158,15.509131380220548,24.77665312733594,8.9257341893617,10.50150245214563,15.525752442468674,11.911474843350499,2.697367280926102,11.678424397716299,21.502989198013058,19.263749343683802,8.143210820217687,0.3477805061095459,3.6115872496966137,6.13779593752016,5.774431671174928,-2.19680314703572,8.25169937442647,0.7952150274976744,3.3768151426395407,12.172152761915111,7.798070236092166,0.9326777994496427,1.412637557505015,12.00334242252042,8.978795326076353,10.483210313781283,6.650191050045551,3.6778947912133897,16.764883297245667,12.306100327794141,9.38439460631414,5.412381914080818,8.59749546363133,21.105846191870004,6.245131987465045,8.1708957778358,19.473667469693392,19.620494112554113,11.627401566678072,8.301911707058908,15.634932626947384,22.514619462918965,16.296639188079208,5.236689040301052,12.974455614403892,15.225108680519735,15.884251090993244,6.152799860051856
13,12,2,0.3831113733850946,-3.196609577237879,1.044933439453883,0.44210064203603516,-2.4371431426190555,-1.7737185246901712,-2.771317186776728,-0.28955124989833525,0.7278702269512697,-0.2536152585795732,1.267229936721664,-4.1878227844902485,2.1880082561657166,0.03383258935745534,2.255104481651472,-8.504936494342074,5.011262961825145,3.0398139420033607,-0.532329460197105,2.1179587328238645,-0.02629108170456229,1.1253264903136289,-0.8579606849064176,0.7032176954217424,0.5616494632757678,6.394083517490001,3.969073815225831,3.1136918151069706,0.8667304538667371,4.713017731450684,0.06942642530108506,-2.2147926524417785,-2.4314059101204153,0.3615922951480248,2.516167711284824,-2.561428029976057,-1.4764239826671244,0.5906883713493982,0.181653350331855,-4.158693732557499,-1.8318146416326844,-0.8610147742054819,-2.8918347512031093,-0.8708397671665504,3.2161838116249175,-3.93272732016517,1.0170612700777606,3.2908000353632936,3.248827938285727,2.662882758622488,3.3172748266696583,1.2226971372757576,0.559520967707899,-0.19607739688873954,3.5170654346484937,5.360440877879539,0.36676053693745003,0.10196979818638685,2.760829476261989,1.4396237064062092,-0.11068544441425487,0.9945986503053755
13,13,4,-2.4203349604475775,-6.21434258024504,1.1081616886495318,1.8585270141228696,-7.346605746211799,-9.805559632243446,0.007804556738404411,3.3744597054745356,-11.143354081230735,-12.948499371774686,-7.4615804475346,14.34112698284956,-16.345137172219605,-16.765963907467157,-8.388816307662289,6.243921835839367,2.0405008867241032,-15.761212394413791,-14.883421811911207,-2.16844840097616,2.707865643814751,-6.205760192625771,-11.799464193104606,-6.877468350942517,-0.13600052357367376,0.9673279287043678,-2.9033992186802022,-2.5106717217954917,-4.249549247790127,1.3282936165086574,4.243999207199255,-1.6765640594701234,-5.447748777030673,-9.102874705068222,0.999709148028092,-3.6863403195833317,-9.20248551793941,-3.406509593052491,8.96375171824291,6.464129442553513,-2.7695021191427336,-8.021659644082094,3.688872184365895,5.878148135585746,-1.5213602162306987,-10.88631373970974,-10.038768638660793,-2.1405474238847266,3.5080327908735605,-11.52548586848553,-17.001099735816442,-7.698538695348474,-0.24467267214303573,2.33233539766927,-12.82521582762825,-11.99038062680785,-3.0426447250675865,-0.2312605658818678,-3.1566218902504595,-8.197557845448214,-3.3336725819447057,0.6215246288651022
13,14,6,-7.518376446612992,-12.619515217613523,-2.4050537156531697,3.3938106357846873,-11.344250308440579,-7.124914212765673,-5.1568470675237,-0.5267147357836831,-0.9827316873252556,-6.9299676287237775,-4.281314618419856,2.558280207705116,1.9513597129049094,-8.06089459742396,3.107792541827643,-4.521074826908634,4.743969079129757,7.318848729360753,2.336246730918746,3.074302104518964,8.123892312894982,10.611428046485456,5.931951208562566,9.751853750213678,13.7408404453862,1.854529339740644,5.75566059095422,4.1969094285855,6.539401106661323,3.9150582730100036,-8.725590718103714,-9.977373656930355,-10.087821406380439,-4.274107968437533,-4.867108655162156,-13.206036709453443,-7.736102540023266,-4.695499817761255,-2.494302892762167,-3.126772571207454,3.6334232254771575,-4.654849573163456,-1.3252611129953555,-6.599791384753537,1.9976391965671005,-0.04047018159805493,-1.556233655229755,9.20333543367593,3.397786730582396,6.819163424905576,1.3975472133038802,6.352017808080898,5.304520106079375,9.16605975928648,13.885769190198577,12.879656325298832,12.95242497249984,8.665837856743591,10.048165069574988,5.741920686372348,8.476552953966323,10.713069943347708
13,15,1,-1.7533015880006833,0.06407824984365748,-1.290369664006526,2.5600557796111905,3.624887597270124,-2.4236770151041043,-4.378735626491904,2.021888269372738,2.8227792912867056,1.8241865128142476,-3.837661634733127,-3.6776245749305665,0.37310645093278133,2.327080850693875,-3.3378035380709448,-9.577904072939418,4.660050150188735,-2.016702097318158,-8.802486638470391,-5.168850915771968,0.33650773909033804,1.3465856822071274,-5.0085258627900995,-7.5406626507912415,-6.048921245672717,1.3126990700129249,-0.8758674309668468,-0.6278921440016563,-2.4172483343835443,-2.238094536525127,2.0143718754463844,2.8894722742176184,0.0861122916089136,0.935306849151217,2.743906055168225,3.236056875710085,1.2330154836541278,-1.6270034936960873,-0.0030252433313839866,1.8806151537815239,2.7654862676451866,-3.725694141373401,-8.509809353465506,-12.599440332475863,1.8348001761407375,3.3921826340076393,-4.179013540286844,-5.418785411864519,-0.1982958276824256,-1.7031360043258204,-3.3306040096937153,-7.361746481188189,-8.69665245207526,2.108205859617491,-1.988930746276932,-7.161253580687251,-5.342353998842404,1.2245770869095154,-0.4562546375502904,-2.99212625525642,-3.815487142652273,-3.559811802160723
13,16,4,-7.644083793699545,-8.925078708644408,-8.50787166617357,-4.465701429684443,-4.080411145327294,-4.961500785972287,-8.411174556910536,-9.552956380285089,3.0090245793789334,-4.705739034021773,-6.6984116927573005,-16.02243054967101,-11.62319861020802,-4.036659889945352,4.947595256727141,-11.149296573601758,-11.043775803500369,15.768775660192548,6.618670637043551,-2.006873506700574,-6.8587764506114635,5.323726931132562,14.329422047452587,5.400349307203345,-5.966284467259468,-4.856804673838222,1.1777537005340184,4.849064963892463,4.241442164497044,-1.5678665522690398,-7.694184490343239,-4.783178813383553,-6.37692952009554,-14.30735547867853,-8.34194614026105,-1.8295996150047316,-28.50390315575172,-7.000395389881391,-16.64219401558724,-14.422575235003368,-2.3622604680599704,-11.984715333526461,-5.5742233176744085,-19.232293624521745,-18.221585510798338,-1.5984002597539153,1.4566336931041786,-8.503128477440379,-13.097393376480158,-1.8967355364797283,8.420387271700836,0.9173820665015322,-5.2577003697160505,-1.8161912246539083,11.469341910784921,13.143056896674185,1.6649779120074002,-1.0719808962923016,7.975974372383661,11.556883951876218,8.08735861344172,1.4325646821227735
13,17,5,-7.462995932869065,-12.624146631487253,-1.5190083940581576,-15.686531471270253,-11.085798209987393,-12.270755114067883,-0.7369101145759054,-5.101621395499422,-17.113917159507192,-13.820513224910664,-0.1479971665830817,-3.976773885135515,-17.16809115602022,-16.659430798532142,-10.78727567955999,13.847845135279368,-11.548179084779386,-18.504970860414815,-15.916657573566209,-10.511521914837562,-2.8772666480430575,-8.212406801037131,-11.760520859530605,-8.777531719016961,-3.2581559229874983,2.768742110489343,-5.869057840940248,-0.31868382864603356,-0.7109143173878599,-0.6946822460002555,-5.547543295477399,-7.21673489988373,-10.562771469763502,-4.515290774422037,-5.433944224856979,-9.613659988750891,-10.136791205226743,-7.2466491387203,3.3335644765757024,-2.186257919273909,-18.517262765274538,-15.125577058279651,-1.9395467789741465,3.486092346163873,-6.927234189448563,-16.922377631999552,-16.036681706355537,-6.727580447408663,3.4886746038370418,-16.83252698791826,-10.264789056850644,-11.916236057775327,-4.902335041191246,-8.373884391493911,-10.072572564479058,-13.48921687176405,-4.652454564932781,-4.5151575121903695,-6.55806418560536,-6.528312120223189,-4.272235126211877,-3.017185570859554
13,18,4,8.90024626184618,-1.1814092830868386,-0.41078185317356386,1.3968701391685276,0.5653734028384803,-6.4727226921879675,-10.31003498323489,4.967850229983988,3.392063887585408,-4.982634431767709,-1.1333255151786457,11.303772848917218,-3.899650983148959,0.24585041213317788,-3.753685109839751,0.7875834150096432,2.3801599763015804,-0.029755701538084656,-7.117199817990383,-7.356801476783862,7.445852642833463,8.94194467238537,3.727847727333626,1.9993824250314685,-3.3889989841320567,8.443267712551286,8.372108828003816,6.55942919398317,3.534975632843447,0.09293356755884621,5.034478287598715,1.6557508205551992,-4.218738177518656,-9.480958478661574,1.7445101841784485,1.4226569893156589,-3.8322089784665088,-8.754111052695206,2.1344033015889052,7.060951310009755,3.386701295935979,-15.877026458270848,-6.179746463031668,-3.6132079070411276,2.835053244310361,4.724726187343502,-5.351890859358786,-4.487915636471859,13.615485958641443,0.8215997809907658,-3.300333235503699,-4.1502086471584505,-5.737757434892445,12.765736892308318,5.628847417853226,-1.6167247996824567,-2.101597037348082,10.163345136997728,10.138008484253428,9.72118701132741,2.149464733319404,1.1023055731841358
13,19,5,-0.17977699114963758,-15.2872384089136,8.794977485429401,0.13412777663821757,-7.081199011788131,-15.04802197800514,-7.593017899772014,2.4102218637935726,-8.912314810085947,-14.403721439765718,-1.3456601295393043,10.586310937728097,9.06689208264394,-21.335007121468458,-26.27671048917421,-4.249091820961724,8.498885876022094,-10.485810648831658,-17.382133003687724,-14.692872679360741,8.276834351351345,-4.74638204549144,-14.993595769938388,-20.875604920634416,-6.798803976577946,8.114539214239526,0.9685884566705034,-5.739803088895651,-8.657896490949325,-2.067548254709237,-3.334929484908084,-2.8625724258401037,-12.155708156798669,-12.971495167674533,2.330963261470927,-2.271365326408315,-5.275657523366646,-11.82262902869843,11.675917644871445,8.396739683647803,1.87630413054693,-12.7566610595166,1.3744759016511279,-3.7098726268471576,6.8426417173908565,-14.534211462511252,-19.43074079346275,-11.151724111311504,15.268330418118623,1.9417328845209822,-17.28064572622589,-18.480174271162692,-3.6481462246624825,4.243552688912418,-5.865387955254584,-22.93506064102417,-17.325344238078173,2.1878569638129406,-2.407571199463633,-11.714273775019118,-18.85244536127259,-11.070448586058506
13,20,4,-6.1578131680740285,-11.755514719137338,-8.14242570063599,-13.947178612713056,-11.349951541925805,-21.660739410850315,-14.4646769947679,-7.9818592689386305,-17.6699049185916,-13.260286469154485,-11.603790029497237,-3.252688823465152,-20.443725232398375,-16.915948886464044,-12.037265096768362,-12.149988990708652,-11.048259557565531,-14.202392827810296,-17.806867117437026,-10.536192252414255,-1.7496531316329065,-4.042721260202734,-8.67002282022475,-7.811568694688928,-3.6784278187764516,-0.4797401151168384,-1.7210606626780125,-1.0203350660641026,-1.295299962674064,-1.5013213026587182,-8.48380635731013,-11.295262472772205,-15.612394239730756,-21.101744101178372,-11.726882660329876,-15.198342093090503,-6.945284908682825,-15.66182134849611,-3.9179070569892818,-8.997670895067928,-19.128951740155877,-21.063351886783494,-12.078351284127404,-10.468454937882184,-9.64995604003894,-11.56239423921146,-15.376217429338741,-11.829201802739131,-3.3636119104566857,-11.663341199933765,-15.065950431838257,-9.333126942036532,-8.483626268936808,-5.618316670925146,-6.924014408218033,-12.416728140456929,-5.8268301193261625,0.18837729857371285,-2.0472537641209088,-3.774249740081226,-4.928953833968903,-3.750562590535549
13,21,5,20.100014683495218,19.373095005023753,13.36917825297611,29.717232819010547,13.5035689531303,20.861148339673502,9.80558484846019,15.459430512404307,17.53570169973664,13.30433654866931,8.45423429721126,12.90015619448046,32.645172618511225,2.0530270130896,9.020814254675518,-4.490778803356876,25.77255912161456,24.59691229444453,19.80749562382698,12.93128414222652,4.790032511168136,11.864939751471226,11.572147143915268,7.9517362528003535,-3.609040927618921,-1.7465018371756118,-1.4994665712413442,-2.9735459881130493,-2.0207825710133815,-2.855448676477664,13.93706199847071,22.371671570169685,16.075513307459463,11.186370569883234,16.33546002081982,23.248929255255835,11.342586441487981,10.377318544267888,6.0744848946086725,9.801878898926986,23.083853498828137,34.217768101430494,5.53368466976667,-0.23928841223894845,18.002289073496332,7.298125596557986,9.67679094032544,17.175423957691415,4.948715325638014,22.742145191242038,6.559814581965526,11.692272084543669,3.5694998522181183,8.16378273549149,13.053573721497344,20.76235517055341,4.3050234117658785,1.5951696504021005,6.939281202886801,2.650907656282938,2.944579044652242,-0.8876083934815907
13,22,4,-11.303174998247764,-7.2977618840863805,-5.3344919329520515,-7.027572403434756,-8.911346051778798,0.020935619817819884,-3.5875867131313797,-4.757334369848052,-8.01226686844148,-2.8886474825146555,-6.148928243732195,-1.6000641198209835,0.415841985743767,-3.3135616335472675,-7.183348854254116,-7.980663628751842,4.999846120012877,-0.5967246461191159,-5.777575756203122,-6.089348360555381,3.1596796396529157,5.726322599811621,3.005826377287148,-3.3088292613080346,-6.82192575837423,4.075394264056074,6.648397470699484,6.6173956250067665,4.044107828118907,2.1835135414091877,-9.568158460576544,-10.409033424868365,-4.896154845133424,-9.193597037142155,-8.112687971942673,-8.665402068188644,-5.177501721966377,-3.2365720181884923,-1.9239269832841965,-2.554840800443256,-13.342210075295554,-4.925773658818088,-3.486834234103742,-2.03658243289172,3.039288135290874,-2.0244777908594127,-4.448976096174703,-1.5880062680907279,6.137255742578066,2.1296204035738246,-0.05656183188463254,-4.65916058934498,-3.7101103437655576,3.6152175159716067,2.3916020210741493,1.2330118634442737,-5.214640647740806,4.299358165788847,5.982494910349834,7.6662223288596305,2.0532827342110807,-0.8193703988047376
13,23,3,-16.913878149057673,-15.688944372814149,-11.441487669967481,-12.40424887770105,-7.361087337726865,-0.35464502312242974,0.6899102780827409,-3.919055968480435,-15.179394564841221,-1.8513996537047919,12.0692789521659,0.5013528494696746,-18.408403450202922,-7.165402536995976,-6.656637740457744,9.54410745582839,-13.138382215620714,-14.361054129398827,-4.769543462773643,-7.120959785710113,-3.8073188569311585,-9.46043699792381,-5.172942300060218,0.9020505422589955,8.740889852650737,5.442580637840053,0.34858728154766727,7.042702326096778,9.247695416779958,7.798397929532593,-11.581115012414893,-11.582724757367606,-4.074857635832415,14.689400852862278,-10.059963670127637,-12.27697846637585,-1.7347429168024449,-0.49766847588655677,-2.753406843437427,0.7278414751877225,-14.655294509195699,-1.4462360945621098,11.178681367145085,8.470340278976387,-7.228418268964673,-11.961626013854472,-1.6836373654858594,6.110467611335034,-0.8633521116770267,-21.41582169097554,-5.6460014919227905,-3.9088996525445037,4.95570960547349,-6.609086916327665,-11.353138832329986,-2.4696864972754247,3.146559287021618,-0.22196152932351199,-4.213926663667682,1.3317655812858082,7.6858361922204494,6.175817212839495
13,24,4,-2.9164115344145802,-0.5030563426908191,-4.094925262874399,-1.4469060276112546,-0.7454600943843026,0.6872991498832302,1.8971892697509494,-5.488489117939025,-5.584257102412423,0.4286705906071297,11.27653094911494,-2.0645734065995947,-8.325858154220553,4.613630238897739,0.431836320927774,3.3514208043357594,-11.437806963625293,-1.385546856109059,-5.682949503065972,-6.976798188849922,-5.106152124768242,-9.095797715958472,-4.907856195347337,-8.976180764187765,-5.69816595025179,-2.083524587540034,-5.170331130394845,-1.3355434998236715,-0.9425422201251112,0.35807362868927783,-0.05295313082680805,-3.2934183845376013,1.308402391922911,3.3678077131328052,-0.267491928960492,-5.571525771965887,2.411212338906961,5.7524947840720415,-4.464891106830116,-2.0446713964523004,-4.958641152395926,0.13415652742927275,9.49252658090895,9.432763034176848,-10.867135761214834,-5.465349475557847,-0.014049521079513738,-1.7221555347531678,-8.290372370958064,-10.851288892147013,-2.8295141351749984,-5.525415515583916,-0.697819208386979,-11.732119223645265,-7.149199268888542,-10.10406779025386,-8.667663785242812,-3.946820031318434,-7.143490934108455,-2.7388243638433334,-7.951448018350302,-5.393585465893878
13,25,2,-0.8188446013756641,1.7085490550891276,3.478892882581707,5.394014286876819,-7.665927016125177,1.960702045343636,-3.22043001329492,1.526449073089013,-9.327832717085025,-3.4369279780572795,-8.186274166321148,7.1704049801976435,-11.525792071595788,-10.911167832767223,-10.58988007263667,0.28758479754735733,0.8054397589095492,-11.175958708587402,-2.55540266004391,0.9793317886978027,1.4189546091550191,2.180214605294168,-5.049665882070432,-0.7780466257117518,-5.741312118851939,-0.19247226445458657,3.1700771848512117,-0.4490876479483228,-2.6408161748791237,-1.558200127149863,-0.9977500243367975,-4.5645380214526785,-2.0906593278788677,3.631147015998821,-1.7625825957099859,-5.785787334608869,0.49615223090187044,-4.918772436746557,4.468413405818865,3.639949139747088,0.10843445520873635,-2.408792057233612,-2.6186849114416924,4.240095258440549,2.132076594592414,-6.969371929151436,-5.6790238755936855,2.404131719297389,0.5730122062441514,-6.2411379300188505,-8.864256322338454,-5.118876317788554,-4.6152868569124355,2.21927662344831,-2.0299484355931696,-1.834540922717168,-2.8638150018367274,1.0022735674695176,4.999395908878709,-0.336057540619883,-1.576474109596417,-3.2739053292472557
13,26,5,2.798822010253988,-1.2580676369323598,3.2532974669153276,4.851204303615702,-5.820606754430454,3.966329488312691,3.776785224221826,2.40056259684242,-1.2405282649305256,1.8745321622799782,3.4652863843025767,-3.140015389753232,-9.618557999069553,5.654400223506922,4.612211218069693,12.1967942967284,-0.5580766459631672,-0.929728068763437,6.00979087317771,3.7732881571438806,0.20271141301249943,8.562881301906774,6.764582353167053,4.2827444373879855,-3.006888838076009,-2.6150437602546193,2.4031664914247113,-0.04287610397242714,-2.3773076072698696,-4.9750352921645815,1.2243970191374527,-0.12166646022985622,0.9176486510962316,14.549546816602072,5.9405696665550165,-4.390418984541075,-2.8259810524220352,3.2722810677397542,-5.403003547854561,0.04074759762975455,-5.200112096806303,0.8760438617716382,-0.6734585317147036,6.13401795439025,-1.2796047006317735,5.431480843164934,4.479434036070527,4.245313833944681,5.516602607534792,-3.2179450001610213,8.826458307221625,5.668899977886365,0.465305234842917,3.809011551029071,6.371894532383034,11.111509469405911,4.306975387320739,1.285910923488254,7.767950836296486,5.180526959232804,3.8623572512325355,-2.4739687348625097
13,27,2,5.209407638871995,1.4251419840289685,7.047233134156045,9.102532731971092,2.8940497326164887,3.694112389524491,2.24275129788169,10.434024421645823,-0.37363578374611234,-3.2964004263645275,1.962967368774116,14.210064090186405,9.326957654051778,-8.292702634841564,-8.958230604508481,-3.534125816349577,8.564728868642552,-1.2973529626274614,-9.98898499181903,-7.341567162821839,5.637714507171838,3.954008642561372,-4.478137502287765,-7.639927621930838,-2.0803120622138778,3.2532146263345156,0.8377994087683728,-0.7597580867877696,-2.2908351535769764,0.09065736319142792,0.3512271193037859,3.9683535375927623,1.2873588077178812,2.3371110526651786,6.271941683243777,4.232892216932845,1.6839758674046257,2.194220820717263,9.244122732595377,8.757712589997077,1.1501805969377659,-6.793315383605659,-1.4756929477926606,3.035351646490528,8.576916399593582,-1.64957055948652,-8.572950996912827,-7.921310548557016,10.997643838492479,2.1265554598464482,-5.9459539161676975,-7.252314291451484,-3.8196324385679925,7.350030590075906,-1.428369039294834,-10.953925158328765,-4.26789166982763,4.8068768126526615,-0.8836215805353191,-2.1165829396128064,-4.3846240548186985,-3.667709647904987
13,28,1,0.1947700970056585,-2.0975309057649585,-1.1542394993395162,-2.6556832716550387,-6.386055785026856,-5.367546672831295,-3.3926329470534875,-1.440556553986759,-4.2811309087726235,-4.464080785469311,-1.1686131616191164,-3.4505670049963166,-5.926105957772873,-0.9278589627342075,0.05656905402997292,-0.37230325886048377,-1.6985872146082903,5.066787551560369,7.157317129974589,0.05843822160599427,4.487389852292836,6.60714208561268,10.478103324861781,8.29234608001269,0.35464504037177286,4.591887779827743,6.148658160120249,3.6284531666329367,1.8827112512549444,-0.6368058908208303,0.2066370371115826,-2.071567538756561,-5.106955262355326,-1.098484421194327,-0.6263218935488197,-4.593260029955517,-6.353188313680089,-5.976498433561972,-2.40423973127291,-0.10205619991757003,-3.7042434526658496,-6.305943554937386,-3.338631845919824,-3.447386888276058,-3.993899090351856,-0.15420610861279122,-0.8002896173743582,-0.5226450042356157,-1.1201187396399326,6.580227907213219,4.813237022517656,4.266782478449249,-0.5575185059512989,4.786204062484587,5.398516111734615,9.768265853885836,6.740718866891518,4.87273421133982,7.336841951419671,7.98262637834315,6.364882426018395,2.7666640768690804
13,29,5,14.098831269191578,-0.17521386581086884,11.263651947468155,15.665901980748984,6.24203467252096,9.662143678278747,13.421684767324013,8.041208694859337,0.8977718279787864,0.977513066708769,4.052438149254244,5.738243617514921,18.11159874361418,-5.922137059975509,-0.1008892960778277,4.78275743970312,10.789119590708426,-7.726990753727989,-5.964908723514981,8.733881305857771,-5.18425098883851,-6.752005859255432,-8.560677147913363,-8.654777726277755,0.09985206685051651,-5.413844147163284,-8.61806369268495,-6.4744694167066585,-4.369454577451619,-1.9099351202163322,8.235546513916296,9.934915352090284,3.9417778977289464,25.262872448418197,11.839570638541945,9.405175401827764,4.326167869506538,9.79700603049884,2.917473979725889,7.113958409146931,3.5567901124382697,7.999679583306543,12.02540525762227,15.531892995281911,6.148236726155146,2.1630929268317347,-1.8437895962014434,7.105631792599836,4.342590846416609,0.13333898509012063,-10.028439610537776,-4.999417562321642,0.07999329635214647,-6.782600816782204,-9.091911791189203,-10.37424640923103,-5.974762430846142,-7.638224072237618,-7.57284568043471,-8.08736202646992,-4.522007648833096,-3.414764316593547
13,30,5,-0.5544824184276307,-2.245466879705284,8.936250631640688,2.043335252112097,-7.215521237381352,-2.962431704516167,0.6650201780494387,5.173334763180918,-9.073072245625612,-7.676911569075518,-4.351065207965577,10.29983192424449,-4.069105987868655,-13.415861067100888,-9.568741889889115,-5.592040025436029,-8.85376863799799,-7.806386141106486,-7.730548967414247,-11.807520726332204,-4.407720643266034,-4.871992250495566,-5.264881786549603,-3.285541875605902,-6.918921904456682,-1.543786805145805,-5.586796255532386,-2.9194476614002003,-0.8065345156369972,-1.5670021976821293,1.0354362460614255,-1.346222016542989,-4.254598482534649,3.068834952748858,2.631210984926239,-6.444335506524795,-30.181457610392016,1.1972992725687377,10.78424684617033,6.047523909359144,-6.757545060091989,-8.110530649993303,1.4875635078926464,4.7867767332496545,0.6266640072643035,-8.944941024432282,-9.14225741946024,-8.942135481913455,-2.4843807349026896,-10.200545236593255,-7.677552671580598,-7.265376965961108,-4.698881610092229,-5.691798484145954,-6.903291314204294,-8.975568306501717,-4.172037365982622,-6.311615936685259,-7.6802861713009225,-4.995326214004308,-1.4998158124593526,-4.119584824844472
13,31,2,-6.568105191007969,-6.934836965099702,-0.28898934783731994,-10.155890047868217,-16.467156601751714,-10.757498319828649,-4.109140435239392,-1.532546480890454,-13.673031052074787,-16.39417186815564,-0.048245902343586555,5.215620291725977,-10.462908528654317,-16.784446733822,-10.76507228040477,-11.581838809833979,-5.337326291108096,-11.677261061830125,-16.00429678525457,-10.107215494735213,-0.4691300326276822,-9.047483333250185,-9.286919400641107,-10.572675738052073,-0.3126475785166148,1.7683666467200965,-3.55698821188246,-0.9320438471736329,-2.5033498882974787,3.801174706858927,-0.15434299636541335,-6.781189029582027,-11.311199203497033,-5.873639069497585,-1.1404673138451644,-13.305064105451473,-15.972318947315216,-6.0463462126520815,1.677471542543528,-2.014184583432791,-10.352363596783904,-12.738142004077577,-2.844946592239798,9.802642451985399,-3.5496879246244903,-9.96344666525994,-16.870749922537403,0.941083701940754,0.28727859457409677,-7.47804294899035,-12.973252680453633,-11.107112024058933,-2.696924219453118,-7.06989741899789,-8.905846626577313,-10.76538190599985,-4.5512914173305035,-0.22997491193719222,-6.671584097486805,-7.863607173967292,-7.442676215591586,-1.3792443398113656
13,32,1,-9.786064657856851,-6.430837022049759,-5.637934127368219,-2.9076274007433898,-3.5157076086587735,-1.7432856199490578,-2.9601447487295376,-2.058310405004816,-4.906386762016977,-1.9145018227352972,-0.32164434671810815,0.8902735072528805,-8.194831408906682,-3.5915736262118685,-4.183443344175453,4.078412287664123,-0.5064309808175752,-5.3371606004401695,-13.137532261858993,-2.3843486752451923,-2.3084898014842508,-2.5017184579926663,-7.768451395649008,-6.8704418904246,-1.2188038841207947,0.906746879577774,0.6333015957256647,-1.3257870155999931,-1.3797700966185922,3.003489013624987,-7.628546841510735,-7.272108276079338,-4.365701724547986,0.050947041986169894,-6.597648504161754,-4.9161649342603635,-4.021068852906621,-2.2480562900579177,-3.2177036704450153,-4.532790568486857,-8.821707898251164,-7.202426099559154,0.5910558704394707,-0.7765951874416044,0.11829551840882613,-6.160492683987971,-4.230209138380682,-0.7383615395463083,-0.4700412757796932,-5.831854285235039,-3.8545203614957284,-7.364328685057604,0.4135261729995669,0.12547687067446034,-3.761856884956814,-2.8442479128063445,-4.584580327827122,0.2269028292787141,-0.969146892820234,-4.245411091461416,-3.8087451235368497,-0.7121028021068838
13,33,3,5.0694417901814175,2.9793804433741955,2.4148858228234134,2.0571110862784265,1.8915060573575522,4.1099399786340305,-0.5421507995058902,-1.3314666046772332,0.20474265168261924,-4.953699866059895,-9.739284522172701,2.2500912118468874,-9.799786486793543,-7.425824715710454,-5.707382261321497,-0.918509406900806,-5.530032715385373,-8.904452779307599,-6.077589435480174,-6.928012097322544,-4.518348488321376,-7.227395409263854,-10.425204240966861,-9.339897819699596,-6.671234733788525,-6.2998965892929375,-6.898281555441089,-7.388710928382352,-6.220256260607574,-5.382889096988594,0.09638739276177627,0.7554398681286989,2.12759997843333,5.758887510803505,-0.8878676965719134,-0.10629162866985598,2.355766946016869,1.1315067389003204,2.143972474119126,2.250001144640876,-3.5015104155925054,-5.528934206245696,-1.2129154418837906,-0.41498124157646354,0.342050540874281,-7.94200848173577,-6.98114886354845,-7.488112831454177,-3.445636500882713,-10.776654746113689,-9.665878462900478,-9.658686192842522,-4.570426323814544,-4.664768127633665,-8.86601009519725,-9.713119514564774,-7.0880059479869235,-6.282238478195949,-8.700243222277342,-8.157375585037947,-8.333198146133613,-7.451730367205129
13,34,5,-5.684955568291341,2.460012829237868,-8.55236484428368,-7.124247988731392,1.454440406567656,2.9312101725216313,-1.154052189937452,-2.8870339546602506,-3.120052113288606,2.694043058845238,-3.142802870184291,3.7462479644511837,0.8534695692246833,-3.6811865230450107,-2.5606536196499334,-1.9263147795005,-1.702955865766853,-12.08566952551284,-1.9648402551382136,-4.18006874567534,4.779706969175761,2.3603948196623383,2.8728079339602903,0.22782836163916212,2.6066810504828646,-1.9768260874694619,2.6922999845545093,3.8260467031107463,3.1693568974279036,-0.30917585680897497,-7.990956755644618,-4.695806009058908,3.7091307260845667,0.5712042400022831,-10.219975435905438,-3.8281248795527327,11.691245690987609,0.6367915071711704,0.7976388678908711,0.15781488127526555,-0.6459429516661459,0.08570533216272272,-3.979597506527904,-1.064698548942077,4.625814113402511,2.2765623743918435,1.1271021111652522,-7.107929499592727,2.9249615495933625,7.4428057812108905,0.37936220249933544,0.057696286986423095,-0.16051962712734233,3.112074790749607,-1.1816794351992612,-2.8356402198579636,1.4268527746018833,2.7395770774881645,3.6397834738671078,2.4322775540555397,1.214827819659218,2.297249371367621
13,35,1,3.4358403612575614,-3.6795334762144014,2.469747743092297,-0.2572779897628824,-9.384074056430201,-11.546871758202416,-2.160240488013299,-2.137997596388364,-6.191350547733099,-10.470979621134159,-6.008490644395351,-0.28553195081923766,-10.066266275578876,-13.203847023136007,-13.05776590949334,-0.4646245096355848,-10.327487919615903,-15.221222587162629,-17.43810419697406,-4.734911352202935,-9.331048922272542,-15.673259903233866,-14.781639364707027,-12.037549669093382,-1.6224655096260145,-3.927699637065485,-9.625433357659633,-5.466556020921502,-3.0727821250400744,2.448804973034053,4.900645942131917,-0.7375583271382434,-6.288468985568463,-4.214758489008354,1.7495810746147122,-5.229964986239082,-10.12383658791007,-7.854430394639011,2.6296371007792483,-0.15995421251509123,-4.961165878194862,-9.649631947213667,-2.077801798822405,5.922011020388908,-6.459782365936692,-12.514862324451887,-13.300655732817228,-3.1876058461309227,-11.70555455637414,-13.197814478107336,-12.353665644842458,-13.899804205406552,-1.5090825956700944,-15.169018559521303,-16.1790173404464,-15.328097520373388,-7.715426171584652,-11.417033339101009,-15.014509860153604,-14.087317173153432,-10.136178920908664,-2.224891393392905
13,36,6,5.983942738580852,11.627315088674962,-6.715101162675861,7.096249787432213,6.157388185582506,5.563472718727298,-4.7498252168070625,1.5100010194611277,17.361341249243157,16.164715597792178,2.8773674961951774,-8.140477278337974,18.70718517034064,20.495097306579726,13.23555472222294,-4.783690191072797,20.566058031124307,24.08376080779043,16.904478134019534,8.497387717114528,-2.044512958311272,4.350996682511235,10.511982855625543,2.6607361981281774,-1.4208057697907819,-3.835072167694748,-2.2986721710881155,-1.6661159729282657,-1.8610048616708181,0.4505750259566239,-2.206635270676598,4.704255245421535,6.614147064707625,3.5704146887632913,-1.8297724741988055,12.354472287544398,18.617219278418514,-1.2041565060541732,-9.196398983516435,-14.45318814426116,14.276119515754093,30.826572066786277,-6.570024902328977,-8.947530576607166,15.110166141354455,2.8573681690798285,17.390783821755075,2.2192838459428974,-5.115202747239936,18.652960848154077,15.067887973784257,8.541164158502733,-5.328877132238319,0.6927914379573431,11.657546331515396,13.864494854697911,-2.861214689998434,-3.237976606549105,2.7220700328442726,2.2850403455199615,1.6717847347168657,-2.6613736482019097
13,37,3,-9.32210272960592,-14.48280347877028,-3.255044206420366,-5.766047327415784,-10.40001530200243,-14.371185288037633,-3.951797352558593,1.7513206279268725,-10.545336473278892,-7.6950523577880325,-8.508750459599522,-0.05879114120176568,-6.274534734874606,-11.253279571126145,-4.265928913487074,0.05098311103903086,-7.443702512522922,-12.533478559403704,-11.284832454706756,0.7620378558910098,0.3720043268418174,2.622606901270223,-4.685375998137376,8.009176818006557,4.384004679315427,-0.5266967525665937,4.516918557082733,2.7212452832609415,4.387714253272861,3.130964675407129,1.0344314162176453,-9.21880764952044,-7.822308435945247,-5.609284072251217,-4.1869584234820385,-10.122633623822427,-10.471811579188286,-4.08369931660411,14.811002535779567,-0.03502476598894286,-14.850874995426626,-14.96418948392044,-3.0249360073812137,4.574103534999645,-8.596191699128237,-7.230968139577298,-4.840878765677986,7.2650708911724635,2.3545820208993278,-7.6234220208418435,-8.059922116876745,-2.288018743146963,4.9193018306864476,-0.043603516229224676,-3.845314898505448,-3.563377349637449,7.792451956740965,1.6568312651205175,1.8356897896468058,2.570186892774228,5.727525451356864,6.274963358826027
13,38,4,-1.2324969213819366,-6.6216886404265765,0.6917938741446437,-0.39487395283947846,-7.024489542128662,-5.804082978982478,-5.071678407944556,-1.1955741343838047,-3.228180471614636,-8.244276638863967,-8.457688202309178,1.7478812345184327,-10.506818286801984,-4.1387124790166965,-7.519708957091522,0.3586643071754311,-8.081610518984682,-4.4438041997391995,-2.011382649027993,-6.530318082719134,5.121923188919561,-0.037614218425005674,-3.3269016735927255,0.3546163000552563,1.2148818675167408,14.778394390579038,9.25722862321248,8.492777669553863,8.292623389330574,5.713018593900814,-1.7686547924339966,-1.160797888708369,-5.566253166657125,-4.948301252148043,-2.462375520387801,-5.884742571648617,-7.925110167801021,-7.142723792039498,0.7217981000146945,0.5255009884968758,-4.11025337091216,-9.281816189677064,-3.4551084881091896,-0.10941050692018475,-4.482913173627242,-4.456258307767626,-4.255614153382077,-3.390861010372714,5.626686628601268,-9.168714128355155,-0.49303332307353287,-2.92419797179954,-4.3959400431684585,4.479163945844205,-0.9944581607492962,-6.949250230043219,3.4045611478291775,8.89284144582726,3.6185670356413846,2.7819704744374234,6.571796806779032,5.090712383656378
13,39,2,2.2899887911611936,1.72347369013218,4.054692679470994,4.136818048612374,0.4059198391510246,8.094939705756746,4.179618559314916,5.698724151066528,2.2884509362643826,2.6663762225610474,7.7708859272732775,6.339534956547314,8.835026425650204,-0.3473915581296141,3.5686859462137623,6.683004469173483,6.383927218877234,0.7014171789434365,2.058198795313152,5.7748061876805075,9.83240540040566,8.257962404341413,7.429415332971188,9.214972043807457,10.107168661030126,8.502836748821343,13.652984986944894,11.32187756091901,9.16324706520976,6.767254799709471,0.3031972946667274,0.6757203271930509,4.885292668344181,11.92011854320583,4.148072858898271,0.7136226227370734,4.043567683184293,7.692801583069947,6.185908654863701,4.329697348626057,5.884065465978915,3.056690676885986,6.972534071114598,6.889457860470343,3.4626897184814265,-7.7529180330201575,0.3537302460612324,6.312404676317808,14.806842870419702,8.057631633676042,4.7932270663767715,7.890794901773564,8.059680886328128,10.843768995311317,6.103970501412888,7.95522609820998,9.929019657554244,11.518160461601456,10.98508182830154,12.832865407008958,10.094693085366135,9.930752060716834
13,40,4,-8.784781591651576,-1.1585289032948087,-0.10886305519493275,-2.976009413938567,-1.4369586681629103,-1.1192219699761354,1.353288211325957,-2.1234402338386418,-5.462626714463823,-2.6786681665959424,4.498568919294218,-6.593712019214477,-4.47447471882546,-2.9425657067970357,5.24963651143196,2.035613631295814,0.19429468370337794,4.097719982675301,4.660763206732706,0.4164433934280024,-6.676366834469686,-1.3298890666153125,-2.081698704806228,1.5654210578962577,-0.4970958621536439,-5.521655530827805,0.29822367481410345,-1.923267897792026,-1.9216760264187132,-3.8273613064027403,-3.418578348622271,-1.4367425158483587,-0.8952940475570443,1.7436529794798754,-4.0961101502861545,-3.539708108709352,-0.45003843109873026,0.4341845240943676,-1.961227904596342,-1.034636702331737,1.630878734896413,-9.197699096280987,1.767768788719323,0.2315451935864985,-9.228560586675728,-4.71166714237685,-1.1041640460195894,2.9386904822071904,-8.228163473512522,7.5955568709660515,-2.1832111141212818,1.8845767438320875,1.1089000155547313,-2.7888457835084064,-1.4338000502846209,2.2534407425512777,3.1254255378572005,-3.4547518806123163,-4.37512678836995,0.8230256986145548,2.3841468536567634,-0.8517155810202508
13,41,4,-3.195568793475987,-11.706458483709069,-12.034448713791093,1.5482599835781803,-2.6201110675011052,2.0443473266233223,-1.043899818982293,-2.2598693074783407,1.1310095698913443,0.44415712529202817,0.09334775567531745,-11.22221648701036,-1.2741052021851704,-6.84627558022919,-4.475598439142655,4.131905637636055,-0.12572894826894732,-12.809988641588973,-5.58088247673359,7.7460534854553496,2.1355736413289135,-7.604582360264179,-9.644118095191608,1.6204991129386013,2.625851914417225,1.5013717269615796,6.627256592871935,3.384248628831899,5.09726714127038,5.24175283114039,-12.131534842024676,-4.853066291989446,-1.468140529718522,-3.1675741506922175,-5.084802360387472,3.735371362020418,-24.908569633460967,-1.7778963009576971,-7.733901973382188,-6.370562050456784,-9.477313775637352,1.4705427471525616,-0.9286836472101425,-4.121994272465021,1.0407161359936468,-16.136746328414926,0.3704845232480175,-2.9405416825831656,-0.6407964070123167,-3.2986981469183823,-10.352514859993105,-3.7301023307074677,0.18654418840902137,-2.0869172918723837,-9.099212118583484,-3.677026787409331,1.025157355075908,-0.6426763918659675,-0.5254649971725357,-3.422046567495096,2.8754947552593784,4.907885044086271
13,42,6,-9.528642566420325,-17.01670861350964,-12.275566680106989,-8.491744164968049,-12.7848896452839,-5.605246754703905,-5.486630794206042,-9.154981526114588,-14.947478495674535,-10.253149007628789,4.987255236139614,7.9897718361448264,-19.83648422924894,-7.884632759772963,-12.506604053875108,1.987677439666784,-18.222114873527566,-13.159044062037305,-10.544853941037712,-2.2724890743904744,-9.34617175829665,-2.348236134451837,-12.383111559036307,-1.8902059528613226,-4.232366356873041,2.7617407825252966,2.5396208388549155,-1.2259817298206421,-0.5128200712227616,-0.23387169970835564,-13.715597401827385,-14.472640128033913,-8.09027580948683,4.048955453531363,-14.9922956881545,-14.545221278852805,-13.246816757702964,-7.123805005603087,-6.996927123766661,15.995332641833723,-21.862683563697612,-14.877861112901357,-2.8565687311177195,-2.7989624557880384,-15.430261805108401,-13.53984335123948,-7.199811384331703,1.667160428052472,6.642843910487274,-16.347953641378297,-5.438658590292243,-2.468105457450561,-4.34507590295213,2.5537854615235465,-5.663955112366949,-5.3858458741281305,-0.16820531161275057,-1.3972446520063209,-2.7932324821538312,-1.395465494383401,2.2211782063993564,-0.3159142893443756
13,43,6,7.896942702053884,-0.4098850956141221,11.073005671908218,7.5198818499267785,10.811884836520905,8.814764173065383,5.88769216267619,8.37952802130362,5.939633327167167,4.734046913524413,10.807458521298523,11.882464709146536,-5.707605550030142,2.790491680103558,-3.506869533513787,7.424718956917338,-0.9099449843690701,-4.009068741258687,-10.479137074384026,-7.343429121532383,8.299956095052837,2.6685766903683543,-4.147341811030012,-1.4842681584925184,5.096510864285999,12.062205604345703,6.43118631721634,9.345044418039347,8.513515286684248,7.78757906774564,10.716739877967578,11.358894075471447,10.92013923467205,11.945642524694163,13.98373749080999,9.921413259762458,7.392218846725534,9.106170132847094,15.038557123029369,10.146500848881088,6.266643825481168,1.9742437760493279,5.060229130907031,11.41822192652105,7.9829685335479095,3.9969279373848323,4.150464228672406,-1.3746271828763035,11.018280600933016,-3.979363407394507,-1.185025237182656,-1.695425046738464,0.7144294284105255,8.351061602236655,-2.016035753455605,-8.16140205609589,3.0922159615722364,8.281527156191997,4.718600031488193,4.0824567882525855,2.0435802050434613,7.010540860131524
13,44,2,-7.318088836434136,-4.2645819018163325,-1.836183219784644,-1.2241953749830048,5.728094551502154,3.4776540086065206,0.5174984026830876,2.3448759054782156,1.9396115928411315,4.332362542235538,6.3333438819944385,6.885355738727039,18.981249936285618,2.75392904773173,-3.7446704938689765,-78.05616517910144,18.299745490553047,6.688442744408376,-6.5323494156459105,-2.832607845889357,7.559314903871319,0.8929493711528751,-5.219167793521704,-6.277055871036904,4.866341463653599,10.20202550531945,5.789143875624602,2.966638277398375,4.238218827491125,6.404297487265093,-3.0155649037986274,-3.5839996451466565,-1.369070030104301,4.282798378069588,-0.9496156938101459,3.2431880041229992,4.262640754113732,2.3735512169872974,8.457119085456858,7.728856312516343,12.179323383834118,6.378117947248598,4.320816019061594,4.8072045293364045,5.89429738825732,2.4816940064746404,-1.031492579512573,-0.737014532679829,12.522094082723301,11.945678574612318,-2.3306787746572284,-2.103966810919416,4.2858920936450025,7.257468129122035,0.9823966607758069,-10.857778949646002,-2.766318232184503,8.074807257073498,2.0928453337855473,-3.2176821261428605,-6.939835890536989,2.4659949709184272
13,45,2,-4.40823567104412,-9.012563088045619,-0.15731070159150834,0.22116923977325553,-3.744177076008695,-0.32871770562331637,-3.395798711742205,0.8922146867972036,-0.9075104036445085,-2.4021508928570086,-3.004778368602984,-1.0504293517981906,11.143274808302522,-1.602505951415655,-9.81810729682627,-1.8707073472636169,4.571020619012415,6.159595963795009,3.7906006643230596,-1.3712021063831519,-6.847568643461097,-0.01219832673441687,3.4157187186817572,1.9015723761943422,-2.4004726404758587,-0.2977590219560651,-2.737268448706501,-2.128601192519432,-1.132302658098591,-1.1839448388257034,-1.6839398641207421,-2.9183815890446136,-3.2889957672734624,-6.995904285506135,2.065059631665396,-0.4054156214952819,-3.8803108172752427,-3.341070067341917,-0.6235775169164015,-0.847354222213986,9.203036574680905,-2.3190386547343573,-1.9865357488586857,-4.920011300150665,7.313007115488638,0.5216149431539743,-3.6062029026812175,-8.044053924599345,1.8412325442967397,5.251001551821142,2.908830300177925,-3.3277120176566433,-4.393433457876486,-2.6207018176707004,2.7792838500676362,3.499799746838284,-1.858094817359659,-4.064795009583155,-3.5891569552988534,2.979981954277652,0.3085924184017982,-0.5554440637777849
13,46,3,6.216071349307441,1.5716842007865905,7.756382678430981,10.709490041610533,7.068662079187432,8.34499313291616,9.787872596961884,10.074463313808902,6.409069359529669,7.674372593781399,8.328336096346012,11.378468315616786,-0.1504137535102495,5.369484249638704,4.888195480310883,10.281680337948403,0.8607591076401923,5.3792623217194935,9.86547084400293,12.0510911972421,3.5367620604044596,10.925772048828263,7.3862223502861815,9.908609845334805,8.918610359928232,6.329890089501382,9.047876035726468,11.148281028335237,10.998767584698596,6.9937649872154,5.58518638445927,6.030888498329175,9.361114443257078,7.087224372123127,8.24479163376751,6.852365905600719,-0.8819935756122222,11.771437066729275,3.11236652747796,7.788414602609435,-0.12340949317894345,9.779661192036256,8.751654782115267,8.204361018628198,6.354041822530798,10.325813310675134,6.5354431718587875,12.496915900193875,10.759234234054643,1.9457053846066275,7.294927507962625,9.990782107567274,11.728402573058801,9.862460084395808,7.165726548089168,8.429880895356577,11.244996044750723,7.466921530842851,11.54238064464454,10.660693101448615,9.097663323429027,9.10500343584615
13,47,2,1.7376600970377825,-1.3562810179073255,-6.096681022948424,0.7772037864026669,0.3177547731135787,-2.8404123643753945,-4.167063655445306,-1.998363125660433,-5.595835976688788,-1.773308053010758,0.7769841296632398,0.6213337641788605,-0.688916176209716,8.710240856721635,-2.3666507435690014,5.107192965724121,-7.336859926889452,-4.851215073120467,-2.156440858888193,-1.4088380114493382,6.623248122269057,0.21589295651264084,-4.977837247274267,3.393825122064388,3.899420508498711,3.988979413770366,4.915415715085478,5.444914368980723,4.582307867864828,5.033509506889414,-0.6849113611600972,0.12528960845183512,0.4253175947247314,-4.85075409883043,0.6329018509628745,-3.5007217630471468,-2.7160807534166356,0.5199114491867778,-3.7472851752280842,0.17350310180336237,-4.275717871796013,-3.1566580050375066,-0.6335537123107704,-0.5057394900614754,-4.663482386837481,-2.336585282370808,1.288104382820608,-2.2378063920612763,3.0482954889246283,-7.357561466488532,-1.7447334363298503,0.8531598314960904,4.328447627443139,4.911047041052726,-1.3540300728253514,-2.606727849381193,2.9616718132094277,4.994667102861014,2.804616774940613,2.2423226979175004,4.624971419709121,6.673593720353048
13,48,6,-9.574583518114402,-9.591669109808958,-18.05378354377137,-23.079391334069562,-20.941220818859772,-16.582617668207828,-8.207256644362268,-11.360939688514918,-25.63966326983417,-26.140245363388857,-11.864363468365697,-17.935880726725777,-18.846268652325,-22.82362247208451,-17.074840739244454,-8.370264926698153,-21.301296940573103,-25.982574412281195,-15.452119351977972,-24.593512559559475,-13.048102994881035,-21.82869244085215,-25.248455564610705,-17.09796245271205,-7.817705780812876,-1.1061412745621055,-7.372208843950368,-5.828461516648531,-3.5350946392636864,-0.8411344015607376,-14.965896604628089,-19.392053373339692,-15.308480170180601,-1.8819764813908004,-13.912236713418151,-18.531135863987966,-17.61154243415547,-11.740910634761912,-5.346809114602099,-13.964991720279725,-24.344989805505058,-29.665295258982155,-10.20416476155018,-5.160164068748315,-21.803499781810576,-23.213587476803774,-25.338727550263105,-16.090329988081592,-11.797267211555717,-27.65974708307227,-25.248145712948407,-23.66188987452402,-6.26911451172356,-17.10739468501471,-21.640956069183773,-21.159163108822426,-10.890441136917378,-9.30583827349744,-15.291888000457782,-14.82679875506224,-14.464590609028216,-6.205137154297543
13,49,1,1.5581460551404172,5.664563826671467,-1.5910819199208817,-9.705405031171882,-10.789288954627583,-5.569797000915902,-1.0851767954740268,-4.772846084655965,-9.610728422086119,-11.119674109039604,3.1972146439706797,-0.9154300922527909,-7.6755682097452596,-14.046382449839895,-3.2987738723026183,-5.471490046157071,-0.2216301976089795,-4.860708752431248,-4.988937103007803,-3.6576434881653515,-8.054775586442615,-10.734715235384078,-3.7763961664878,-3.525586537153621,-2.84539319508959,-6.295196640200165,-7.2401015734663465,-4.286839329910167,-3.4368127944720195,-3.7808080788520044,-0.5973692557365613,-5.057989005362844,-3.182174718558288,1.840969599931071,-4.150460635698061,-11.475774173329514,-9.571795968747722,-2.4860013629559705,-0.5541582708190225,-1.6142972903666872,-11.480636167896499,-6.049648783173238,-2.915277044129098,-3.3463642715686586,0.5758970675992844,-14.051190366832216,-11.382865803963623,-1.7032512083660982,-4.748759090301309,1.615968473619077,-8.252837447002355,-6.403015297224243,-0.8012368170453643,-11.790107330988823,-10.89195733825767,-5.642306349762691,-6.313960541857454,-10.858859460231596,-5.974586021427704,-5.8396300523152895,-4.281037187976076,-2.397940706643393
13,50,4,0.26796010903241696,3.6300018373990373,6.343521837622113,4.728496980978313,-3.629346342240579,9.949054860123773,8.247438846712525,2.2305169330750836,-5.543210665286495,-2.4532347202255576,12.199545876827186,1.5036082581003638,-4.594815896444942,-8.24083358828523,-3.937664953287598,4.231840506286885,-8.522677576646394,-11.481720188104477,-1.7441356670247747,8.056846427847631,-8.133029347406305,-13.208118359853584,-10.540690686644567,-3.676324510537995,-0.750044799764733,-7.415578329390508,-9.683367366289225,-9.543160400035354,-8.156428393751675,-5.2808040535594225,4.602710441119752,1.342076616043725,4.178026659391458,15.247830615060895,2.1891319432548566,-1.4353415067463828,-0.14775228579301714,6.580461986726377,-1.762784333235198,1.7216909842156773,2.632669576616936,0.27329754428483777,6.052519211591016,10.742551986128092,-4.951614564750344,-4.745485317688889,-0.9756187232233957,3.3661726569620605,-9.555156948362914,-9.704908018568297,-12.302826528778159,-3.5988198692751334,1.0450054492074536,-11.523980496127576,-12.298666885758678,-2.9094822438456465,-2.012967221938622,-11.049192417821871,-12.603708244754394,-9.27422770966843,-6.390903444345982,-3.6017406849962876
13,51,6,15.268762557880907,9.443823237630832,8.429668347464828,6.944582622634562,-0.6469946134574254,5.323017525089131,0.7162950031527477,5.4979863908403095,6.6527444941400535,-0.05660504960205193,4.507572729095091,12.725317016561958,11.1377141514634,11.70823767763085,4.842193352495798,6.409728512247429,0.8833765765742925,5.306652213333222,9.597316285050132,10.587301418551517,1.900780036159588,16.08342572619638,6.164569649845362,11.050229656714485,3.807887922699861,-0.9086484248670403,1.1298356251450412,5.133210302251052,4.690403751606585,1.7021491269683229,8.82642593202976,2.229919061624081,3.65667099557056,12.21654859611129,6.229771523336067,0.8381270987617726,0.7144798374402616,1.032097663457801,9.466674797645792,7.996139289038944,1.390833956484751,4.989805067503232,4.44462897269646,6.551747147062023,9.225211149763044,7.947576447526308,3.785626921142598,10.430639014874656,5.768762873213097,1.4437763038909128,3.3565493773941593,8.6351133240614,1.3788481253403695,6.435104852383269,8.236039940540385,14.418880108834758,9.185533168998251,0.9747254574989408,7.571974263640073,10.404873724754266,10.937484171741252,5.305672570268007
13,52,5,2.1689633773866954,-6.07546087136356,-3.6317448992872716,-7.121507212812104,-3.0577242784429206,-0.34756080048704074,-1.0918900233618185,-0.6477977447211742,-6.713365293857523,-0.29040119058747516,-3.512927227006176,11.11913387171878,-4.105265167428228,-6.052519284154671,-6.191645850734099,-7.051418077087077,4.360414675118902,-1.288061113573795,-4.419893802815863,-10.985874081848236,-2.478006020824354,2.325186391792645,3.7527415618391307,-0.8390814737848385,-1.494546805497079,-0.8620015522316038,2.6399879036698395,2.62346408056186,2.21650346731994,-1.4743603957623885,-1.372048465398752,-5.444215744370359,-0.10538762666443935,4.8961907894714045,-1.683604960341186,-3.2472253433633123,-10.030755326151848,-2.636944590352201,3.993697392913262,-3.1698863207044616,-6.7652774873223755,-3.1711936354404315,-2.3535195308760164,-0.6132087237897274,3.607639974375005,-3.2158741612305395,1.051347731090174,-1.1456354312859949,-1.9759616790248486,6.264511787639248,0.8415882143578142,-2.7297737262291264,-2.212919923124787,1.122722611421854,4.945672104748467,-2.5085072166558957,-3.1168035576347117,0.6676889050683766,5.653456751438905,7.270120315208308,0.7117210120507858,0.8334631845184665
13,53,4,-4.422602146182483,1.1784705343349606,-3.91807994537237,-0.23101575668083346,-1.3680796067843701,1.651594641118694,-3.1461235242214327,-3.3785546256183885,-4.011690494388616,1.2550496410056025,-6.587063656960867,-8.385927935068425,-9.244075934198207,7.202530506498564,0.7057496763129771,-2.211699062515414,-6.097588581078479,-2.56356362903082,1.9815512772127069,-3.55148509961252,-0.5686688049768798,-0.7334021741961595,-6.283477337269972,-0.3253970917359723,-0.23154880981267606,-4.415762869196814,-0.7600677576279509,-4.115868007559783,-0.7564878791070928,0.22464828075068663,-1.760702629119339,-3.838083108397282,-1.3938304510240151,3.2386464822878365,-5.972774444965693,2.285785807887226,0.1425552522854474,-0.12265326763026252,-6.426767246519422,-2.6443312810620356,-2.859777668172995,-2.853946854013995,-1.9011005511004828,-1.341554437264255,-4.320409063976712,2.274271736284945,2.4440941427175598,-0.09053496762019808,-2.839133772922381,-10.472005999033774,-0.05744778956627472,1.0172341576118664,-3.112506984004739,-1.9225980390918096,-1.6256673175659841,0.33206002825371406,-0.6090238532278605,0.2842209028170969,-1.9801791196848053,-2.3734107105197726,-1.247079438166466,0.5112678261428345
13,54,6,12.786809274550563,7.999441884196841,14.73360599182183,22.120530583873016,12.970688381050595,15.140573786787412,8.838300141403685,11.332923544934253,25.767725857871966,15.840046026857522,9.957802992620756,0.34213337068525496,21.667971015703404,15.874281994771307,15.807113836712507,4.445424830651038,-2.2240593936748634,15.839494934669002,17.97266292732162,9.206288756711823,8.199837479513233,12.205315518579097,6.287467823977152,15.843244239506193,5.823923729717871,3.007908029555592,4.85674340450546,2.470626555621717,1.336058456882288,-1.510987825607938,9.757328104306573,11.830246245715673,12.294305372415346,9.45240566830105,18.239798251176015,16.976202349746362,14.143374821080311,10.857656478597898,3.6333655975077583,13.37556737030163,19.9071927919257,13.900690104539805,9.217237396574602,2.3883858408314658,6.832064030691981,18.213827722047156,14.569621554007991,16.19980156235397,5.518972457522842,9.879207077322574,18.64267126058523,15.219479265918094,3.602342139231041,9.121725115431008,14.805452654297202,15.811853465033552,7.734622317616166,4.053090145061842,4.695507000245875,7.552245131852782,6.905149685627803,2.542253443108098
13,55,4,-6.678859169526793,-15.437461328942613,-4.324424710579035,-1.2394765796922087,-12.765315492024154,-13.997610751993767,-5.569227950181812,-6.918147487202425,-15.45355286076665,-11.775809261130123,-2.4405826259285153,-11.65228450745798,-8.784612407635256,-16.4368930953305,-9.318609342887632,-0.4108214641171627,12.552750210084653,-16.5072667550114,-14.767081912516106,2.3086446305714197,-4.199538482784677,-0.051858332093304094,-5.243431016825499,-6.541306361442479,2.715324385216594,2.672138645043938,-0.7027352470223158,0.2498948940234923,-0.7747368407066588,0.09240773679381878,-6.092045840693685,-9.76715311898691,-10.985186252833858,4.491790875042904,-9.535384714966876,-6.672426824548807,-14.262293356016466,-11.809901317876834,-4.155481172765309,-3.553375900052942,-10.923560713485982,-10.343936002904135,-1.92667498201041,-2.0686827839420343,4.749965662498697,-13.473651099904654,-10.744331147158283,-6.072136640650921,-0.12330880568067543,5.525862090119231,-6.6858533025582885,-6.125161801260418,-1.84408495011853,-0.830319045724849,-4.77274156489591,-9.611059638603425,-1.6152337299568984,-0.10660485356546437,0.5814505765078284,-0.5780470958675181,-4.349833438150226,-3.095028741364711
13,56,3,-8.262755921168718,-2.9347612696881527,-6.161040130254488,-9.996558933859548,-9.44172353362779,-3.5869960974811126,-1.7677651778226955,-4.600095693305948,-11.950432530536151,-7.167311294458617,-2.079537745269876,3.2759581616534503,-11.676544251408803,-7.441307566753332,-0.3646139833542338,-3.7712172991255404,-4.807748353563062,-4.59237406536846,-1.1635854472292637,-5.02314791623673,0.24266301566825715,1.8270102555341081,6.483862192619865,2.238148580100841,3.6241349613225853,5.927233244951179,4.7414804505199895,5.899562715848048,5.660332014716073,5.899278223379684,-8.67530626835438,-10.26600999271544,-4.361621178584409,1.2497769662338079,-6.010305915130067,-10.634618207539736,-5.779862852494528,-1.6038420915989784,0.566561881262559,1.0219125826019644,-8.206241092461484,-2.4778979796825444,1.8591969405959647,0.5389994931891381,-6.975674570106519,-3.9943888803898613,-3.065215424272488,4.973000423335355,3.3684019882050222,-5.442847092885792,-4.570375921386412,1.6674989675875838,2.551001590960545,0.7528252607302335,-0.8598262834839714,0.07983842437587318,1.2681915023386827,4.765639405425001,2.492891031885293,3.8493703447478254,3.576940657707252,2.6088671511856902
13,57,4,1.9141236940489676,-0.4476181663481922,-0.8202599826177988,-6.791849520602598,8.321374357178259,-3.2930870017990808,1.1891166187379867,-2.1716068815894256,5.486828854239388,5.988044864611653,-10.257377279717936,-15.528604893422708,-6.38071835459289,12.711343112691283,7.607146571021212,-1.6323409719029205,-11.25282222152937,0.7359808239143173,1.7575188853846093,-5.7105407088586135,2.9073465882300793,0.31993725300743836,3.1806764719417173,6.187709370877866,1.715229876952746,-1.7473301814823614,4.841400894870211,7.170459012853029,7.427366045031059,6.078486154696379,-3.5029690775810147,0.2320601576712067,5.556230101924639,-8.061550053881435,-4.122484099552907,-2.630836442839808,5.916817675912524,3.187782315991639,1.0672376267682964,1.7781843733633074,-19.830412127986175,8.49107060394897,8.48808141508163,-3.676565842089673,-4.724538878106129,13.18312746790669,5.848828170948278,1.0961686679298381,-8.620937688242098,-5.774528921494493,4.958705998389277,5.20765724808841,4.5728970312785995,2.940502110755118,4.372357363040309,0.8812157033400323,4.732527157811379,4.7793792850968275,6.165016083773679,8.649141185542872,7.022062098221263,5.57021125442797
13,58,1,14.969458523001993,12.953357855596275,3.273685706097903,10.523295201452026,10.8407115075828,11.828441875719863,8.584090586581338,8.522032846389317,7.705039423254389,13.55932398326695,7.711972365110393,17.086300796318078,4.370531394560939,16.536561566427725,15.720882755545224,15.073841314876406,8.557914761349371,8.571370037317996,13.682737056415812,12.614959268217419,10.816069775143148,10.16929130574188,9.82105343155109,12.901240288484374,14.957504998756246,1.9873641076066135,5.690674719094052,7.836692868675128,11.197884669073114,8.684295621477697,9.070803259385796,10.200768491593978,11.718685676877552,16.42079439108465,6.830677446613949,10.863040721816272,10.35794590708867,11.302800379648087,6.726564855212578,5.343016717446654,7.1762214784465055,15.746853188770567,12.592622697489661,11.235491702741966,5.603853055854501,8.549649305732503,15.424315684838458,10.703947372416524,11.577167692208077,6.412209956134422,9.809546578107637,13.6850384620995,12.071735194089214,9.244212805199806,5.54809428265364,10.357935125326252,15.28253476775717,8.292673833918109,9.102381333708763,9.409136923257167,13.647953734437865,14.894085904924056
13,59,4,-2.765381897555485,2.2899779845824146,-1.3952926548187943,-8.249905831612098,-6.39153724627232,-11.114156579462492,-9.07804229578412,-1.342966249642792,-7.225022022021799,-10.082383142148215,-10.285220511496162,-2.1757703138041204,-7.72617316547434,-5.489692049737018,-19.80324578339734,-11.485224485897067,0.5265634503419976,-14.476950962621743,-19.237281794591652,-18.649434875878615,0.7454708981463993,-9.11862427519816,-19.41661570391549,-21.98906792046092,-10.456490696453278,1.101808591779866,-3.9958258494621144,-5.43419994759123,-8.137970679615647,-4.14544736869951,-1.6555058993853462,-6.479940105874163,-7.629130283200253,-10.093839500008563,-0.7624052134683215,-7.450224889907986,-6.201636499202833,-7.388887461308939,1.5575374035255578,2.5393614623193046,-16.19107880545552,-13.593505977493962,-9.351908911473863,0.005229382219201856,-4.0027732403222,-5.137236801918778,-14.548041328606077,-13.735067187467731,-0.24805814796695363,-5.779138862814111,-16.496789910126385,-28.33654427237627,-8.565946198272993,-2.4725388160725004,-13.55032016080236,-27.660287359320563,-16.86842697840638,-2.3010886378540905,-11.972797898030487,-13.46141312968712,-17.95965790523716,-10.232202567739366
13,60,6,-3.995973529703007,11.47367447713765,-2.599175518060604,-8.957787664514173,-2.2704037654486187,-6.061429371478794,4.621362702226802,-7.046030180710487,-7.442297919108194,-7.806785922951806,-3.584647872520718,-9.404955717144391,-0.9769656248390675,0.4714818578667766,-0.09962518912989704,3.67265813902202,-3.5183619532461634,-4.52663905119024,-5.855011975256415,-11.70903720468192,-5.662172375655757,-10.294706858694553,-10.103333039640841,-8.14063213933713,-1.7702286174895647,-6.094527356508307,-7.602680704045319,-9.489865035113949,-7.80400555468414,-6.601855110218061,0.9936802185072388,-4.541513351473692,-4.17140347290239,2.000704126174154,-4.717307104632573,-6.643780315476589,-6.5309808286355615,-1.0418109328559837,-0.8938210293786897,-1.0609241911187435,-13.534653561098924,-6.36324014410195,5.204297112039768,2.047804789401865,-13.315256361463456,-6.02589686024117,-8.899907710280539,-2.712381954713748,-7.596298826994693,6.018394840608645,-11.6197124052929,-8.23030268800695,-1.655747202667975,-6.091419220220572,-6.073328700143749,-6.195092528581435,-7.851153023540974,-5.02341816238151,-5.688513733810046,-6.713995500320069,-4.7633814008724755,-7.7496226666631465
13,61,2,1.7815409942825389,0.4166127141428789,-3.9647448051056413,-5.449347901407898,-12.277417907389118,0.608886945578156,-1.196128735273349,-2.0389774703170818,-8.212802989226647,-5.8780076839086615,7.713139247694392,0.02101845937076874,0.2143947420778074,-8.828493184021038,5.591161277826604,6.703190956128443,5.938333139634157,2.785780872536323,5.651248986526143,18.51740695651984,4.561861953788961,9.773812216343126,7.879842744390599,11.526847152152984,8.124508206777998,1.2489702021873497,3.142230220320749,4.131729156528483,4.4814293409311565,1.8998508463590975,0.8204364697051396,-5.22171040592579,-2.981440544667904,0.8279456224337949,-5.132914975881807,-6.960868750085553,-8.712963683235389,-1.3817545374196665,0.6518314239461115,-1.4765860965559199,0.08049394939912613,4.268745250659199,-0.30662240996522444,-0.3244066884593543,8.397942559543727,-7.510312599964754,0.8590951735734449,3.896301565203453,9.950088527553328,8.131880507140037,-0.8806790769122889,10.267677524604093,5.704508138567824,6.410200301160264,4.20944630872549,15.134145106938549,12.778875113078735,4.270470386681931,9.407804421512642,7.89624041534688,7.827048097532696,8.484526702730987
13,62,5,6.760991717245791,7.4345546957650575,-1.0943858961620152,15.09335432665013,3.4270130752773245,11.123545675152327,0.3185506279284991,2.1022093163507933,-1.2419040009788271,4.321028573029651,-6.2515319176075055,15.05410135628246,-7.5882026307432415,-1.7823404759742179,-1.4283833610200574,-2.808650502918015,-4.258855572878951,-12.144554414286665,-7.820385286798871,-8.369890403956534,0.0520239261961427,-8.000745619851642,-16.31386179894935,-13.549441555651228,-10.07866272412059,-1.806701196573402,-6.367489998387856,-10.105249119104771,-11.422259164633367,-6.124672030325884,-2.211450464705506,7.3023358394232805,8.474878188313507,9.35318745972543,1.307761402880182,7.690280431200087,7.7437197535139735,2.9135123335006763,-2.923711838007607,2.275042534431035,2.1747114298547205,-0.5652689006997313,-2.0933027461102998,1.0907555610089121,4.431926367281959,1.2302603243691137,-2.4375069438048254,-8.024540863090719,6.560999489616509,-10.733523043326851,-8.995848480839188,-10.526374467398698,-7.936184787231203,-2.22723228575253,-14.07997372698765,-13.261561221511267,-12.531306788881828,-7.557528403383202,-10.198517664112062,-16.322087498926898,-16.331296621299373,-12.094118667902745
13,63,6,-11.82344310939675,-14.974622982236113,-8.282672392522416,-15.149923360974693,-16.574971796445013,-14.823168480178198,-10.2452293029055,-12.566954647486169,-23.923947274684906,-16.351511916736282,-16.213094846595357,-12.063250042043816,-15.910462742171651,-20.02480754596978,-17.76191663560344,-5.880481893401139,-15.861665901693913,-23.04164369129463,-22.24012245092448,-14.993804698946283,-1.6754547090769365,-16.17877230039095,-18.416420340356304,-14.98587411577904,-4.315215738853672,0.33228679910222714,-3.432368504928378,-3.550512694117683,-1.5628676589453459,-0.06804346365899544,-10.273454396871896,-12.230814216590321,-15.1838639393426,-10.526662723138562,-11.599061363989986,-14.420486395133706,-28.339566121741058,-16.956253592470077,-2.968089693248635,-10.99681553907874,-20.04236849295204,-13.092830148525536,-7.947259528267127,-0.7932774351807548,-18.003247064606448,-18.774573202472087,-17.87401379499493,-10.56340890841149,-3.4900288022145975,-26.182156155203895,-21.469531007860688,-13.001297642272437,-8.050853539757975,-10.660062845750925,-17.786986689560305,-17.017166040542467,-11.008271850946524,-5.73258202876214,-11.91947749196892,-12.689132489354856,-12.646234837883128,-5.881832540807558
13,64,6,-4.33556787824122,-3.774995267164056,-3.840290762177418,-6.381085656492446,-6.886468572405787,-5.235421396610208,-4.48800201683374,-4.611631338098429,-5.887753406085263,-5.650878005047758,3.9887633354334926,0.7370757205559437,1.5541015688398088,4.156176321617351,-4.664991347482665,3.6850329573924943,13.424839699436447,2.428135752893711,-7.3665724571158275,0.07910021755662833,6.500407475853197,1.2612115999274873,-0.9214842538576462,9.134528686996642,12.358895019764399,13.542760589909621,13.556889246149753,11.701722328278537,10.629774041053627,11.058952534639442,-11.901329432761786,-8.978755720482184,-7.487857185758462,1.0921600680662005,-5.421774765567448,-11.90171466999482,-7.949780575033814,-5.587401330516461,-0.23217180958755926,-3.2739917704517554,-16.888062477827354,-3.308018968576877,1.5099757949015251,-1.7110773155056869,-7.511249001776776,-5.490761723984092,-5.370179417838414,8.205113749769401,7.8810203488825366,4.738656826953333,-0.1795715869109069,2.2998390043744945,9.174685372721132,10.63854386401931,-0.5499660474214139,-8.274317067025642,8.106457373456712,13.819875726885186,6.5643632291793494,6.374156328781345,6.020321626034451,14.71803665797159
13,65,5,18.471876468079255,13.20039309960471,12.60643811569486,14.532673601788005,10.758863315414985,12.974981387327544,4.486439029754298,7.581755967538163,9.836194157157456,10.07434085649779,4.813737713947621,18.66050238019174,5.253691792286502,1.9711824605105122,19.243814856733938,5.409893292104595,14.97719452220083,5.602538368823689,8.68004957260564,-4.218565307858558,11.07500455878312,10.316838244224678,10.19557872078405,7.231789321570498,5.235331352527549,0.22236128669322908,3.5366791743648873,2.6254161789377286,4.038673212501879,0.1846245928431815,10.926391438893384,14.922919654991572,11.356192991092083,6.487398825267831,8.95596888935671,14.773975413417586,1.0211130430831052,8.670825987737683,7.904721980311813,9.982718353551563,22.33294086194621,17.22622681766886,1.6369184654478623,8.106201649916065,14.84089147139387,4.232668897386914,6.762468279078149,4.14389151313183,7.826259295433401,18.10144240664113,13.93933811399904,6.643247261126645,-1.209285078002367,7.958294583507241,7.560391702263325,21.169657985009724,7.850032932259907,3.610398624472821,9.973739743232727,8.275973562923518,6.86452815017277,3.2185464410065885
13,66,4,-4.309910583423403,-0.6598844257490022,3.3571832479863657,-1.6411898665970597,-6.575589221335725,-3.125519273779926,-3.2202139223568023,3.8710117148655696,-15.647505298540809,-11.595121204818994,-14.124574903307902,2.5827381687079796,-21.236404800117487,-18.837149566402896,-19.965577029600365,-4.277032343682082,-13.64640153433471,-18.31761272294766,-17.218660046193165,-2.9831044771083857,-2.545977471729245,-8.888919485358112,-14.040061596565232,-8.216019065232901,-5.896591524082446,-2.7578871577705546,-3.233236988466914,-4.690061565193276,-2.695105509903485,-2.8150432465907476,2.20758247749153,-0.7372557777689936,-2.5261835052927077,-7.542272503334435,2.6529929595715482,-4.703318749736181,-7.608788902110349,-3.1084912721452436,5.668381366106435,3.0092262055997447,-9.817768831635131,-9.301869414019873,-4.719367149467698,-1.5055603335850025,-4.79078161257331,-14.06077043344509,-16.650207520530724,-7.915598592573276,1.2376974356650345,-17.28053760284376,-16.581821755324373,-12.075070206952564,-4.781046735074531,-3.535332304590225,-16.588477413476706,-11.288354804551945,-6.231064415832122,-4.480806254316121,-8.523466270042176,-10.153343738062402,-8.702209566441578,-3.8856627216290085
13,67,5,10.479896905374138,0.2949174753214205,5.939543232588646,1.862142869540373,6.031958269046213,-2.4628652150788133,0.3494696658240953,4.400197076474927,8.558797102887183,5.761956050265127,1.909636187692251,12.822302246295918,13.21009925405478,3.918699467191246,-1.3618453605002547,4.244269363684353,-0.025484339163705877,3.4928704020709205,7.125850606380346,0.8888436961413653,1.1841968881738623,5.042725773823518,4.8130066230177615,4.291957060335111,3.97127429702569,6.697680641368893,4.088262432283245,5.177998850758118,5.9623012288655275,1.6387263800233336,2.770967860566314,7.138401921724948,5.419343691455514,6.424800894382168,4.9180916679303275,4.7996053330077775,8.08489873210286,3.714907528082959,7.8365056902942465,7.243487003384297,0.33401908984453166,2.718619815709932,2.731952611163895,3.731024335043376,0.05153409566548514,-2.891280147167514,2.6238098609908596,3.1986840744446035,4.267945726600861,-3.4596500594634563,6.103228574573267,3.479519551301876,4.889365955211918,5.321796494093154,6.7272707163299446,8.090725899458201,2.169125459633948,3.6990320757145008,4.287343470652291,6.087230753221709,2.350890470782248,1.3381222203010459
13,68,3,-9.3291724284702,-14.585248616228741,-6.87639150917019,-13.1018195429408,-8.735451677791414,-5.191342390255955,-2.6406973568131997,-4.033721090362563,-12.973627141426974,-6.429497328109857,-2.2166979262014723,3.794162518549257,-11.783307676816857,-12.400398910091045,-3.147938712704473,9.345256928212526,-2.407063408482183,-9.227894239899952,-22.443914363024433,-0.8428379116500373,8.465341409287847,-0.709300852153542,-16.10902544649364,-0.047255599377223186,6.965107692667516,8.831885819527798,5.162897636069033,4.859675062774891,6.535763627486068,7.527754766656445,-10.381885260207264,-13.169211109963854,-6.94345540771397,-1.325163910838369,-6.970275829431869,-11.580351350874427,-1.5550343996494513,-3.737395358181033,0.8713654880127988,-3.035556960720342,-11.293472577477015,-7.304900112811747,2.7089424875916976,4.657514664776076,4.983099062973917,-13.309587570497909,-7.878535270327472,5.84278849104033,14.679554390028214,-8.660734491013898,-12.21219799849319,-3.345665472673206,7.57139444676804,6.7332383714866095,-6.096569365350437,-11.462156651950464,6.231557933749944,9.636309899821331,3.2515796475544017,-4.250802529126791,0.3288400587739395,7.2983273295572
13,69,6,19.44094765776903,6.758668742642355,23.95919160254118,17.339858351547907,5.127177709429643,9.176900381699392,12.615247418581532,19.020711731619944,3.929817219273326,5.781260084377872,14.103776208022845,31.635652885931307,-5.13945897022353,-4.9178575306290355,3.2881817478550257,3.3984098119658355,9.593034104251007,-4.874578116597926,-0.0334184548204261,10.8677623596315,8.04336959370639,2.798987685203005,-3.852136175602493,6.069666004921428,4.142893812710013,3.922621450761739,7.80717491043913,5.989409849957695,6.496330612157353,0.8827103226610318,24.0200788965676,7.506336568167619,12.157588173499008,12.227234355398313,18.728592657336467,10.93592820658984,9.925378582826466,13.03416145422563,19.473552121258358,16.935955488418294,6.504185512003197,7.2403356063792925,11.673583858850883,16.277724064523117,18.61065021811463,-2.8492972760393123,0.745485277596587,13.117068451624828,27.282588945292865,-0.8259755823216062,-3.460867377316078,5.874362969572274,7.6866212104697,7.7203423310519925,1.02533756272453,2.381175610214113,9.101725897244199,2.9829603392778465,3.1744206442111524,3.250365808149002,4.75117206092492,5.566674546181025
13,70,5,-11.738267103936984,-5.2138158795764555,-2.3076830222157816,-13.718737928094576,-17.207275742346916,-24.84038926034076,-7.480571286810318,-3.01212546925583,-20.075668277446088,-18.554066694727762,-24.202920739334548,-3.1726882978528455,-16.158373354956876,-21.56379005140285,-17.5737697884622,-9.724082551487697,-2.7562448528209123,-15.537976051748895,-17.00125454171992,-3.1416215626977215,-1.804154980984493,-3.8514698280657584,-5.571792209475507,-9.50724600982375,2.7650217812738322,0.3373613318928136,1.6358595790523225,2.077182271835824,1.2985270854721727,4.846886079133739,-5.876920011335356,-7.956346178381913,-11.421675726930353,-22.04809313685428,-7.423400793224573,-9.116841480306281,-19.456960037259805,-15.180662224830199,-3.2545363961665013,-5.256490236511683,-9.170741868795966,-20.473311736998046,-5.330937255792912,-9.390211122030983,-1.4830508102498179,-16.549480111042904,-20.53466358123255,-10.103930963947226,-4.158492138654721,-3.050074643313477,-22.5525938312455,-9.80978054602108,-3.195482277013245,1.2775554457429505,-5.080610034442163,-5.111846048362194,-10.29455927402781,-0.7354731031171065,5.74258698199282,-0.8614937194677011,-1.4816787008866208,-0.6032109215469446
13,71,6,-7.94348508314934,2.284827878380695,0.8197882303708259,-3.3914552786864576,0.02485409336414196,6.543092624261614,6.526327626149332,4.798629360670995,-1.5929331297009504,4.02257439521391,1.3714506394434254,6.669343923059538,-4.144284057726224,-4.882559067001802,8.385574946770584,0.15301045616407183,6.221851813163968,7.886242693380978,6.030315894372308,14.821731484267955,7.185182042300654,6.550058072296588,1.2006955292621047,2.811412866920139,-2.8468878434107814,5.427400224274253,-0.05835901739121152,-1.4231431524882585,0.7900793189182878,0.15175716640291453,2.640092297973929,-3.9541419145265015,2.1872556014355595,-4.5365612938469155,0.91779987099467,3.022310521290352,3.9229239966811207,4.205891619856674,2.0810935900932765,2.913786025002326,3.2382899167515875,4.633164796069627,4.986624951826456,0.6312919813463829,9.984573063980104,0.04187123807396831,3.7499719728920136,4.802889922361184,6.320533373654342,0.5647863068095433,1.6876745364378833,4.83194338879548,0.3559199327875565,9.8581957973131,3.021503780627756,4.399386635033145,-3.38525693690995,6.21127408083029,6.266146784114487,1.0423223158889805,1.874362860786409,-1.549668172067712
13,72,1,-3.306545883513668,-5.26060319421586,-6.472420152986607,-1.7544251792927885,1.661347550391108,-1.3924583025367525,-2.3956825696045487,-0.07834019617421703,2.6750378270020168,1.2828928545662555,1.5955477806898548,-3.0232000939843293,1.1901466091640474,1.6938548397568103,-1.59934749402015,0.9359551561221191,-3.7497594606233524,4.0433191339735215,2.807116287124413,9.415241531982298,0.5952479778221111,2.632269803440291,-1.958631193671352,7.014779849523085,2.1245711382433052,3.4405403587649177,2.945029246041598,2.4562348722048633,3.4802722676952422,1.3723257607893964,-5.259782073292428,-1.4487427818793344,-2.1098265030035166,-7.106838227431407,-0.03877751329323159,2.5990098359925042,-0.1671787320022904,-3.5665682061552646,-2.160917640033337,-5.606986337636666,-1.0441375884977047,3.20257011228582,-3.890899310297356,-3.9670893949606993,0.15479327745667498,2.2313885515748813,3.680181719782971,-0.42077966527331745,-2.6255385620894316,1.305967809388235,1.291176431744204,3.906576697419327,3.57739080331379,3.8795689234997033,2.289506164629287,4.193437452382618,4.071760315516195,0.40326187897632526,3.552579925849854,1.2999280106798725,3.780901654441724,4.151202600437962
13,73,1,0.6873063591660991,-3.956832264328555,3.457766400498235,-4.635253723165615,-9.166128215448163,-0.8437994932982987,-0.5879765173374878,-1.4955228762928292,-7.5558034505059135,-9.43131875546603,-2.728524009833432,2.1097364346156033,-3.9955486332906847,-14.702967715790352,-7.232372716577481,2.5193118884614316,-3.1613975975026425,-4.776624068243733,-5.553093212611251,3.4544350298294786,-1.634332569361461,-2.6618670526801083,-0.05603238605189975,6.443431496938189,5.22043183419808,-0.06315260616744432,3.934751375521557,4.0659546703100204,4.4517708001885445,2.8241370435159596,4.011323249836382,-3.795534656116192,-2.9409702973576564,5.7433686424046755,2.4812257117478227,-6.4631174267156055,-5.631609849995234,-1.8294015238636518,0.799454025132014,1.417499610563604,-7.529566374471099,-9.831083605383954,2.4814238623238927,-3.025004490020278,11.53621123238217,-7.150675886935296,-5.829696904311363,-1.4235609225622148,0.2506944678905538,-6.45605840027423,-2.478989287847426,0.7675841909083657,2.3865383550433847,-4.241759085073707,-0.0798456274773689,3.321834292626235,5.373042565865571,-1.8094563574598341,1.5692639646188526,3.4170224659326602,5.393297547082671,6.005375334259017
13,74,3,-22.67966613282519,-21.603197811080566,-17.072373741976445,-25.694395489854408,-30.158994986880096,-25.72221002167817,-12.59551472366764,-18.059113783443834,-32.578375238834376,-28.12017951210644,-12.986743911412244,-10.531060117001575,-28.8234729366718,-25.974870800199685,-20.528703085510298,-6.837549143448113,-17.533738817417667,-22.898033399458548,-15.934758878017705,-6.8794671827473,-3.471369340084493,-18.533844270414072,-18.961931331673778,-8.335413036084303,-2.091426332009866,1.3986996876561404,-1.5048724278898504,-0.006241435718881416,2.7304543957381107,0.8764256612942911,-21.048618090498017,-23.291059942507186,-23.979522303609965,-13.707231076207107,-21.258640574393556,-28.93185700603374,-27.35662923753262,-16.755861548979464,-11.79446876339796,-14.861931592226028,-28.50304241910032,-27.04439551671738,-17.209591484333323,-2.9819591653238,-18.277877127819856,-25.16756568397056,-24.015270796013855,-8.509254657527118,-6.634920640541928,-22.7580494947913,-22.456278465500837,-14.078817651538943,-3.986624013848328,-8.40362216373225,-16.021789348502526,-17.49824584953534,-5.590084428075564,-1.3300007557178428,-8.074436253754468,-7.934877467000998,-4.1460847940931975,2.6524454723055477
13,75,6,-1.517077962725946,5.109840079199341,-3.1586820208765682,-5.297943698617105,-6.28517359427301,5.664729472068022,5.047897573526401,-1.774842156994543,-10.162995830359987,-4.426563803538133,3.4296385494242543,4.9163557479141025,-4.832195489463629,-8.717116292747788,-3.4038336610466944,4.312345274769495,-7.843517741438268,-3.2641452445943893,1.0133229695124233,0.8387645754349851,7.992638620672885,-3.15375508731458,-1.6684641756299068,1.0306822931104367,5.520175337041845,9.025906722254415,6.908830423021642,7.017225281630712,7.8497447909719185,5.5589960666327976,-3.2244565158134035,-8.62644450640215,0.5439083671833317,13.162922976106943,-5.896793223758473,-7.296454474523023,-2.1530123174008797,2.4030044301549283,7.675931994735101,1.0847626282015765,-11.329772183399013,2.292675581419976,7.565545473856816,7.310806569597894,-4.020755597253942,-5.68170693682552,-6.127801791651222,-0.9326273853459011,9.327378956521521,-8.313152011188608,-9.37304258653213,-0.8925532443028672,3.190306938435066,3.9034829515191483,2.567726975738456,2.718990730382956,3.1686474092918036,7.238412490793189,5.192984700188742,2.96577030695157,1.4073109212672197,5.489731704861649
13,76,4,6.977540172486018,3.597271188730147,7.141823365783213,7.468686254774557,7.444289627462267,7.715368648491251,3.38893782827867,8.092814840643284,-5.689176568216306,-1.0758632695211503,8.534007951625762,9.16851965435099,-6.3030335604491405,-4.855547711627964,-7.7031522748037835,-5.253169631051673,-3.5208217801026462,-3.17352745578647,-6.431553689297289,-2.3868083807230907,1.8419600529482647,-5.6364395029661125,-5.924276392759255,-1.7534959642841224,-3.4922905602810395,-0.8480456767024516,-0.9193737601815928,-1.777874604685279,0.29210108949834274,-1.5700671246286657,11.273826336351833,3.9994706736832173,5.5077140734690015,8.27205513335946,7.139021421351087,4.646915410804318,3.9982929722201552,3.524722189994576,8.472778507582166,5.551263653105356,-1.8000708439319237,6.249057612291012,-3.89958615893947,3.3896797132542056,2.2600422007508745,-1.021339888820742,-5.1800587989230875,-3.7328250844076987,9.4554489257436,-3.483297540238354,-3.403239431382134,-7.719405960430751,-2.5777536667883396,-1.837396934321831,-4.764490467030555,-5.381416076420886,-2.1667413130039117,-2.937131083025257,-6.281438866403045,-4.889225501521693,-2.6089895399423635,-0.4628093960558687
13,77,4,-1.7989867524777714,-5.560328644223327,2.453321201136204,0.7471527917219731,0.29440606656631846,-0.7333914086495225,1.158925035059815,2.713927025429725,-8.634108491684879,0.8991187499699794,11.336589917466718,10.56240050339072,2.101334075227654,-2.3003935879359023,1.5624354653878174,10.355673448947861,6.877281051674262,-0.18041801983036265,1.717653742911885,5.173990211835723,4.594718659569218,7.961525080725551,-1.386522960031359,3.446961814673936,6.294771669250796,-1.4151406505772641,-1.5690443069424214,-1.4252357018356243,-1.7731855271679402,-0.560241223761539,-2.339160338472205,0.3071266045756985,-1.0114465045186165,-1.4806089754452052,3.5733607042773916,2.91749922829544,0.04336588759338794,-2.5588889235130923,4.5819656515391785,5.826905747972112,1.5759015632111864,2.5343841412899693,14.943214277623268,7.288851703999835,6.736562611126318,-0.31200307566337626,0.7596500723384232,5.952126871113006,5.521093705365225,2.72383837824937,-16.544513608942296,4.3311739981674195,6.121329759656476,7.051951105158392,-0.5944736533650627,-3.419284116113328,6.104366665751469,0.18081055158499215,2.6946517040714513,-0.029031849250470643,0.5161334544692834,1.6510868000488437
13,78,1,-9.173878757635178,-5.04015792106852,-5.541474722382589,-6.628358574743132,-4.469378589084599,-8.837961596300508,-9.904381694255127,-4.450254561936076,-3.929759657587543,-3.9893612133143113,2.240536389628245,2.852909587800684,-1.4823737514387005,2.627926374138217,-6.258119003415657,-4.4466314604733,1.3081611242860824,1.8372852870564134,-0.11937232543827858,-5.494363271608591,7.402926204692024,3.2752631564011296,1.316271812541456,-5.3851040555845735,-1.2202589262685752,4.342569186526816,4.460288371697705,1.4075666344838171,-1.0949981261198056,-1.2616727844962465,-8.374320258636297,-10.50238845188443,-8.624207928477185,-7.534439232881842,-6.794604671846436,-6.181341896316308,-5.611751088432443,-8.551316737515354,-2.2500984247705715,-3.879979498059738,-2.1693596073494463,-3.794882896469858,-4.069372498382038,-2.7880642151051194,6.928779197663707,-0.8398990274361537,-5.405690266330521,-3.542463284281154,2.8234779436635313,1.8934581548901188,3.3561892300594316,-1.9339176130427096,-1.4011199588620495,5.6317539850431615,3.2454533820585696,-0.729483751684468,-3.8300264355294935,6.829481806163106,2.095550111881116,2.408295037599689,-1.8840977981141411,-2.1963386125891016
13,79,5,-0.0985807388035651,0.8990864073630507,-3.381273804158653,3.994064772092714,3.935410419615302,4.311203615172065,-1.4519949587851355,0.24590443419974028,3.923323728399712,2.0914336016356234,-3.6036098562180996,-1.4618883294666676,13.94664553757303,-6.490780669082769,1.6063415665043195,-8.037401891063633,4.835530474162998,0.42235716698100595,1.9476718168901632,10.800662485316884,-1.1922714862540917,-0.9288673637571137,6.491184046332967,-1.555106396957233,3.0455907761323724,0.1918240231461823,-3.966567142798407,-4.8859625066007295,-0.10257122997853325,6.538619605915215,0.35248051607617775,3.5831712396224846,4.493173816990922,3.5922398947735843,-2.27947600040494,7.351190360603714,6.922934000357626,-1.8760124591360916,-2.5248869767003668,-4.371345356810931,3.4939724733916746,8.231548877285295,1.8058332574735512,1.8237975952584617,5.814538151286996,-3.531042847049808,-0.3487457653462158,-2.81327488055884,-0.48158412184793403,7.080240988183953,-2.4797275514659907,1.9185067121984383,-0.7372233977813918,-1.9550944673033752,0.9809488331240312,-0.13989740064390332,0.9384113450580074,-0.4231746751167694,-1.5558015084371148,-3.2848719536871993,1.073345798465265,3.2606733797981238
13,80,1,-0.4560133379929494,-3.627649997738644,2.1444731264534136,-1.8847821070244775,-8.796983456602554,-3.784856209326989,0.5799595783691767,0.08290689449939045,-9.632575185719599,-9.638640111085122,-2.8935779476901753,2.7138441829010844,-11.098245116893388,-12.809765426487449,-7.458958603623442,-2.831700228847471,-5.084096418875386,-14.489487866239994,-9.131795176406396,-4.001350601658046,-5.26080845791574,-7.6413466448373155,-16.9513015085604,-10.86984413653249,-9.392076566497362,-6.258057811785849,-9.304037595684521,-8.684432495902175,-9.215411365429707,-9.83308244033194,0.9689486476638149,-0.9719486789317888,-4.350622160916742,1.312688242121623,2.102238061440338,-5.528390389878489,-9.109047734970794,-1.0622243230038035,4.294334072413819,1.6104401252466753,-2.040414477096551,-6.991413188476405,-1.0313341452899134,3.8055865768479475,-3.7920916554881496,-8.624153857698618,-8.075307882300054,-7.294340489318642,-1.0568760598827966,-10.029790123788322,-11.411058421905453,-7.768951970038984,-5.856110496014905,-6.808600156687247,-9.70180362240388,-9.530104906548091,-12.29132332691422,-9.062260484493267,-9.179115288459313,-11.264754106733585,-12.040477615474463,-11.21255007038098
13,81,5,4.595543323348778,2.4777431076835494,6.495891237392926,1.5526717949613156,-3.986411523622622,4.504446606472611,5.048120858284028,3.713333673786551,-8.757943046438262,0.30535112007907217,9.762305475385276,12.277352999691384,-3.9417706701404827,-1.661635647551298,2.73444847392327,5.393283092785942,7.215766217661786,0.19799699269734994,-0.27060362033648033,8.513979867168864,5.371086929902074,5.221087298651296,9.275621711895464,8.5852503520465,8.078192643934814,2.1394885719481214,9.164277005940674,8.201821994513459,8.394045677638,6.064623940281754,2.9325103291946393,0.47966081185675197,-1.9800818832307232,14.077838068419112,3.1312528052026503,-0.40359676012587825,-4.7318933002889265,4.102589284592284,14.174758438316244,5.114468034308567,-4.875240875674958,4.545053713705122,5.97551156588398,5.560123399304644,5.234960365813321,-2.641788624590491,-0.398587192613179,4.7239591288039575,20.235143500561936,-1.9270567224792634,1.8753352269144155,5.264816911175577,6.505730586558033,6.340222720056772,3.6430212548229752,3.974328403576934,9.74676120840013,5.37036305763645,6.469902622557479,6.699859552789575,9.697730282026273,10.209693092307665
13,82,2,-2.433430050204437,-3.5281616446033994,2.5768100639759783,-13.70287330503145,-13.06562806484175,-11.839397714314309,-3.6190639986761677,-7.530081326312314,-14.476702350850521,-11.984445206639238,-2.894355876280402,13.478718405998334,-9.884843361995571,-15.868501666660725,-10.793693617985749,-7.004014924952259,-7.2384772616915605,-13.856546394708685,-13.798119044820107,-9.797377036714066,0.8307799855019984,-8.549861838189294,-9.939921360394756,-10.138012108097714,-6.026779116585666,1.8428208279627833,4.537879534133872,1.498159233026386,0.25907149885940006,1.2641290554935773,-2.5845893501962824,-10.379324529592576,-7.345190274642733,2.0156577598848733,-6.735572309119674,-13.856553860553891,-10.993984680480834,-5.925273962421109,10.829780796582513,-0.7698675684301505,-13.227588127935068,-7.593586830081557,-3.564558613000485,-1.8921651814754763,-7.915083622946067,-11.11797418917825,-14.006502797656763,-9.855552326660698,7.6642846925774695,-10.69468061680474,-13.791337235671724,-10.901688667457181,-6.423500765103662,-3.7035123025998473,-9.76721792456285,-11.823648392438608,-7.999895607098574,2.5246492798508324,-2.7817040235144894,-6.576165433371124,-6.275615165180458,-2.300854571867829
13,83,3,3.705983021796295,7.824944813349623,0.8997742947100136,7.518286359110255,6.9892595548001,-5.8694000852453305,-11.858021243344755,0.815902192089509,10.880562113643414,3.847756787316827,-4.073831130932205,-5.6533378615248475,18.950892628228758,2.6253728880170764,2.9098314995673027,-5.63783689881334,8.649162873845805,13.382586746953615,6.854465496533256,-3.355868692498475,-6.779622347358894,4.118432394964281,5.565464382900334,0.21267683152109434,2.018834141998768,-2.904857868623988,-3.9091482442553787,-1.531469582920757,-1.492710103303558,0.6642170503917268,6.081828389271368,6.211587412964281,0.7661940240664642,2.047307793550737,1.4062269130926115,9.767437675059204,2.6776777515074293,-1.7736140622916414,-3.5831676702889608,-1.9404219321270522,15.04165452124803,10.634881048963019,-2.0497783952301774,0.3598960191408942,0.8698240799329626,3.4683080642688555,1.7006185137348753,-4.174144288715222,-7.116782009215429,18.53993072674223,3.781279930231592,1.3861664534069433,-1.5334937375566968,-5.115894185947019,5.084957186022645,10.403231488892855,0.7161004283897036,-5.703424135143534,1.4831372625875947,3.069065404908232,4.810251491621319,2.261324340006245
13,84,2,-1.2612405895914285,-9.523892093949552,-0.18347930862772494,-1.1597102416406657,-4.255171180975327,0.019289731354697748,-3.1736534473986007,0.8068552004945689,-6.7466684081705335,-3.174665454502504,-1.3281712403929773,5.230508852023178,4.6007223584158226,-2.9149709389340606,-2.1226047079459285,1.1169530126016318,-0.016134828965110315,3.4894272641437842,3.3660827129170645,0.8004408678602097,6.0927589610751385,7.708233973783694,9.414888545984354,11.565372630885642,0.7160501153798904,6.474325350326733,8.96019707081794,11.604528442286412,11.174136262069021,3.8412487556534636,-1.2751784780085424,-1.2162936983243915,-3.3416679340028566,-6.281453271498666,-1.7808243026729815,-4.62224866022787,-3.3534376808675006,-4.887089850528667,0.863892361993061,-0.9769152537806026,-7.96781691699857,-8.765740363109044,-1.2783981719872055,3.457611560381425,0.058935209313727255,0.8434141837514701,-2.2384977717287597,3.8061411901740594,8.521226113400898,-1.7796177781277795,8.64983990410252,5.764847948272689,-0.3986843949476255,7.672427694574452,6.590326603308956,9.493344020552751,6.578351493743131,7.689621396612647,8.051339715286217,12.301126517537167,13.01058605540453,8.432430713414785
13,85,2,-15.84845211320533,-15.874163241193795,-11.375115311409276,-18.345247084411184,-21.80477118784017,-18.312203164871143,-6.422434664263228,-13.582092736592147,-21.94294700651179,-16.74613746898477,-10.157856522693024,-7.97295632098642,-22.494144772708975,-10.605435111548566,-11.539668653887226,-2.744687553881327,-15.971368264954933,-8.443473043919703,-14.274844664626011,-8.947163176654675,-4.829731981610741,-7.133557887498021,-6.7529350495102225,-4.548640832963692,-5.656193768594229,-7.556952252974106,-3.9393108447803535,-4.015302926926626,3.1185827554578367,-3.859321177278348,-19.280870883293993,-21.98320106326081,-17.977391799184957,-12.228401148623622,-15.673731585464836,-19.147690502926707,-20.510252503541906,-10.712356946044945,-3.0669189166276247,-7.499562088013963,-14.921940067374123,-17.525455314893183,-7.8568470527577,2.152173143573015,-13.310682370713565,-15.259715628878379,-9.334513619996422,-11.237418485416399,-9.59662119684196,-15.223689622223006,-8.431980566155707,-9.094148372322689,-4.656261433205544,-6.207139575922092,-7.746565013487894,-9.952040693820619,-4.2672362213999735,-3.5778770448140276,-3.9944609080713867,-3.8806926668167327,-6.651141750558118,-5.875515450144233
13,86,2,3.268063684942476,6.187907447322934,-5.421032682231557,-7.9048984956178,-6.904641782615066,1.9077706106756696,-2.233787117878022,1.6950396934024436,-8.621186199075565,-5.260624768803034,-6.593560798752413,-0.42591899470993927,-6.153138442260283,-3.9848736586821505,6.915388731672093,-6.039924699972136,1.6665842278303988,-2.0475923188098877,3.1593662781141183,2.8348227557385446,0.22859915286847837,3.2250723995086616,4.582664286036311,1.016621891988394,-0.5117648319091361,-5.234380495075775,-2.257459917628183,-3.805982678106461,-5.206785595260291,-4.617613403262888,4.018101260861061,-8.975348647456709,-5.352085319205711,4.664271129235602,-0.32970094761992846,-9.755779473519908,-7.5566533092045916,0.15978492973599498,-3.261595347101188,3.131227662309825,-7.16115624353108,0.36795625226890105,-5.275048881087721,5.153011435915421,-2.481276220593759,-2.226674155423009,-3.626411058377794,0.9875684665379725,3.0189214674301614,1.4427065921765632,-3.8204968121447953,1.4837567315823046,-1.733212281052568,1.6625540871627458,2.0317168206476213,2.555975306006829,-3.1504993167955715,-1.8220256442522123,-2.3689052388100436,-1.2731364599610797,-0.5731310281539106,-5.652163701222802
13,87,1,6.832561106466477,5.313754297088738,6.170418401126655,6.226422107119754,3.4441274984728376,4.591905874222877,5.464376981840074,9.036927390687463,6.818583624854138,0.9684011868496495,14.882074897495542,11.23996837164571,16.807064277188083,7.875600081005296,11.518070292590954,3.6529902890494945,15.966495290267977,12.395709742632953,5.159879558265392,6.446406444171213,2.7114852000050593,9.432154342577581,11.037210087405471,12.857690693776515,2.4971589026773895,-0.12584423386809745,1.7314690534343435,2.683119666058477,2.7120290694661735,-0.9522015754269759,5.773041461810203,5.171674488816505,4.789258183059623,15.762926789273205,5.085371346576373,6.235969705404948,3.689761761672474,3.7594619029678578,1.9625532523638043,5.019985844168198,11.088506512150799,12.10068772435642,3.6988988368113227,5.528538059708722,11.219072424265045,6.8405311639625115,1.6927888559677253,7.224647434607219,7.6801601776671475,14.79230700528659,7.543288130722033,8.78508051319144,2.742119737410998,6.392758080417792,10.254016970670438,15.316194524852234,8.419803763592116,2.0673934325757553,7.9777930786878555,7.455861384332994,9.797283342721435,5.365511741875334
13,88,5,-1.86146225433842,9.59263797689275,-3.8368044680370597,1.8055666805949147,4.7878643796131835,7.440306338481605,-0.2535936389425075,1.2694413292870532,7.736408639426636,7.506819161359314,0.31248922833729864,-2.10305206433347,3.823536456835159,8.139872176987236,7.89895965331575,1.8234122520960054,0.6000127807804725,12.694567246415092,11.570277911554113,7.03235879293842,1.5487893473743122,4.825334613785011,14.376137363735776,10.865349417915802,5.070817599709076,1.5925189737946064,1.9953162212651696,5.025528518485884,4.8766994032918,2.7743209171699483,-3.8137367896099703,-0.2639227629321209,6.1020617018476475,5.7124171309718275,-1.4945108169212769,3.1019653169233816,6.189434576234443,4.009936610532063,1.8445387483665312,0.2803168778603018,5.476182780467067,9.703986045745452,3.906720770080005,0.3866913083389907,3.495668777877965,5.250587398106827,7.922279329334456,7.286550292041058,0.22436371225318613,7.875520840639296,10.111256409163886,6.869807856275258,3.0720871247112647,3.757506290621055,7.907052130324813,12.568859969066992,4.8268472124231865,0.7600967045915988,7.8677163577025295,9.122286858355137,9.37113732381202,4.5055307021659905
13,89,4,9.307700260877374,8.585985046944849,4.68110462226167,9.962178811669444,5.442209705679886,5.805754075532432,-2.5371573297108125,5.929653467780841,2.4073947218570453,6.980741868505439,0.8700473458710599,4.899389005828331,5.483947755575817,3.6639244267035544,0.7197020235357859,-5.525988217363729,3.205977084827836,7.019613098080563,1.510069473050308,5.152604457076138,3.7473463748081985,6.154935577339154,3.632911830231909,6.603259715439027,0.030292401029926364,5.172247145347659,6.121679174441207,5.665817087050527,6.389552855784667,3.3042697034003914,8.766651518103417,9.28256526446288,5.310066444912878,4.178725397237006,10.547695558370526,7.271027806112773,5.101642998389717,0.2790383838355628,4.519835853023548,1.7369830340200973,8.002769681011758,13.293938944774977,-2.4020572122549875,-2.9903218552368,4.631616145911877,7.086864214186079,6.4300626722425696,1.6370409753900472,4.912401315421095,2.6616042042605406,6.446989845484495,5.622861805922782,-1.5945861991040577,4.368402925774274,6.40339335880992,6.6946841608051475,4.0072138582927,4.116469478309893,5.309126520211378,6.701393937873769,7.018204888539027,6.3839272510078615
13,90,4,1.264525127971953,-3.5108491880364885,1.9943726139324833,8.908400116885849,5.1108592704404145,6.805542456099716,-0.6755906030501624,3.201975857112103,4.778835446414785,5.544878097671291,-1.603770114447376,-3.8608194197777936,14.165617768743584,-5.60223953066984,-4.782444186752846,0.8653582093368355,6.873330209585957,1.0190096862455127,-0.8172383292964308,0.28338895115728746,-3.037008350343082,3.5014708050435845,-0.9384149647908387,3.3125100168853794,-0.660060886180073,1.9242979888349951,2.3270124025506584,3.785630497445423,3.3456512013984088,0.8307656114920969,1.5192172752193565,6.855826840690547,5.205381147978014,0.11227006976288287,8.293862345276354,8.6512588786143,4.875139985460693,3.055855131662654,-3.943207756948383,0.554356395153375,8.787216199062218,0.7778448721212217,2.3487979712123725,-4.066267991097778,2.5178064244299603,-3.7103336582460087,0.2696851780865245,-2.503569587315547,0.49023855049390264,4.634727984064873,1.5568928612032666,-0.9250964847756786,-1.5559059420384738,-1.6790849936433243,4.632286065496599,4.958111597179643,0.22805884457761372,0.1654681577006495,4.205437838576917,4.060844189691835,5.140924574886784,2.0495155295641045
13,91,6,5.252186459949146,8.323769297422382,6.1241102106642105,10.65417080090903,13.501062297784701,12.814595006951478,11.325983378581892,9.231034720214318,7.009618907303714,12.74194164587776,18.174088681298418,7.051072361174877,-4.915563456819212,5.075431141403235,6.444461446892888,13.672332305472533,-0.4978449564006908,1.6785447896776227,0.11709970716250874,7.121968206199937,8.572724276460802,1.925497259788508,4.08386133356792,7.844724271264739,11.342885291930745,4.659592756683508,6.336163957398839,8.843976074738835,7.269716871220887,7.602507852858339,4.904708449615212,8.729321731061376,13.75070860632127,15.748380278237164,8.361711265133104,13.049039436640543,16.212316919140893,16.553863225232174,10.119547079811333,11.661252263842567,0.343509107987146,3.7762990220018264,10.134770826527436,8.86702949125547,2.6114350511896887,5.865942643682764,10.533595524103635,5.021156276769297,13.919018302567116,-4.428757115227468,6.129426048194035,8.2821897000029,7.865310510404672,8.57559828160376,3.764053851684054,-1.1286471336171373,10.850784880040978,9.371159014155772,4.379816182639177,7.277449378062304,8.150518390917913,11.078786096104034
13,92,4,1.1384792373311243,1.6280911288042432,-9.710947756348862,-1.7493939227083843,3.2948913730044906,-3.1936347350370267,-6.782384746588719,3.42122903248159,-1.2284271327016327,1.7745288586948154,8.343066281907362,1.793890619695915,-10.015293991167619,2.024603766616344,3.904329344553575,-28.764148819010423,-4.3689970747545015,-8.488978178172209,-4.31244248932188,-11.27332556141517,0.4330320379287903,-4.8315220052240075,-6.71076848775875,-1.403324009237311,-2.003520504868216,-3.57158518297507,-6.133142771290208,-3.4503112409388756,-1.334282959538809,-0.6017811288489262,-6.362926797663068,-2.0995585969081385,-3.968497618453625,-8.084264799202911,-0.9265192061798969,1.601710019519599,-0.9725502138480371,-1.6731604877859354,-3.0449280637279506,-1.2228015753229027,1.3898651604881365,-2.3502242492012124,-2.323000292180864,-3.3010967866646856,1.0321336358603905,0.6711535742165666,-1.1461649305959491,1.5846820412794271,-4.305307893139287,-7.932684201173624,-5.253821532290267,-2.6430239113609937,2.42848518445077,-6.008267351028672,-7.090919602616898,-14.48030400594054,-3.360421012179845,-3.046764870492241,-6.011505199868872,-6.814701100357063,-6.361129654003538,-2.3921062300981197
13,93,3,0.6029840606525987,-1.540855214786262,-3.7474220348294933,-3.025422300760089,-5.3019413615849516,-1.0912057444816672,-5.080329193495122,-6.126501575635502,2.8531184490860966,-3.9328713744847525,-1.72916050800463,-6.219168618508821,2.527476482979225,10.29901076822609,4.757741394021166,-2.438612582389175,7.317444160762362,7.537478884341336,16.564718260497948,4.168623130609527,-9.2017760677036,-2.0730154315043787,2.9348693049233106,-2.532144069171894,-8.48046412364375,-3.4250466158519846,-6.24154838321662,-7.248190553538734,-5.149561159449015,-7.589715255151796,-7.144960269627231,-7.8224381328001025,-7.953515341300971,7.9318126012434815,-9.050569936042512,-3.946243831126881,-4.647333196023616,-4.955399782237846,-7.183179645119061,-5.859078143703434,3.4184342433198767,-0.869856445754811,-5.824571999266926,-20.312658866095106,-1.5610813422024918,9.341327643975982,-1.753272709050556,-2.7831769739164085,0.7105289605167897,4.122898224372101,4.140970628140728,-0.7729648881841741,-7.51195126576576,-5.676880973845538,3.097481411733384,6.157132497784204,-3.894824840480508,-11.012006669555133,-3.0005106252466214,-0.9391280683722886,-4.027072733921203,-6.451286397590418
13,94,5,-11.448892407516084,-14.273144695550785,-4.849684500021907,4.282827114936237,-1.7376780110161467,9.421065229794758,4.644786918376111,1.1391995997997233,2.6683714242833787,11.672056790350418,-4.545082516309513,-3.9242385500309473,4.205473799758206,9.59242538789787,-0.3870766765506184,-4.470585166638508,10.104229913933613,17.694784321799506,19.0026681817892,6.5192289897751765,2.504444725595689,19.756029712195254,15.107616191048454,10.582633844667635,-0.19464041131957516,3.312178680755582,9.463984478037899,9.291547463195988,6.446417127395187,3.2145450568904166,-1.7180714586340795,0.14022148489134262,4.668855893879946,-1.6124713675845888,-2.3241096228451994,2.545779464283685,16.817314198357053,5.823034104652611,-10.73807902278651,-4.017334203301116,-0.8012584351094034,15.56260685111601,5.3430598943108105,-5.788708084649071,3.546572627857463,1.5667392918158602,11.001713614416786,1.8061321415915725,1.5401565098124221,17.923664394379934,12.053360229721525,8.647056019978551,1.3949685298621923,6.12411739659018,16.58396115263061,23.14998116076174,4.62617065607593,5.9443980797034905,18.861150055851155,15.892138369608576,13.301188753418081,3.0498044722281934
13,95,4,18.40022792190132,12.290484172598719,10.13319332604637,22.87113001712361,18.94152881983076,14.437258676466792,6.9242053044641825,16.379409373380103,21.54191077864026,18.9256749233549,13.3380683824965,18.736127053273886,18.74056042085696,17.401077018096668,15.066209566484135,51.04146774912755,28.777600613399965,18.752233068981198,18.34208864593742,15.336986251129982,15.308091161420522,20.90500041787945,19.223430280596393,17.86164984915679,12.645781064559358,13.19091391241143,18.2161616522552,16.286083140296906,16.629016051841226,12.682394132290666,14.830256184290464,18.194487650378992,16.351479555162157,18.581549922424568,14.655928353245205,26.526644724398476,15.958514400644274,11.293634648548393,15.953407472669612,13.021354528848176,19.918116215752768,17.760962191162772,5.322488031247863,11.61138208801064,14.953532595812812,17.66922428227235,18.571634912908813,9.342789857739168,23.29570926196599,19.678352365224818,18.114595280914763,14.469276092265085,10.139495910622367,18.05013877439607,17.26256628564512,20.22618284419453,17.389926664042843,14.383714861483549,18.936421879044744,18.08561372035751,18.847111505728854,16.817757215325297
13,96,4,9.046100410581683,2.2598081362183864,1.1020859077845404,-2.588997558395307,-7.4039381465508365,-8.282081809763726,-1.4485951111539799,0.002848796114870898,-4.734893291749246,-5.563624065482942,-7.57296099488783,0.4367956459158806,-4.583168605050049,-4.613644554529612,-6.520205014237633,-11.529303540498384,2.4604521505101644,-4.77142354698352,-9.822119354383974,-0.9829441363037361,-4.724884770038285,-9.8564671628268,-14.95876911004279,-6.757235330461365,-1.180901565350502,-0.8633953976081449,-8.766125605646067,-5.776333279373897,-5.444493056008045,-1.4258443608982256,0.7389521340089968,2.282767759272602,-2.5479295150058867,4.587983739357896,1.952209680244644,-0.833805355351281,-9.043838686962824,-6.896358363960708,-2.5781390048427197,-1.972579893224486,-0.8154339327153226,-8.543051315357955,-4.945481192695383,-2.251982014044188,-3.594425999082444,-5.884393272694292,-3.3524472595521866,-2.930147721045993,3.6848060510053116,-3.5941667378902786,-6.974161945703646,-6.406332239395055,-2.028817551494462,-6.461309478232044,-8.04071879786689,-6.201294178006853,-5.214179616671326,-7.421434347949375,-9.665737941634003,-12.129143241156894,-7.275853802677149,-2.9172723014702715
13,97,5,10.70001807897466,-6.77204114791551,11.52336455408693,15.09965688090136,-2.1865856944151774,5.334996178053413,4.229740852274274,11.70387980635222,-0.37284709191767607,-4.262233799419978,-1.3104120720768486,23.459772685713084,13.12192328059592,-2.380930724031315,-1.1105242815868162,19.540324315792187,11.681676506541859,2.862273500266867,0.5634358574113822,6.193144137329398,11.225504639476146,18.992648782299405,12.165111849357068,13.355287248677598,15.089799632284253,8.59443782251782,11.222706298934439,15.808828180457065,12.915786802859563,10.800666164697667,12.80018530220997,8.13613746292526,1.8126040755702948,7.330906606347463,8.847757777182117,4.987885506460209,0.49489894227647313,-3.200682902345207,16.718117580538987,11.816290324224482,12.691008930469353,-1.2322988032857407,8.30886624251044,10.111206032449333,12.34417196417728,0.8420312513665476,0.8085694649688379,11.676011233197986,17.298376017772576,8.253853075368117,3.722492404702329,5.366790257030876,9.232565459443208,23.06357346729533,11.416370723123968,8.263166642486595,14.142665407762346,9.618219421500703,8.714220649312917,17.981623621521187,15.537975956231547,15.235297186398116
13,98,6,-6.995227244909758,3.9971332629779117,-3.8288991494124116,-0.021403829802806196,1.2411152895528652,10.804516082811288,3.229970451890173,0.022498688206258666,0.8667231703676819,4.250456804137042,13.514286973945257,1.7066942496003772,-3.1613615470279655,6.6070952426596765,0.3692131429263271,4.018155324102449,-3.9160054461326315,-1.4716700450744353,4.472659609530394,-4.401518820873008,-3.8515311023901835,-1.1210586684528847,-8.290174463354958,-9.667945744242614,-2.0070823424867714,-7.608432328850939,-10.976607413780757,-12.63580121476452,-14.931862114633363,-9.94044734321807,-0.7423123187589926,-6.090165874807211,0.16473339156179595,5.735819776162004,-3.6841217896151477,2.7776846525418324,15.502119382752522,6.386920095390139,0.9036243222242142,0.5205165196619019,1.1396460913848605,1.4787794161110932,5.4460057002639894,8.736514049150594,7.018532610191717,3.1406924007914783,0.900588249242523,-4.252196313586181,0.5093698102140396,-4.219595430385483,-5.5961349984267486,-0.45261705807614516,-2.4528026302095203,-3.6697445328194074,-2.6457792015678097,-12.65551600398543,-10.03356800649725,-5.491446003658561,-9.01505183746539,-11.415906197845747,-14.122349117996123,-12.699825426699924
13,99,3,15.54991504345543,12.021810965794257,4.58312897620405,8.607417629770481,7.244538610199148,3.9337033309899985,2.1098084857959947,1.86118133011538,16.806560134765032,4.262345442094089,-3.497127390807361,-5.758822691058972,24.84167152502369,8.919121813290275,11.268704880687705,-5.1708317635717185,2.3939250476726497,18.625218270017157,18.95831191523864,-7.5765300644448015,-8.00791266084104,6.539062608158355,15.427232934127954,2.9698039635834164,-7.182787060374158,-18.4530982238286,-8.230983397400962,-5.269639319762946,-6.574868873306885,-7.112982418785638,3.609145459287418,9.5705318469398,5.055449964103814,5.922742191543112,4.291344807710403,8.371428209743124,3.375749055557407,1.3146222903359122,-5.5599000737036945,-3.0054014665656723,16.9591166368095,6.43881079341035,0.0031513078478963286,3.1144049546068016,-2.035890947726398,10.77528979956945,8.706682657323233,-1.5450329304638692,-6.418523401510329,18.767773607155167,12.326636256286642,4.336061188616085,-6.134986793405866,-3.6559615387899282,12.12216360923811,17.8506291227631,-3.552947328244217,-8.289356816514607,0.023197414103621083,3.892192218906997,1.7304426533419899,-5.469224758764227
13,100,1,-2.7782465017332516,0.978507104034467,5.1396930202438575,4.823180856275454,-3.416456943786727,-5.851252014101364,-2.434546519381067,1.4076891217562488,0.5862549858241588,-4.21783065195224,-9.206461646344243,2.136167978277293,2.130088589086037,-9.707198620910148,-1.576056404487887,0.8155095833126541,5.7659681165908925,-2.5197475957229902,-6.067699631373676,2.494918730655095,1.740116291679442,3.2875586607402596,-1.7862626149137384,1.1106070917122437,0.29500025189935997,0.013948664023745394,0.040391008789855465,-1.1401719685939198,-1.4677984032030336,-0.36922756958150876,2.5090943405563713,3.2613936497988862,-4.339842854805221,2.0533655017391474,0.07040248736284838,0.7557821024163829,-3.0482919302899627,-5.427090489146544,-1.758041099253361,2.125302200770663,6.159325821627583,-3.100931651220179,-2.024765879736373,-0.9158226445575652,-1.7766321025697922,-1.5163252410569754,-5.540095341402514,-2.8034679420610362,0.5192307659493005,6.647680781554525,-6.773597053968392,-3.5755359923875885,-0.7049826137698834,1.3979434055139937,-2.331352219309251,0.2847215951613442,0.30645307671369526,-0.9690386674525896,1.2129694718083863,-0.5286631380383888,0.45565672608081087,-1.0207492644591927
13,101,4,-4.887572410845812,-7.09759311438765,-0.584763929463651,6.047120562777282,-5.100991160313529,2.9300720638754565,4.833041769296224,8.205668402017979,-0.3552896779303154,-1.327216767771283,8.737371180092962,5.294054054598347,0.06732672480184798,-1.986179288800399,0.6470270614173805,2.1608996655701134,3.3609972457151565,1.2029536163388965,7.218272728382657,6.9908046237670085,6.430372336504575,3.410352368505457,6.807159594092634,9.017929434185712,3.1613650980416867,-1.5865980400363109,7.683376363728472,2.770236808034341,-0.2841057191353022,1.0839090522196957,-1.0876366346960933,0.014769844244455238,-2.914513509217989,9.085454220338384,6.648066086599479,0.6925033444464889,-1.5107609303852698,2.8414963526287806,0.9010924474256714,7.63129481174642,2.3197877685107837,2.201312223494781,10.437867236550803,2.883482835573575,10.810602713410354,1.1706984537176615,2.2025223729007593,4.638268133358484,1.9413294979575548,-2.115488064225493,4.924063048711638,7.390828646429838,3.8266734408737144,8.181869466607342,6.815792341171426,11.171910534476545,8.38625208614039,4.435247034288762,7.341408683441397,7.660866851112719,4.426398107100552,3.7812654789332765
13,102,5,-0.08846765831567026,2.8755018441687987,1.2508430204626817,-4.529808512002951,-2.3891818033099725,-12.49616329170333,-0.8338485122771876,3.4166298302163076,2.6140461712621343,-0.0808361070117043,-3.3319546406713823,3.848725523457513,-1.826523999933428,4.379625173390662,-0.19320698182961782,6.233553075504195,0.013595766183442493,-4.240368983972387,-0.9329586254728094,-0.49022405498615695,3.419071683228561,3.696057137442617,3.5429746828882425,-1.0901576465112157,1.9021809844203617,4.375623895920156,-0.5423705341158112,2.23410759269964,2.231777528936907,2.4353099825633024,1.7404332517123813,-1.1490568474514338,-2.881772096893501,7.021006862882795,-0.10259640643872842,-1.610630901984691,-3.065795242990845,-2.9310048685704406,4.847393859041539,3.1556459216446386,-0.8414008607406464,-4.396188534239713,1.4257326803465438,3.416482213464362,4.46573380512617,-0.06536754361274094,-0.0568283713641341,-0.13091150710427302,0.4512773179562719,-0.7950529735081067,0.5868853690307118,-1.2659801585690635,2.1820441674577395,5.3395088506953385,-0.8616415150009261,-0.4126942690388059,4.916589858214849,4.1410102510097895,3.026592806572231,5.048596324285539,4.517213932908618,3.3124020362227444
13,103,4,-0.9175154283392895,3.5753343856961606,-0.22845503335773282,-7.118798874545751,1.9166987787977539,0.9853571592262256,-0.23145876397810383,0.6782665639297976,-1.0939393449381627,-1.2420588644993709,-0.025840885630558363,-1.2225422939149344,9.976624617279247,-0.7157511435358281,-0.9310893887517611,1.5530823287937394,8.039980584664685,-0.2748065097541428,-3.113252543866996,-4.9302611923435835,7.587327488277827,-1.0377052082316713,4.420250333504894,0.9239080895828782,-0.31913401643041583,3.722182598055865,3.079952844756476,2.723481838148447,1.4720409872399358,-0.6879978475882105,-7.947151507591691,-2.0243264397651686,0.9941160908968375,-4.19202580471046,-7.696637084389606,-2.2527455500349745,-0.13562233721064926,-0.09817381973787082,-4.658847271024656,1.8102667196994533,0.8575068546981559,21.422181899295882,3.912818159655349,-0.6600789123941666,4.234123938694236,-1.399956611223612,0.3015046251438008,0.1490379693951992,0.9182356849948826,9.231974721500066,-1.6025851279179155,-2.109732824275497,0.24215161505655036,6.039406083138063,1.0015387343379054,3.0026858697940706,0.4455436432007229,6.44182524329304,4.161996319390285,4.187981248137588,1.5758943390328306,0.9335168962858091
13,104,3,2.2803511474744345,1.058338260459827,-3.9771087882903995,9.42644949548128,3.0595503092307585,6.271113355223813,3.154475399599661,3.6645727666924013,2.5729600425082713,5.614909600534637,6.115390859605327,7.496954575669379,-4.326185820612876,1.240776741286603,6.074250857731923,5.768762862025878,4.474946582099289,4.5914881806366346,4.663356308711739,11.102343490431036,5.508488419914351,6.133258033102296,8.531634493889964,3.144239805988036,4.082770198458666,4.571831001048312,7.173743648454547,4.6116097002295895,2.6933083485175913,1.201642670078066,-0.3252242130863422,6.216272965914045,0.4751914325965245,12.349520184304101,4.789913738543224,8.219620734461726,4.7687186849851555,4.6820842727632614,6.817780442365517,0.43596728146076225,2.578016556617685,1.94247479736805,3.6987547091032384,7.898365321671358,4.012929545295218,1.8683124201872017,4.9679223596595445,2.932830839917612,7.3631365884822335,2.606533368536916,5.176680509568893,4.2616465970782915,3.256124677908857,5.01226410346401,6.275618727262155,3.694846970733348,4.194118181970424,3.5429999126666583,6.46145720333542,2.89034734677705,-0.2868283971144646,4.7277083179527315
13,105,3,0.5284974636487312,-10.654329269820613,-3.3945958101625036,-2.8628965775232462,-7.753501503592043,-1.534905483219319,-4.513734953614271,-6.066334633156657,-9.196708604875138,-6.436937999025708,-2.9399258647023174,2.807959081156454,-4.341164604942431,-9.43292507392967,-5.579341081266362,-1.0508219106690724,-8.342155005896418,-11.509441134497154,-11.295042852076094,-3.289082194246901,-8.189706398401315,-11.301168953636425,-12.442417726920151,-3.4136657972888282,-5.391143771206459,0.9712464109470603,-2.0081448459588906,-3.2151646106759424,-2.2969865546151462,-0.7097294428385794,1.8710674961983425,-1.54572434988009,-2.8831407253959798,10.874335158634045,0.03914129104828745,-5.558228972606455,-5.330778741062666,-4.9923406034344575,4.585106166596406,-3.172263335220789,-4.108539078271064,-10.163950196262913,-3.933062250839499,0.028653689097931034,-7.986678171721169,-7.327748115025401,-5.967854786329205,-5.394644417232135,-4.584648821139478,-13.872061694540621,-9.695940297324116,-6.392289932726357,-6.492120455632487,-10.852798076005792,-11.686495295748482,-8.221079251206502,-6.439552628639632,-8.156694953034561,-8.96647815767494,-6.6273105735095585,-5.893807540942986,-4.249268251360489
13,106,5,5.428358258270635,-2.7593529768765146,-1.0306246592549655,2.003898654377267,-3.43159061932664,-4.696472312607689,-2.04198114944213,-0.2768990778961933,-7.511601895252921,-11.008019919302772,2.229259985158354,12.013451896037163,-5.0947209217403895,-12.283608805138343,-5.560271123855761,4.351090378116631,0.3771833216476186,-10.461723561830274,-15.605702564415592,-6.56549060594563,0.9103339556945358,-0.7672384024211557,-14.639750388042046,-9.235385397131122,3.5916456716793874,0.4029989890333993,0.33990040639835684,-3.752352521005202,-2.97268166848339,-0.2558338024998484,5.146042517908826,1.2318918236528478,-2.369438158507208,1.7691301584425503,4.877113620398519,-1.491924919347028,-6.076516177096382,-3.271150234689164,1.630720257435402,0.19113253802061086,-7.382948555552017,-6.510949122719467,-0.21569846551183636,8.00597864952189,1.8878253894267472,-19.501975356124156,-8.121857469511028,-3.9221892659779547,14.847467882967578,-5.144094033393917,-14.114429404436633,-9.350133369177035,0.017031557403684693,1.9097766431173464,-8.270722562146213,-15.685663465298317,-4.501064739235472,1.3550745574686474,-3.3847420209700756,-7.853479603123734,-8.123362879405114,-3.4932557843120127
13,107,2,15.057789343522815,13.600799007023259,10.356613393231273,19.362225603039672,19.893492700327656,10.915201589235151,9.472689436158026,14.071398507712825,20.50217426849939,12.771369592831814,11.697130566780894,13.16785343790927,12.066570669446682,13.520906583860329,11.922805238878588,5.452646895665279,10.692444088823374,8.55680192972636,7.446450503667955,1.2206298846598127,2.4477172299961154,5.238742016869167,6.848047583468295,3.9967443153614246,-5.297868051567605,-3.4642815510628813,-0.9794830703517284,-0.08878463120540525,-2.014829262682213,-4.977261021301699,12.194600951284311,19.922585835634937,16.040405670368322,14.809122490253667,14.69076228173585,22.295542711891777,17.924017202006173,11.911975533954188,8.97287080846954,13.150598591602431,17.603777460027022,10.986911416689795,9.674813761012395,11.821505432244296,9.810302840227758,14.836584043340526,10.89343396576957,5.324378864817672,7.55792829323923,10.397991187189046,9.033974143596959,8.756916660185135,2.1789108266054504,5.025341252387478,6.735392173116167,2.4394229549556843,-0.2835582576851111,-0.28765317452389993,4.554050237712699,2.3355515405490275,1.4134046827647373,-4.928085852993605
13,108,3,-7.205771870229661,-2.6721674394282733,-7.198536430224322,-10.52679589801331,-3.775855970994868,-0.5713950813089209,-4.2903760018781165,-8.28659451296894,-9.592900904280235,-6.983511463954777,-3.8827130949556317,-6.2360777686713496,-10.915813800657356,-8.57422247661346,-6.453472575672519,-2.585172774883488,-11.133046524269828,-4.649000655411082,-9.57536148952274,-11.863960087398024,-6.258842922747135,-10.959032078296312,-14.221473799677709,-16.57968973579658,-12.207029865535745,-2.794712663787167,-7.0041373627623775,-10.531618392310763,-12.257868757823529,-5.924006306941096,-3.986177437893318,-6.844654956423653,-4.936120924744301,-6.056084720537114,-9.158082468821329,-8.908857428854922,0.44919565488107344,-5.119985506935164,-0.8771783497309443,-4.75389848531383,-10.449435365531123,-5.537498620520465,-3.341401379649167,-6.5282328459263885,-8.308783402382513,-8.386561793696835,-8.525832453089555,-5.696177935409478,-11.748326111448607,-3.103034970009834,-10.364932917910286,-10.673860281967091,-9.66669592441616,-8.877697116104747,-13.286825875893653,-11.261267635289862,-16.110192285850644,-7.773280991786496,-11.336074907468955,-15.625820727923768,-15.652111691536335,-12.570783116150553
13,109,5,0.8157292822285034,12.849702552324397,1.993274185147769,-6.818381907054924,-9.992471163592688,-7.211278592889403,-4.497729792134701,-4.2723612219958405,-12.175073564983904,-13.378880721221607,-11.903425539957313,-0.3706357818460324,-17.514225725447996,-15.892883949979817,-11.759357573430446,2.0079792102844265,-7.997389073483646,-19.05279764255919,-13.551436736912864,0.630063871268138,-5.409529566560394,-10.555327171721025,-12.886927929746617,-13.883298480145005,-6.180427105234167,2.993883778727274,-3.050553647937575,-3.233460309389955,-4.976882882847833,-0.6390712419184054,3.5040819488420407,-2.6220307104742417,-3.197978187551177,-0.6372812890402244,-5.643253551546213,-8.689978860114225,-9.641802291908279,-7.989494523646811,-2.398668202321703,-2.485598031553531,-9.530565829084418,-11.110338922317435,-5.401962729897804,-3.052714523439092,-1.3528091429687306,-14.938128857277096,-14.415001264341708,-6.41427729165227,-8.603758549522151,-14.11365143132463,-17.28879972501863,-11.271470840861342,-3.3942572092410295,-6.41941656145017,-14.113878204918864,-13.51171188085999,-10.143407157236126,-4.457652092150342,-7.461025857291386,-8.677989348519327,-8.639082277474051,-6.24251368087602
13,110,4,-9.07109862760493,-10.48882512178871,-9.571320543561852,-1.8904725069566277,1.805818799666624,4.777420011985046,0.33987160470541145,-1.193589669703392,-0.815142238546709,3.9191244045136173,4.645860186122819,0.5972000152304218,-2.3781251328792896,10.6648852245019,6.8364723694806075,8.511523670487097,2.064681534976245,11.18728535524684,2.0648687791261007,4.668845108767016,8.164564267976393,7.516445991128865,8.65034407749772,11.186637266709399,5.472314778056633,2.6233812626330595,2.7283007214300166,4.241942901070591,1.7094529966891887,-3.037570178344074,-8.64150604190555,-6.992090282280264,-1.6080198725032397,6.199670048941652,-6.1198171557427035,-0.9926466041630715,0.9011788514170154,0.22587277751597673,-6.591140580795157,-3.263633820222597,0.0667505392736597,0.9740051802179611,6.581992710315873,0.17221734496742158,0.255913055365587,8.202362220779785,6.824526074362305,4.820170008827273,11.178771394940954,1.4095294310188884,7.180896287159312,7.450927200363719,3.1679379276408834,13.296355564567472,10.691482566978511,5.0902910057409905,6.989468461132561,7.3579504576102845,9.814563416952566,9.857504329666858,6.113215622151406,1.6865797973942107
13,111,4,8.308869900681625,10.78316264781284,2.139344535435824,2.405741553799046,5.091659594327211,12.020319953288249,-1.395868907022438,-1.8526601489724186,-0.09609930986174972,1.856211298122638,3.0610520695222614,-1.868902964426613,-10.224207247028174,1.7198397909254195,0.3506005139930579,-2.3355155862192043,-3.3834419418921375,4.609063385375322,0.7305173721936775,0.25208458028983616,-2.690704461825988,0.18273017142058823,5.958346727091202,1.0612879118018945,0.22325806365143996,0.06012730787667213,-0.15220729853367287,2.379201930118498,3.50336520505569,2.698173967769322,5.31130173979625,7.759163013068819,9.275265033288695,6.00620012000067,1.5966822692170382,3.451020763119361,5.330505092242141,4.552001013920259,-1.643999037503197,-3.9195025597369626,-4.9369275451342505,4.829735637960455,-6.381398997814731,-1.4774432882166846,-5.194443328629773,-0.07836182631279696,1.4833893595127066,-3.0976327016336325,-6.18264207582944,-2.252785114219365,5.15398019900341,1.5121511217467938,-1.6055276241130771,-0.5237398142131369,1.3433012162766798,2.9987170341220217,0.5463970294222236,1.6128135740120948,2.2547443784750647,3.8043295806742328,2.7540299465152893,3.2238478351202673
13,112,1,19.216490272477994,12.25942113850175,17.49313175005885,18.841464207439525,10.954771425620443,17.149784615036193,11.498921100209216,16.5065824277699,20.276157473713702,10.989241524849362,9.723275752772187,16.450517689990928,26.320339310619,12.02293829229183,10.917005966054042,1.4951014570414847,20.36151342747007,11.37396285555712,10.131889491455583,8.05172151895936,9.33031420217168,14.95731413065705,10.076094788953474,6.522816130905641,3.4001781555210657,4.328969827455627,6.3424594099974145,1.5397495271435007,1.6289339069242967,-0.7613751636704473,17.439108960421336,15.195161921585468,12.224036149362595,17.30743037822952,16.701161843849487,14.911801814090273,11.535051526728923,10.059120923326141,12.679847836948744,12.896853660619474,22.919329162369067,12.8871331406621,10.596971485468488,13.153494225701364,18.34216421767615,13.675577372085398,8.486925250305458,4.512189833742637,10.57328072955928,22.712901031269087,12.1976946656615,9.967754002842238,3.90439417668073,11.121424407766364,11.406023612075556,9.338522070036387,3.410233630810113,5.081636540728004,12.14972605377936,5.026699080043926,4.929775015962106,2.083517424495346
13,113,3,-5.929649879156451,-4.688069976883281,-1.8149126710188457,-4.277226884781223,3.946031317614564,0.5396981975234046,-4.546584363899013,-0.27956777560047563,3.4814031898248468,7.630693366342201,0.008600446600012801,3.8492621294415845,0.7189925540829201,8.18201362870906,0.017373726930378558,4.095389859137556,2.9331657794182084,0.7557784207222029,3.2287603096877437,-3.665202971093537,6.015971029912718,2.4988336216930946,-0.6388371922075751,0.33216793662527755,3.945224623445696,1.4277063344673415,3.5596389357425102,1.7907968652093937,0.7374107026546143,3.530895236868232,-3.9740691597959605,-4.701734103444147,-0.4660435442233499,3.0980648736401286,-5.591892369182374,0.5866295544476035,3.9700894076547537,-3.37154607612231,0.6132123489727876,-0.17709742304755416,-1.8027935779977184,1.0296234190094893,1.6748964427544448,3.656440540534874,2.303530464834737,7.427708197873444,5.144958430696732,2.9901057466660173,4.199549330171292,0.13320575327408143,6.409706953890264,-0.9957835276997302,2.8898791461138122,3.525031961159913,2.1259721468952364,-2.7347185691228004,1.4516023844026202,3.4700691682420035,1.3089679307645055,0.46089698419701963,1.3442807709003175,1.726635820504913
13,114,2,-5.391489538613979,-5.5876569968943555,2.1518490046671594,-13.039156810937035,-12.079323647252046,-8.27838667961428,2.4988155914669337,-6.724346289255019,-11.248993724277922,-13.25314813690181,-5.6208016647525705,7.670713373062365,-12.146841318823585,-7.82505639042796,-9.827175979320774,-3.408313991133513,-3.3610765519040866,-5.429611605921445,-10.236938587514825,-9.3645754296378,2.656569299731041,-5.509597588818881,-7.084472781319807,-6.353591601500605,-0.45290529850597866,5.713432763975749,1.5466463644080215,0.47277838950295303,0.35297754779458046,2.8104620763986583,-8.435247062408736,-10.351888246851315,-7.127449674168371,6.72218179909467,-4.261704294962195,-13.383814864814648,-10.701257069481583,-4.154879752069532,4.546425860113942,1.2402005078975207,-11.454327086117353,-6.32386108955777,0.6314612274532335,4.450845236330654,-1.6893205480570561,-7.586264988157626,-10.978573816902259,-6.761874134516029,1.2961932911435379,-9.142945189165273,-7.602183590166085,-9.083898505264125,0.5813677409073187,-0.9399816554221445,-5.350194448128157,-8.042429428638473,-1.2203669129848134,4.43218944339854,-3.620277678457704,-0.8778266931270641,-3.1038703530481664,2.9724944276598904
13,115,5,9.085248912866346,5.919860905399782,2.063287698277616,-1.6492429105792106,9.21949559559182,8.55179215676901,0.03242448308482437,9.220291391435289,11.108102334186247,11.011210850053809,4.020204557651064,16.354310267763882,29.461827383535674,18.384629839440667,14.526432273364275,0.9432158073205966,25.957860815815817,26.91991267607705,21.57441445555901,13.112689085577314,15.895588763694208,25.297324536413687,27.44355149347927,21.78368776623251,11.382163437492238,13.05934693659202,18.377034130960514,16.84985389587719,17.565666292355356,9.78487252279344,7.047532037536542,5.48643996400145,6.7802454914170776,14.01231202719414,2.228132761242549,3.6428917153034233,9.257484361711077,4.071119187308882,7.235621254891157,8.566144180995202,17.741881307396216,11.440835830641957,1.7799851491524854,1.6894429822952115,20.10534473363218,12.92862274143391,17.36690935447086,5.359414422589283,8.57773753355553,25.462454146728298,22.034544346172645,19.6868662306664,7.175468771286858,20.087499206828902,23.80999859165763,22.366280148339612,17.7201389850901,17.29058247166346,25.18624317109948,21.94786289102603,23.85819057229814,13.564996358734088
13,116,4,9.46628582288465,6.7308361720373275,1.006073032738641,3.6263894929618705,6.0719638393436535,12.369069338935166,7.469125675616028,6.066024908534729,6.623352493417856,7.209042095556496,3.8016212775198737,-0.01585743158328612,4.584421842711094,3.3441961757702394,8.907013469125806,2.8074799942125277,2.74595882502816,0.8480168820654103,5.283541220864958,7.467962308241648,-4.029673028396578,4.159738115875457,6.7496398198986185,6.641677082653961,-0.39827377779023077,-4.905788881857542,-0.18573740341632494,3.5004443020514433,3.2540718196414233,1.6357299673680508,3.392171960857852,4.134844433448114,8.723458527507852,6.9390723404031585,3.3204441898070822,6.669289899302835,7.732220062645295,5.136267942206073,5.191644891085698,1.6943950760973276,9.636911467387808,5.405683110195507,9.219545929499606,13.451689031997278,8.072898419346755,4.099030988313617,4.8499581553041935,1.0815897107283328,-4.192875705227801,1.966731007767435,6.573572355149338,6.54651048660233,1.589738566973587,-1.5978563968092203,7.161703853799796,11.775856151540834,2.1986290445528573,-1.2439352641359143,5.213455759306869,7.4136730437223815,6.707872972579491,2.899823033069147
13,117,2,-0.3506905780423701,5.103789540804163,-0.6954422052495353,6.088314716636042,-1.3870092244909669,7.039810410496301,6.000203589681631,7.249008097884629,4.181001527541568,1.5807348378300787,3.467951476091245,7.002930851448781,16.47803681252934,1.3902937988977797,5.984457758371719,13.048949303298556,4.067377222707587,6.828440876632208,7.498784127347763,17.62362199300537,5.312857584378302,5.685459723696113,5.1426498724471355,8.929973079732095,9.001113909938395,1.2053522282399283,2.6051684000895636,2.828610192353287,4.675151362890242,2.8737191289504316,-3.1891724552800165,2.515000820327435,1.0464100341494313,0.6780864925737058,3.8060799503199223,3.7839053439923354,-0.30533302502661325,2.3903162763624395,1.8121430901696955,4.613316831796534,6.27861888356728,3.44391500792841,10.18450409598171,9.495026030679929,6.833018475552884,6.346946866830764,2.7122523208807507,11.082888237405108,5.574349359677332,9.151524086920093,7.4990074822804065,6.87403971663244,9.800128547315738,7.2428458994652,5.361596951215731,5.188241482777639,8.855954742560268,2.09600029743799,2.7892239826174854,1.842896382176749,6.528348112660573,7.21888505665177
13,118,1,-14.13849113763468,-12.3391623301751,-6.774400170814399,-14.52698328826439,-16.266037176204172,-8.438099529503324,-5.120212410042833,-4.2240648818565765,-13.906449044145292,-11.841321035458636,-10.419135731341106,2.63032503557823,1.6178520961505611,-8.600218205655235,-12.678029079762545,-5.563980601818826,-3.3365501485447013,-7.8342258174472175,-15.354082480283077,-13.761603254381942,2.864290391696935,-8.515795009256127,-8.576808428139113,-13.736633990005377,-9.629557144304272,1.4832128867188963,-6.529396163038456,-4.503261660634563,-5.295296571103903,-1.3701468977350266,-9.932066519460758,-14.721184259462289,-12.765625163083662,-5.5957819892820435,-8.596901214249977,-18.631647117322355,-13.735060004517436,-6.269276549247453,1.589191144732645,-0.9571788581798029,-8.428505111667446,-11.38630884172532,-5.35958728095994,-1.9857578455390987,-3.075969551110688,-11.498521319749509,-13.521904389396683,-8.44848987821308,-0.8467995948726073,-8.2760528241534,-12.20476435617509,-14.466726266983425,-8.360198673462806,-3.320447763269084,-11.256088960915804,-14.753050462161072,-13.817441166174138,-4.479621289686938,-10.526687925238528,-9.74182361144028,-10.358410444610362,-7.875520912714567
13,119,5,10.726820577208589,9.62461582607613,3.428626522819353,6.935510469964,8.14845465654195,11.91036560404592,4.823533818019247,3.481143849862104,11.303160565757628,12.673375918734358,6.859341965771771,4.964799755411905,4.654215621155767,10.426464820280671,8.630424139953059,0.15381002853192904,7.026625295101504,15.27317088821949,13.239206687019138,-0.6839101485561644,2.617971802062197,12.54129022755092,20.617789962780424,10.112697153920077,2.2847737882899617,-1.2766407117341294,-9.715417279169058,2.9461708272262124,1.8152080712635534,-0.6830529912215912,5.550208322431256,1.7569029685791313,5.249575323493379,13.234982171663779,3.535681622931961,8.114845307592855,10.10073286740155,6.304092453920466,-4.58062230652374,-0.548244613628811,12.97127179774206,5.032122917615284,3.5330237189489533,2.715309999144934,-1.315533446244576,14.890779724980634,14.985348418582136,5.705250102663184,0.8060015519376756,9.338176455229474,16.277036329833557,10.58348024636507,1.694049356187263,4.215093540482043,15.780822465150825,10.588432221514426,5.919407165745589,3.0094891224828797,9.531927323695726,10.217864909186597,11.207929543492087,2.377736209005845
14,0,1,12.535231398781997,-0.2877960304684209,16.168566581418318,5.2277973398747974,3.446604201797302,8.02448469030148,9.153379484193353,8.068716590985561,7.53764533996582,8.060300272003536,9.403591123795724,11.660293893343425,14.527930273470005,10.473109365531757,15.959384354263012,15.000792612026375,17.16617615666331,13.645790572709801,13.399197421422812,16.45299825853692,17.619847276225315,14.707817234462363,17.944568755241438,17.586413291714546,14.844501358343337,10.98746353596812,17.101493202695035,11.538720004987436,14.145589559270835,9.17535677043403,18.316192496965485,3.6459712188282056,6.658881425914331,5.3169893253958085,2.7726985892598917,4.0663355534396475,5.651375587870625,7.885500073966735,14.685770659321335,7.783914776666591,6.201684098565811,12.2917943516769,13.610634044766798,9.91318226414847,11.81959108027017,8.794854059588259,12.062738956451952,13.280363326574232,13.22758799536927,14.036478296649179,12.335644593598648,16.650249707262684,13.083204438228435,17.59985870704418,19.070342149676332,18.18062988432443,17.992442314217733,16.447009868738125,19.08941750301095,16.62317418070829,17.79883254900938,22.17557724928712
14,1,2,23.036745770346,8.510133301952807,17.852764060675376,3.680804096048745,3.9463570123856364,3.380048335189133,-6.788756088739853,5.207473341057578,3.878668162108557,3.205225046053983,-3.296613649090345,-0.9641872045879326,14.585503380336775,4.128394306387483,-3.7051744268434805,-8.57890887769711,-0.5699850463240247,-0.22170256473487449,2.482174232295464,-3.4293900512090705,-0.5751758556835718,2.590776932993677,2.5005559880263766,-1.0563734569359657,-8.408998887985945,-6.512428442868068,-11.16884184387944,-7.814608892528106,-12.697672947082763,-6.903301024400606,16.398743219571426,3.172114744282712,3.6120169792755914,5.529871018739733,8.655696067073173,5.490332881011428,3.757302304320945,3.7046194508694446,12.220301869211765,5.684139097450164,6.073751610692406,0.9744648051607151,-6.244632679673773,-6.258112632237923,3.668838593336503,6.2292335764618585,0.33328797971466206,-5.456367032954517,3.2992148222628863,2.3514440322249417,4.0263350331905965,-0.6942411327462004,-4.0210864239190585,0.01524877932104457,2.7328483646440267,1.0203151906408914,-6.893659293378994,-2.521885784876692,-3.3944763204582564,-5.160339722421202,-8.090948114035337,-10.570671430811654
14,2,4,4.278754887489102,9.874210574800468,10.104745686508531,-16.635370847950806,-14.008362220532096,-8.653499518316698,-8.424363314264976,-19.55596754299022,-15.984644900087456,-17.656691911312315,-10.532705570639274,-10.92897715733,-25.14945791267632,-15.69474467194481,-19.848341744165964,-8.041305748246064,-13.282005035295711,-17.342872136511,-18.627711504516085,-12.748113109730184,-0.9199668876826763,-11.091337797027546,-14.690441282534204,-14.289221711184199,-10.719956769040087,19.0647350201474,0.44332418372718346,7.298000436900872,-0.7095363058331543,5.393175362450327,6.77549575435043,-11.432868727096706,-6.454786037901275,18.998086734606726,-31.22982249644064,-13.391104748381723,-13.053643303469011,-8.443496424364065,7.828296921227311,-6.760281680185896,-23.514186098104013,-15.881810989503444,-9.256467703957016,-14.522681758125753,-19.979603663768337,-18.72236033067925,-18.71330809350149,-16.19152633146178,-7.139870904272469,-16.562398717602388,-11.892632535136329,-15.828954757441117,4.744738326067242,-5.954304888049454,-12.344488673911593,-11.058678424644585,-13.465660907873296,1.6075490361034164,-4.911561499860861,-13.736601135591277,-11.243987345750012,-2.920145827118401
14,3,4,24.021753995497615,15.622223427178481,48.1037745577533,-12.466062727395633,-13.503129541419634,-10.644163781322726,3.6831624985036497,-12.188463375665153,-11.118922052927681,-8.886705200199223,-0.901088054098825,-0.6178354512354933,-12.692956076321622,-6.342090727159438,-12.221215231310037,2.0896021578483626,-4.021236667613976,-0.8337691373123628,-3.757868829819304,3.2704282578807797,8.849305749053089,6.83617867513491,2.4064852639169567,6.30998619419818,7.582385926541489,18.8230089641108,12.91013845083553,18.765493773457752,15.299478924537938,17.056706410083105,31.79599234588989,-12.90845050536687,-9.001712533645332,38.723964262481125,-25.868971128652753,-14.459836883243268,-13.812775589707426,-10.57393157036929,45.63928873799515,5.162362830145515,-10.070421499495465,-11.831995778240076,0.16147050075233,12.799003890840478,-12.75953513883599,-7.724017961972918,-5.412008023559593,-9.110627392693084,1.3539615589557454,-0.7413054163931163,-0.9813782109129361,-2.7976816416740764,8.808183816057152,5.255323743811108,1.7788115901554493,2.2821020065784117,7.778481176043525,10.501364065379624,11.513020122832643,3.826297513300147,11.974714623843663,9.912569525662999
14,4,4,39.558138047413124,26.568391509899268,52.145971317116825,-3.4772867290075964,1.9255998160508345,2.580545605455595,-25.82150227533336,-6.208227499819745,-1.4735470884252435,-0.5630254162952475,0.23645422330535104,-18.154988022964076,-13.951066594252875,-3.019476785369945,-13.79134182109521,-5.172016189842508,-18.429142267988407,-14.993740478212509,-4.195401016066259,-2.4983479127446877,-9.058164298534393,-11.216102529487502,-7.995755866556091,-6.1159950415263085,-3.560941103414246,-5.408123687250403,-9.321058192744667,-4.864670689876486,-0.07922656897727742,23.4325315768308,45.02325652939519,-0.06070606644469834,2.0139941249905906,50.51979789501281,-1.9487908819985647,3.2912493298943266,3.5360043021373255,2.590037001978332,48.9512086990403,-2.3144261864036673,-0.22407256339381376,-5.780152029210201,0.5559617121272332,-11.827510278285827,-14.778673792689501,-2.1486781448489296,-3.3688227217758024,-7.621900896496346,-13.160604425183521,-9.179218088424335,-12.298014112498338,-5.557189311480104,2.5634008342990766,-18.566369665059728,-9.367116664059276,-12.456201279922045,-3.227132849985871,-7.98302748776609,-18.74254547516112,-12.063409561518485,-6.213834566041465,-5.3916609125984145
14,5,5,49.40103032580782,28.562952045578417,-52.775355903113734,2.256610330375956,-5.509859165585624,-5.051124294640544,11.583148348292832,9.818429361869827,-3.0157658857656884,-5.100107607965521,-3.043049276919988,50.287690297132556,37.15706337502274,-3.202334773567754,18.43944286107563,15.453723913206277,39.486449140601046,22.97252503986947,2.534926346094324,-0.22491654828645125,21.517348074513244,23.321986733958504,15.113025495101036,6.417825933795694,3.8637431048583712,31.83205069419816,23.269963015279735,7.1908196103645485,5.691410862454549,-10.221487167064195,44.94015704608727,-4.118047313719265,-15.589691203269291,70.20383645589574,37.22551515085124,-1.2968624996861866,-3.974658073607564,-4.936059060938109,185.67125684604426,27.774351015766484,16.774586682457755,-3.080101992310274,0.8957584484298595,41.90259939177735,33.021524227905736,3.297989355036762,-1.3214524468725084,8.633360474438566,27.202088448332578,13.691236309843458,10.393709367709002,6.637667167772789,-8.5269890492782,38.42235319625313,17.884868474086606,8.416837141485653,7.752064552566991,16.22718016612458,31.048721759602806,27.535041187594597,5.307775503524195,4.880960110393235
14,6,3,-49.16973221592791,-75.44467494836665,-137.67192277966475,-17.686299305318347,-12.547416482756775,-18.97151987145587,-56.79480101713323,-6.737032771610272,-13.004024086202051,-11.195824843354334,-15.41231298846442,-12.345575381524673,-4.740541834793077,-10.621296497016425,-28.82494417868736,-26.92317127490915,-1.3204467072174304,-26.49783557853322,-10.823079674890852,-13.490181363937326,-3.246589852849069,-8.609857290233604,-10.465779801739796,-15.47741222581486,-7.059210806426298,-26.19795857315384,-13.566506233520615,-9.390342366711307,-33.35374877729067,-25.716911169813898,-78.3335017852667,-18.438841796502846,-24.076841417609206,-144.94924108575023,-37.057952068200926,-12.854727235145678,-17.582875726608233,-19.202078180160466,-258.0024545774229,-25.92464822766985,-20.014771830744852,-19.977846484722146,-17.240847797110305,-72.6984503370959,0.9018741306371814,-9.509592680805701,-10.338471633450292,1.4755933635822696,-6.781900449167577,-10.065022538665952,-9.941147962176219,-13.671282243619602,-25.289517697037706,-6.182204051000043,-9.634369043144964,-14.71862675831085,-13.75500596441873,-8.85011500551752,-7.521182733803721,-4.586250574237142,-15.41781591896603,-17.89918087879424
14,7,3,10.068930133302674,6.993001756122022,24.738665992439532,-1.1712421909451658,-5.988108747513826,-5.466806390663472,7.134159841517941,-6.252563411778794,-6.660442078622374,-11.551159426649443,-3.6940874645554636,-4.261205466634524,-13.423694984021989,-9.064707742265721,-9.615756089435658,2.725842466873184,-11.043186784880918,-15.785185347788222,-15.05478170668571,-5.312619388625934,-10.816166221005169,-14.034397264215631,-9.364076214388199,-3.663879023001686,1.4969694473576274,1.35616973825026,-8.429507866774392,-4.13524985792706,2.8089071842273934,9.156454703634289,15.633818971731396,-1.4481710264481955,-3.6016121753832193,16.354176109474967,-3.6842838502829767,-5.086246200564613,-6.88405225952951,-5.553871333599091,22.919402996384783,-0.18712410204703003,-9.161506769951526,-8.520537964738452,-0.05731877071283242,16.443402810226658,-11.761613290302641,-9.46145329819765,-13.10206024694007,-7.502141968608357,-5.7740363812233095,-17.399162255227566,-9.689283044781629,-8.656667157496534,4.005641110945587,-15.174563852524969,-13.085389448057228,-10.095774539928069,-2.319397335065665,-9.849736270358468,-10.224735838815384,-7.460384122107363,-2.1991413312896007,5.459638823630148
14,8,1,19.731772899627686,-5.993657926233802,77.28522112311386,-3.0841944275719166,-3.877304023086297,-7.153027232520551,-2.106087738420905,-9.446770935523801,0.458584670386301,-0.5789793925246277,-14.030142801109607,-16.521392331708498,0.8508561925008552,3.2083349207007346,-1.0731829922737148,-6.568325154585535,-11.99215989359995,5.332006942389939,10.841207072547661,5.957345281704901,-3.453101406543993,9.530725957621353,10.695759906592523,12.381864955887293,-2.904712050653449,1.894720763331506,10.256088889408394,9.565223540792736,20.27675234271987,9.629687010333308,32.12159202156999,-3.3685568675012685,-4.150706831411255,23.555505136164236,-10.975081820131798,-6.044028691402297,-5.675214082593235,-6.813507842172576,20.50833960277279,-13.019538853590078,-7.431135210685616,-4.546307808458351,-12.587971955242496,-1.9173457738829822,-9.529419457040182,3.219976757959713,5.778452590210128,-7.984865682154171,-9.890245476555894,9.317971418270984,9.797111252640814,7.301780721308974,7.1597901838945255,-4.531498312586692,12.59771777548622,8.066196350698794,3.968623141349269,2.003092244733125,6.6072390539367225,7.006077082498312,10.737263397393164,8.7136736942864
14,9,2,11.187408570836228,14.055912037186955,29.238880693503653,-8.302211216491898,-9.523234425703206,-1.9243743737659795,7.880471094943035,-8.260638396596399,-5.636600822153525,-6.848525726259113,-2.7660511207835006,-0.7972252614591718,-10.282759775668843,-2.558140651652267,-8.09468225192097,6.6837141188883695,-2.875809872500237,-0.6322980483812164,-1.4248527798619932,2.552013387471984,1.9368600377290544,3.228254302336676,1.240688254829586,3.5252527355829772,2.149244635013817,2.418161708679868,5.549478189792578,1.7226258117432995,1.9373340592151744,10.348379213090354,19.997592345731924,-8.33910193008075,-4.036543314504187,30.03808278441658,-8.80131658298395,-7.379446582505244,-6.908260627490711,-1.4937901495069994,40.16410045964054,1.11894086868752,-10.281892800499218,-6.007993435532576,4.172371779102832,12.959017681764298,-7.600513332250819,-4.124093646910495,-3.5223740871382327,-5.716370781520151,0.319888927212848,-0.2390322764290551,-0.6488069681132713,-1.6653879310186142,6.635736502559355,0.38106906772931964,1.359233337306849,0.9312734123909989,4.1608571946711805,3.9575248568250614,3.092760984626849,1.6059304957346239,4.388976063988195,1.0497491271235049
14,10,4,62.71889720057566,60.51076138110421,28.04539549580161,4.433427592080723,2.5039201863791525,5.456205245425425,53.07579970214422,-2.9153827422911824,-1.4956167403767577,4.027190568890968,11.870678464984287,16.18464774795149,6.411490563791605,-5.0560608426358815,21.009722426806288,32.679877846706184,0.3134264360613588,0.4630123828197043,0.7128425518096217,6.207834507225129,-0.7967512923315533,-5.475280589832948,-0.1143831356042414,5.276757565917587,0.639789525056031,15.680409133956744,-0.9341751855411928,5.570484290308343,-3.6050804594259067,-2.8838100182006077,64.46477157513546,0.4799028551546727,5.195068506932841,98.30118624320846,23.18079394828984,2.42869368963307,6.07579785476371,6.254066318512056,170.73673136932095,18.306943940135046,9.071019921451807,5.897321348725934,19.6027081403427,85.56997538339799,4.548573743869981,-4.448641684565057,1.3831411941408558,8.21385158780145,2.1270130661020925,-4.323009760823195,-3.347227066653076,11.026019034430197,4.184267917284514,-6.403421088383056,-2.864306874857173,1.4067368962597575,1.6810529361728843,-0.9832510174615539,5.6189473765538756,8.319621810280694,1.753770805213875,-10.423224192248975
14,11,2,3.276451493579349,5.449569242438532,24.821915824602304,-12.6276603187548,-11.905707781498391,0.7496870393614958,7.952703352040822,-8.240418494588173,-14.224781466239108,-5.129379754613447,-4.607545656424652,-8.390686493980263,-10.155012327836964,-14.970110154722072,5.056107066389986,-4.439473928213574,-20.30940045520845,-17.0945914380434,-13.22518340868466,-9.751445767696854,-11.381561628860862,-22.13683686975571,-13.824636898162522,-16.08834563123016,-6.502520710036798,8.686690733972483,-10.605076665955986,-4.506607796315374,-7.327353328875289,8.516133293021108,-2.2712694428315965,-13.895135202183855,-2.4182888983817,2.909382755436549,1.2529080544212254,-15.749809014781308,-0.24754113763025626,1.8026847086574236,36.08146380251502,-2.8793359819867823,-6.516601878116138,-1.4012338809169274,-1.8941888994105707,-4.143631532061391,-13.886210264172405,-14.627793114904943,-10.85541538975951,-12.543185288325047,-7.694896203181825,-17.12170157740574,-14.044836709094115,-10.300413228934863,-2.568071418146533,-20.342984532891975,-20.122206891432594,-14.427847969550175,-12.583416921370544,-13.16880115896191,-19.80026011768637,-23.482220283096154,-17.902475711117244,-12.23168951670481
14,12,2,26.944292987992135,44.86769371679642,120.6014475001067,11.996379682521633,7.439875229466253,14.111438769211132,49.439909373114745,-5.498564227779466,6.575192345771939,6.413929837971659,12.45614351677459,11.28173358156914,1.321174937731973,5.966570837423205,-3.4910094828867333,27.472520147518395,-3.27037048201281,5.306630831370815,3.4313322891276803,-0.7809360643576188,-1.7443370969579899,-0.9959449027210652,-0.16832613172691058,0.39775134684381774,-1.5889013422335063,11.776260838366857,-2.1890833570008597,-7.301272049489454,10.578544347024545,6.380958402120485,42.07723753281485,3.909061679480278,17.962672983546096,89.21504464164008,7.078112784046225,5.289208639276827,13.855608600487072,13.785908088451489,148.60096943233074,19.039208708739856,7.49584127640034,12.062738994999624,16.622931441519317,51.20695221787543,-1.9490799027972094,7.634432858855628,6.06941623672298,-2.5337010009623153,7.963639939930744,5.231936132762487,4.118394178633649,1.5208888409613852,18.803714003800074,-3.9321487297576563,0.8537232136558287,2.0106529895806804,-3.482674086852591,-2.9052323282514583,-8.456097815799096,-8.102023432440147,-5.719526898274877,-8.95734197682724
14,13,6,-4.354871550961056,4.59903689576086,50.26310051941293,2.4079881950804043,-5.719526848471839,-2.8412198036136793,12.341251612936217,-8.51236454033997,-3.0485637991166685,-7.750954740692115,-12.217168992385268,-6.65016446490886,-0.4398097871212144,-1.3352560703983407,-28.20427631664021,-9.548310007434338,-14.636729585268068,-0.47429580548096706,-7.784041955771787,-14.249995660740977,-7.706873244810396,-6.694615947991247,-9.935598659601695,-13.027989787333526,-12.977006437574943,-0.18086964246339932,-8.852172815638433,-11.942112938637237,1.9183395589679129,2.2651654082100543,13.66335151008354,-4.581857475883712,1.309775986924493,34.96226874030218,15.701554112136364,-3.7955572339024677,-4.24045372501061,-2.6302457041584133,63.82267008467419,2.9583775775915964,-1.5239293031712502,-5.737238154916954,-8.719269235073245,7.173663290705892,-17.984106885587302,0.2774953097786469,-6.8332306561628124,-19.448289688767446,-5.255161837050007,-4.8248320299700485,-3.8992926926329385,-13.983194271420563,-4.6893040741135055,-12.736436564429873,-8.148266798941558,-13.960326900751122,-15.027683200814367,-2.8451041964041766,-16.822807045971462,-16.84621783245991,-13.982546701436723,-9.453002283077051
14,14,1,2.6285808806012336,0.6424369812920334,34.52065562111577,-5.5478018862081715,-9.088788942774615,-6.499954130409692,-2.8179940689218856,-4.5174056438774555,-9.885725233794707,-7.479910432145265,-9.429579999025275,-6.624973366230089,-10.37480733618594,-11.480187356267589,-18.071634230203927,-3.681093161460012,-8.127191390944411,-13.362110128921527,-9.394319342108584,-7.896448146847148,-0.4789085918242433,-8.32170277511383,-9.981657280245937,-8.271991120674077,-1.4139277327169726,5.479442491798048,-0.12098435789528406,7.776989906617416,1.765528136285068,6.503699948988494,11.66565817122052,-7.949026992589957,-4.169897804173028,13.286571521311998,-8.295008832997665,-10.556278217856475,-6.990943842908229,-6.21213510905097,24.80325639611339,-1.9697275669654688,-9.922766158266407,-10.612984083956343,-7.9341713123750415,1.19376271333909,-7.252450540650449,-9.461175711552906,-8.500190993066782,-11.474684374179786,-2.2393961632169956,-8.567174634737206,-9.775931743814091,-11.167755064372786,-2.4153408899835154,-10.42935152535849,-10.188365325445263,-12.035420669674334,-7.061869788165323,-0.43801782453977794,-7.561356748931299,-11.28078554438927,-6.604707158829376,-2.5990313697015743
14,15,5,23.75453629980726,33.52020212935236,101.36807395917609,8.501162039150099,7.4341410160882395,11.66825939530916,20.658954500788585,0.20673133903069474,2.7662939136030094,9.978766984601576,6.999730200574894,4.626921638323949,-3.575241904626258,1.9140388808871904,-4.561857178341597,18.748059924055887,-1.975161220764789,-2.6771712304297357,-0.8070288634313842,8.623753390081864,5.091726045692111,1.579710440766974,3.347481452746363,7.4590430701628545,11.343607352592237,19.29280763955377,9.350896747885038,6.064884502520192,26.509500441164153,40.79213261604309,43.71776987430528,6.409351788892795,15.718086102239159,74.62542581267468,-1.3067238741645184,-1.2214741270943748,13.06282264139594,11.642501726814709,99.03983258619536,18.018512091258682,-3.3126600967356694,9.434840174709882,12.28766703751029,24.577461314637493,-4.966336912396024,-2.1949446703216466,8.519890641112148,-1.9324091166575843,8.25772503586259,-1.1161315617628569,2.116758599775139,5.00901961637797,11.657981755268738,-3.023338048662083,-2.7162700885134505,-0.4431855146568725,8.101364427053076,9.69960699205446,-3.736099671720097,-6.727506590496026,9.857250792985191,11.674525395274257
14,16,6,-0.2088121899017466,15.21472629523133,85.91107878016267,-8.109075568071228,-11.576893859520185,-10.357084545783886,8.026646616425724,-13.442920620871217,-7.721278125011338,-4.166822658329295,-15.84109366685152,-11.634062341414392,-14.55842792315455,-3.25113316320973,-27.609527762888426,-1.6101617902835323,-17.82545731216669,-1.2199365878023376,2.911648611924271,1.6251561917341868,-8.786981122999837,-1.2148497302721197,2.157556848884446,7.4342218421331445,4.474087217822671,10.779657098737246,-0.5037759482497111,3.5422588299460167,24.664861355669704,23.61215280648321,24.761810798958923,-9.750520856096976,-6.802559693957249,44.135394260287285,-19.574372409138736,-14.05276741287331,-12.706609393038393,-10.369616534651774,77.20820248853869,-1.8636682382216916,-2.0628734738452414,-6.47384975273616,-6.531804397861229,18.262862362206075,-22.47884182722829,-2.763854609597928,-5.122535722159852,-23.813912997385724,-8.959226413845748,-2.310807601934888,-2.3261373412863535,-1.4333152577008406,1.9539700677368517,-18.899414650505268,3.0355463546768937,-0.06840554746321859,6.018976346691842,-0.8898971435818351,-8.61397286938367,-10.984654148733924,11.218703748431151,15.576095596364722
14,17,4,-10.089312040326528,-14.839460830499489,89.54251748178059,23.379444241523743,21.51597240638761,5.987391990882054,22.279729129155957,5.175634743941088,29.637221559700464,24.21420767453568,-1.8806165255061011,-2.1021919138616,29.725026296406238,28.884043032803195,-0.7756874015236784,-1.983924343704996,6.055693633786238,35.242816146554006,28.22868113038018,7.623218793626421,5.3261108384581295,24.602259311552444,27.23749943150255,16.200902286962393,-3.27317977461555,-4.01502848293905,16.901952753343224,17.56686389282709,31.627515920233456,34.151482610077416,16.08164041035059,29.666586102872344,23.94133659670264,24.52018870086204,25.857572109960948,21.713616926313886,15.847486728961318,5.574657763672492,17.152718843483356,-6.163267330970707,26.412319984014427,20.659763821105415,-4.732125497741125,12.81303868497291,12.273979023530543,32.29238090373394,24.018123851225862,2.3089926041117512,4.145712515827627,30.43851620576731,36.046954836060344,16.92078549638619,24.954784423476323,10.300089506795867,32.39804726184867,22.775400952958492,4.978452753991157,5.83226844173197,15.778214135729684,5.116385302313312,12.888924075881162,2.971556940399923
14,18,5,3.083685697033642,0.6375235611027685,44.28321146892336,18.32329099121072,18.557814543339884,12.696435905220662,15.712617825444159,-0.7634907064096232,18.716175196101748,17.206396354055713,4.700020942246403,-3.7371517336223166,3.8423323748496947,17.950360831373,-3.205467921000248,7.546454750137718,-5.358134596540433,6.723552873994153,15.268796404778238,12.54842221852755,-6.1944238468096,8.08258958397115,3.282012397605113,11.353515010792762,6.509237576185201,-8.51615648297593,3.205144128466887,5.740995341821049,20.7126083752004,10.830224211736605,20.676642521307247,25.088243193197524,24.285607623254375,20.302001168996828,17.152742470682753,13.78474045908307,15.554904608782849,13.449383090284257,-2.1234292607731775,-5.667341217762088,13.203737974916466,22.666809882945937,4.652552136924211,11.340890581833152,-4.109723535434503,16.677417670444736,16.443021181948108,8.036484830081463,-0.6793739169200023,8.7525645332729,11.62437418112303,10.620556444247693,22.182976130486974,-3.7260301034988417,8.013154994332929,6.983533401337523,5.1474030170498875,-5.223427361422555,-3.81922221647167,-3.5934500529816944,8.766934483334788,14.956271699141338
14,19,6,-0.34296441696039087,26.69812747499929,86.25451663063797,8.081872782749462,2.4340926446474915,11.559899361440678,15.764063568229274,6.066676405406127,2.925579507494481,8.636019394664867,1.8790558023582689,-2.310079295642494,-2.333882959945722,4.431843767851229,-11.202645773885818,-1.8705469609306378,-2.2919286520606477,11.463921193487757,8.283309117595595,0.6920214808977612,13.995182881018193,0.7604155478794588,13.672738624055212,7.131061508638284,8.687372761505952,29.79414862285299,18.180248397561474,17.289761828940087,17.281195036839787,30.18872078918149,14.911068767604489,2.693922936121319,9.178790322311858,24.885801054173843,11.03338326654602,0.9174119716101323,8.062681806353261,10.531653562185877,27.53456715957783,9.376330616202477,6.741876727787824,2.6522922617065285,7.0408290053104485,9.504216836947135,-6.162411815600422,2.8982958987173504,5.8943964531190876,-3.6262483643367878,8.915410768967575,9.267265562342887,11.350139150032541,5.590091540739394,5.526807335954975,-0.30154186805210736,9.25823626376507,2.136747332153525,4.855976944153267,14.523248250618941,4.6094417696500685,-3.3027755037836037,13.150361428582455,8.97503011917877
14,20,6,20.480107936735557,-0.7763232545949871,53.06318642235381,-8.4202128756655,3.5526404584326383,3.380950137155084,2.031161980033375,-6.199186896076192,-2.97448186367387,-3.8542516110237823,7.084552209551739,-6.850745429364368,-19.119718534088253,-4.501058667171293,-24.342336622543822,5.0510317860398315,-18.417662255284263,-23.009358005302907,-9.884985392595212,1.4043090967688625,-11.061302781320835,-11.876239267246033,-10.39285385667733,-10.220493001727071,-3.0158350937318334,-15.440452042876233,-15.339225164137591,-17.474862628264308,-3.2278033812053333,5.049725393991824,19.975800244001345,3.486986295853898,6.17049293013335,5.720497985733903,-29.852311332596514,-0.3909535411427301,-3.0716276967148413,3.2661045647975873,10.093531686630913,2.1976384164356615,-5.255982661937794,2.595748096704483,5.720729186699342,2.818965182946314,-18.09939181736512,-4.389103223319827,-7.018146604026956,-0.6674662370053004,-8.531937093473971,-12.736147431452288,-14.826767003345422,-7.758122532106028,-0.41006366197564986,-17.93938957191096,-14.081195661343823,-13.393104863330347,-6.286598604763065,-11.81444642158998,-21.573476234905232,-23.6417137790108,-13.19561071882434,-6.060641639695574
14,21,5,-80.91260238827728,-99.1921353049394,-182.88013032587574,-19.490209511640227,-4.949238376589719,-12.564827119534067,-55.99352912495778,-7.913824276249042,-1.0325928687163426,-9.414469840766001,-10.422923616633362,-15.169881721277074,6.133209130965268,2.396635437134379,4.241575123446925,-33.555474198446056,5.933969265804055,-0.6424253317641053,-0.9471002983088354,-1.5485886403745612,2.1978580412091455,6.139070469806565,2.9497531548187856,1.054743413745266,-9.024348723361411,-20.72871265814798,-0.19219931672758847,2.4367400266389114,-19.312311029186613,-45.475621618148786,-89.98256995474416,-12.064588637363796,-20.051939981569333,-148.74449693284387,-36.11366112893675,-1.9786641234304845,-14.02666311728109,-12.676308438079667,-230.05732539223476,-28.834840173038053,-20.20152593131472,-12.404524257474744,-24.071708463495835,-64.88949429698101,-0.42906971266720406,6.4591790659398525,-5.352758609962354,8.31319407521315,-3.2885210021489826,-1.0483502585713462,-2.6896684739579695,-0.8988914761760431,-44.371455516757045,9.270826252926955,3.5687562541400135,4.200256600112811,1.997184657275951,3.1455478882644217,10.05914966943788,16.525357785736908,2.293292856638933,1.9633344604929037
14,22,1,11.075487850086272,19.65366839757189,41.47211933135986,14.002107793919553,9.328098772786463,5.063979970734207,15.346994111064545,8.737038242891884,6.66972543694442,6.811218739260083,6.9918919208504935,6.771403235928491,8.56019169581691,4.98151632431304,-4.5181570769764665,14.90699938642678,9.457626610846695,7.413343047212088,6.901543793359365,6.544428836690578,6.9158561431075904,7.761035819594725,9.059216307748747,7.922101715943079,11.031938162302918,6.657771494091919,6.253025799694401,9.089286115100014,13.440411826073216,10.16039959741075,17.3881908218808,9.9252170784876,10.590613945705325,37.92972153650096,27.694222738636988,9.39641188443979,10.788894161900012,5.5005757995404085,53.6532297628682,10.206169063940917,12.360858898473582,6.283199725842963,10.000536075077678,19.299258624271644,9.327243240959033,6.796640538167568,5.370828266653072,0.25201518494045316,5.947345148567564,7.709844337446929,10.511976917660453,8.550815931623566,21.305553332459557,5.975102842240255,7.464823577269098,8.002611519995982,10.622140361382282,5.196051243987935,7.700225722226432,10.70513575564979,10.46843880528538,19.295108359170754
14,23,3,24.48937924293709,32.606639792177255,58.54394698215696,19.581944746680836,3.9900108101982155,10.426935241909744,31.677990606736106,17.56769635146712,5.618727839256565,12.933942132334154,20.29060230058868,19.448844686479912,30.345081268275944,5.660762976559741,36.63362218912054,34.95824577314099,19.654836046429942,32.11456347502223,6.579909117074636,7.0222854042743785,18.723955607087145,14.19248041428807,12.084369452204555,10.869982015977543,16.82859910988225,24.677578510580258,16.11673920697011,15.595494670793414,23.12770652053197,25.737963453275942,34.404746472687876,7.409770752507739,13.78845156619053,52.11657201532823,31.323638809890298,7.596536442853241,16.386037830865334,10.335916637579299,106.94282442304062,17.480643096414003,23.783635050467225,13.542089593687608,32.61725255519878,44.399398010155956,17.78235842505606,7.820597376822064,6.649644249834391,14.247348315832086,18.247162673099915,9.457545660527014,22.083044290769752,12.923768655374278,41.522963758240024,18.8459806029753,11.171466168470495,14.191867683355397,10.610440760850906,13.48724489111635,17.8621168304689,16.080761763744245,7.144633954765681,19.91201889996485
14,24,4,41.2118841787664,47.5788075843962,96.70710569765514,6.572359849562553,-4.339241323958534,-0.19897394518299863,24.00274785571708,-19.335860403572635,-6.496936803433774,-8.907873014805885,1.385615177645641,-5.920628023401994,-12.850935302265896,-7.882494244156635,-22.85315926554726,12.378535434319756,-21.517845306818085,-2.4799776632656774,-13.100545704001325,-14.404922766111254,-8.922659416115145,-14.427928962290476,-13.00350391301441,-13.909459023759139,-6.43581457733654,16.07738596760873,-1.9764560164951879,-1.1847683940559806,9.10456951680343,9.397614178520332,36.89221561463865,2.459399395338374,5.069043589869467,43.18080254098989,18.431581587678327,-2.5979099611342873,-2.351536601827276,-0.22036155199677446,72.6638605356125,-12.504988145537485,6.34671506958037,-4.169389016063111,3.7470131795285506,23.398195990315834,-24.499818637603656,-5.374608730022771,-10.095924751878504,-8.828496237807885,-6.280089840383794,-12.729534628460327,-9.178015637688526,-13.016625537196317,22.187172781221758,-9.722208380699158,-10.173752443274344,-10.795321907757263,-12.541289090565062,-4.986834322988262,-12.463773671594424,-19.06932469748142,-16.647197691950854,-0.7251201992763612
14,25,5,-45.743347972631454,-79.39752881047205,-226.97814717525395,-12.393599292490537,1.0045808279409836,5.016638202411006,-34.400098997611174,20.7189090497701,4.565151902812918,1.896801775798381,9.485754176508635,7.4260021251421895,-0.36905728815486993,3.940079516992426,44.59910029318278,-15.171326897970234,30.241877669241372,-2.8586304759175096,4.5868748638597205,24.523610820743908,18.96934654911207,20.936842825899774,15.982482978846972,18.017217305647886,22.021309146203286,-1.454055562706258,12.33142488220388,0.12682258726165685,-25.670783318283924,-28.83629684836217,-73.07888320960643,-11.656571318690736,-16.50773903076742,-125.55133366584778,1.4619168900294082,5.036950682766919,8.244002339680028,4.990094522536708,-148.53864440249245,5.597941322774603,-59.91024411742278,-6.809022192161807,-1.5335479493184765,-30.509164525241406,25.463508700997373,7.459852335974574,1.5279062119221731,35.368609870897565,7.604293733562637,12.685406878590584,9.131945625197414,11.715751296034224,-37.64986791443537,25.141712124936472,12.592041389880379,23.373478725189106,30.89268455958767,18.953531179713412,32.11373109097886,32.613391408651324,21.007306295924078,12.678516702317609
14,26,1,3.08054118839706,9.936962935982685,38.603927758408744,1.1938782988525025,-2.8158783887217695,-3.8841133343010457,7.023406618978922,-7.563773033822455,-6.153741141565415,-4.633384171237309,-1.176583261751546,-4.190059986783238,-9.68536399006162,-6.281373076481607,-1.3413833623252251,3.693705999269719,-9.59820663441745,-5.6435489141404975,-7.190287812726525,-3.2240345821965763,-11.226368650623668,-10.204677708776346,-11.099476676525134,-5.769088313551389,-6.795831306462701,-11.824978303800266,-8.803836858263471,-12.75811308235067,-3.7230937193806573,-0.27319459944236607,9.79214012477456,2.004433261730323,3.9743574005438087,23.708524083945807,-6.619608951051057,-2.1356143893719444,-4.913966249038537,-2.5572389451468864,50.03668050068178,-0.7509933448419339,5.06802630497188,-0.333715749859083,0.17718175998548158,5.931552888416662,-8.338304257406515,-7.060944917702641,-7.121396644552029,-3.840390163337491,-7.998611442699305,-9.417175106976815,-10.851681159479865,-3.6617518113926053,2.9016715913284106,-12.028669116609706,-12.704112357391812,-10.01664047297544,-5.449314949261709,-10.692603840015643,-15.036573445606164,-14.560693848242122,-8.29113585719975,-4.249494323915825
14,27,6,-43.974108785754275,-80.88328423950726,-176.06461053359808,-22.683966079999408,-8.815709875010674,-18.80867363113863,-55.67053064195123,-32.092909822376775,-5.54811403246188,-7.788411973782526,-36.07711721920386,-29.89817342125787,-28.279121187765437,0.22154074470035456,-23.623077771808116,-48.28792772896402,-26.46869069846664,-38.7785199618921,-2.9289782894548155,-6.814432770558969,-22.315810416893253,-6.934515368136601,-18.567641233048608,-4.867445334428692,-15.242877038513743,-31.323430843469595,-15.741300289382833,-26.5610504372091,-46.80755965011874,-51.58825236558914,-60.680290074246656,-10.432391978232426,-26.29360145221395,-103.13702424197662,-34.64236826649527,-6.156723841695428,-19.280530087808827,-18.90758835933195,-130.5741799531914,-19.465873857096923,-58.04061064269489,-27.214308252785262,-28.498326699090423,-37.23080981129828,-20.40814167479189,-1.4258238199371367,-3.076298349639173,-12.01769787488824,-21.224997154823168,-6.987059452355174,-20.608942290756662,-10.18688562707748,-54.22847488231771,-27.63229118723697,-4.623499608564573,-13.188986354780079,-11.480927239876335,-10.786570470621134,-12.28871916185655,-5.548056259626382,-2.460763509283069,-28.320751901534287
14,28,6,-7.925107568877224,4.713998036254651,14.831321976215742,0.18547095509427755,0.2461422993006503,4.942324942091433,-1.2244336973285164,0.501209467922042,1.0403732925926041,-1.1595194652767447,8.685557776153448,2.954747475218028,-5.429696120230888,-0.16275379933962075,0.399184898496038,10.717251585932766,3.983525216511294,-7.334625124919975,-2.3528776664809317,10.47324802120011,6.651493975904024,-1.006997125473148,0.29485966962557797,6.801946885565798,17.48494373843437,5.0832981308240734,1.2701916761764491,6.61131997363324,8.425530903313945,16.751349391074992,-3.174426907741622,3.6354738919564147,8.07942199438992,3.588143818557442,-12.75439053660305,-0.6617666800710852,-1.4783911220161485,3.946726961969967,4.1896090560206565,0.039873366539434435,1.0305580994477732,5.116604959183349,3.312151414217291,0.6699864470922362,-6.584718457082424,-0.7784966582023507,-3.6295201331149904,10.170920121188205,5.56500442843975,-4.641557712653061,-1.3266085611610887,1.0779575859082917,23.146088336787482,1.7984533525503617,-3.2860816775752983,1.4824604993322634,12.151884678842087,4.650586812768312,0.6007253360003233,0.749744866758858,8.969689064295725,4.90605856563396
14,29,2,1.644855929175165,3.545576789802535,18.111126138079094,0.33531122241260014,3.5206745946552713,4.926394148014216,4.78302789418163,1.101877044238968,1.5138019906447795,3.8734310571013455,9.836799587157165,1.4401940299061735,3.5080039431454546,2.645124465227127,-1.8203496712191791,9.530991852419769,2.1740889141972124,4.211516818440543,0.045445801190484636,5.745920276814477,4.111561645060871,3.0999865445149353,-1.4184595512498808,-0.7623924446042336,-1.584519921188674,-6.151070611505978,3.291850532109783,3.9248307655656305,0.8009478462314817,0.7845314145315352,5.392932636140869,-1.3084695450393717,4.748692232184112,12.371980506063602,-4.205516716329059,1.3213714908172434,2.883671170509444,5.606242019001663,18.040026903152466,2.7234031411523865,6.409733276587073,1.9231488084102575,7.678433635340235,1.894038637236851,0.7406232869025408,3.6377283452850993,3.2543471729973437,6.9997302174749905,2.975187101878406,3.8015687917699927,-1.898628350074698,2.73662869972972,10.477028449315847,3.7908057561484982,1.7925574271598952,-6.122700256227354,-1.39363841603442,6.24341884373528,1.5717913708536013,-2.933683605274054,-1.600011373086402,-2.9773952814114346
14,30,1,21.83542197106816,20.102426235450476,46.43946214674451,26.077933694531257,20.053570139812447,16.766702291078676,16.099975894227995,20.135270568746602,22.011470880529792,17.553095104581686,14.069704212339174,17.6223561450521,22.0904778122175,16.001026547354904,7.092725657199216,11.212981172689677,9.198270258573235,9.813666470303414,7.968264239726635,0.9327070286679198,-0.05968860668562037,-2.264344369492876,2.786294221514603,-1.2170115157552992,-5.068685232775239,0.10051004469349323,-5.904766459131567,-3.962623187408943,-3.499760895683548,6.455190477483882,30.05196753544053,22.8452169715268,19.74734607463838,28.319075574893976,24.826736678074067,23.087301505684113,19.885463579455628,16.44595772754856,43.6971799676738,22.534264425678963,21.749374695020034,11.944610104623553,12.693187318446975,13.437741368736441,16.778367164999057,17.68446105318825,12.425761510322731,5.60817271627758,8.482664686559534,8.477866940200329,8.706563743694518,3.12483081407845,7.689797872370796,-0.552678310289618,1.1836354051512208,-2.575574401584338,-5.15180780129825,-6.656164491594559,-9.081020273449948,-4.1651462047111,-4.48930120250074,-6.358541619941226
14,31,2,32.656732846960054,65.71744832460105,99.85562439353727,3.5289638113321304,-8.534214690963667,0.514631517401827,38.97963268373435,-12.499901321875615,-12.249643314334493,-6.334622371919094,0.9175738463200976,1.9960401535215908,-8.93550355391713,-12.880473202866762,-9.663352034156905,32.845510224471006,-16.003350230978757,-3.13164017565276,-5.073587143657411,-1.4195925931037388,-6.26018206504878,-8.13078681672582,-5.360157583272315,2.928215273110789,20.639381928369403,27.979590995646085,4.667003063803038,6.967614124642637,22.40566151271142,32.472290942036544,54.16375737279515,0.22085870160698562,7.897234480600897,99.11206471147702,8.363090624442185,-7.36854468890261,0.8326131110874626,0.03136471908812133,137.23513045598096,6.369975394342188,6.73540270405754,-1.452876236585039,13.771618883954597,52.38651834369255,-13.66192955872407,-11.802874030045619,-10.305904530488503,-18.54692427552782,0.23475478843944925,-8.780622559167991,-2.4324162791982813,0.2173325726080978,36.19791664219483,-7.624594630923388,-4.482769244816154,-1.852581389339233,6.754027126288811,-4.091480404592869,-3.882078640980693,-2.856873227714945,4.306489330432493,19.508591246177865
14,32,5,67.97876417055362,82.74853626402411,101.76514357037654,41.09826387537691,16.676423403661605,23.3723806075002,74.99141920703214,19.65724066994721,14.283337235450745,16.084727167708383,23.91639991711099,31.62056796597997,29.01047257424853,11.197663014164057,24.93772085156384,61.281107842195304,16.10426495351442,37.526039682873865,14.954688017710856,7.669982590031149,17.36257201760281,7.961582104743619,14.399916899685818,12.227885886356693,18.45792867749838,32.29435785877993,15.532372505381334,26.146732381567734,17.139967713539097,22.792464843610443,68.61542067876672,18.414783628135005,24.12780173377292,130.6145849780338,89.19407375265914,25.520411250976515,28.363134074683586,22.890304210561712,179.0935436865178,31.815530127141532,27.2039843153481,20.836413664164066,33.928300432133945,77.47647209865289,17.935539742431995,17.120950071799864,12.215134200163,14.53112111774432,17.656287161678797,14.20570603110713,27.204562523425,14.369777731097694,40.20359238473382,19.314703970420638,13.409752464626079,19.305536116518805,10.899681906011413,13.532274451106787,16.117213095651895,20.219005951249027,9.365555939855195,13.866857315050204
14,33,4,19.473191887912595,-13.91577133168352,-15.273039226477012,5.77844097558409,5.610970500856638,9.659178618250824,3.4640957932328673,18.596289148054467,9.356896698384023,11.441481454888496,11.712988310766109,13.718739627338037,9.184096593000902,11.632015893372097,16.959132617066906,8.376073529194226,22.136120024330275,11.354266543622785,11.190206095667143,9.747029546012241,22.304226522583793,16.94079706813323,17.040971809044116,8.532260661535872,7.741162717524102,11.470406824427586,16.467356875175373,11.6150100001293,8.234360483543178,2.979499373902997,-1.7237009767715517,-1.271232001392578,0.5407938336749094,-34.3636359215782,5.983865947258181,5.3444810344315155,11.239062506432944,9.109586990461116,-28.737682774265437,13.38207570331671,7.048551671933836,7.143951894079405,11.416463856153733,2.4758504210039973,15.21372042523651,12.045316777669077,9.69450868121008,15.330554627631672,10.060606272766229,13.247484255582094,14.735852403429949,10.424472812449608,0.8321159543787557,25.76290018002434,16.11381431214693,14.309291342909377,9.93772619240349,21.46902381665097,24.19678537677066,20.089050324883594,9.179183329614556,3.208681646825333
14,34,5,-16.381737156055593,-8.855606336351027,9.898846912390844,-21.7244610123836,-19.41978076895381,-8.641406712281263,-8.352547126810814,-15.094262160587961,-20.74406540548294,-15.714282419100943,-6.268193679929873,-8.077098220018902,-14.439004189607385,-15.676848425098303,-18.194884574722217,-3.511842082038795,-11.071256719313842,-18.269244162502094,-12.697892613209243,-3.8967956898552245,-2.8898678650034615,-7.917014951113519,-8.293598326627258,0.768022472561313,7.847106497950581,7.784747232455855,5.483685300344738,2.2992350774839863,10.384541447297103,8.602631746927596,-10.415836863162951,-20.555415409367257,-11.207131309741433,-2.872896661277769,-27.060132821158653,-21.28543738900433,-16.787638796164043,-7.949026972668746,-2.610372656093137,-7.491713983529224,-22.78149352921173,-12.428570771907895,-1.318088146926063,-1.4493848292565932,-12.980173973650555,-17.135771198516203,-12.701071935001668,-9.89082352785257,-6.451837942163212,-12.438200974689305,-14.000258028143783,-8.338616371904383,3.8425405107029706,-8.148047321862192,-10.195382844952004,-6.586626093675639,2.2544136350383868,2.921163237040362,-0.655373376498859,-2.8774979881397096,5.41119874897981,5.520171566321175
14,35,5,3.6867462218534675,-2.128643144012949,-26.120754886691174,7.790805041063123,9.61796410717978,1.9417965740374314,2.432404704800831,11.208796221308594,7.780145888648378,3.7664817019320314,4.970186697114713,15.400740545879048,10.773159837645549,10.799333682420048,17.02311056388952,5.765770410051257,24.349030302417265,8.778287429385248,13.322202130447979,12.193584876748307,16.72146463498655,14.470553681526964,14.682510630659229,16.73494444087874,11.928563746918995,4.511451898381209,13.569766294006719,10.592683292448331,10.618140458061195,12.010414560768378,-4.784843121178267,8.52039928730895,3.1837680950851706,-12.308256878812866,20.83494541270477,11.644883284890433,1.999369632748024,1.8769170045398358,-31.489063214601526,14.054339634527157,9.885898616891808,-2.6042222645497186,5.868164730848882,0.4657638807235872,17.089088461884273,11.104586620065502,9.038718806216258,17.459313219731172,8.72359304325428,11.125696697976535,6.803854337064317,8.616458437950685,4.918405549362206,22.48887659904615,16.990011673965842,12.909028425721868,13.684958708847363,13.977043889213075,18.9733117146236,29.551937038703585,19.099764406487978,21.56811197336037
14,36,2,25.740206111608675,43.25035278462784,81.71427878519386,7.596559501605156,9.313404933435889,14.181867579940896,14.251672069655683,-6.941555837578164,5.043540340848267,6.843647004650314,7.811718640349257,-2.038480017890745,-6.671956709517937,4.702367787590112,-2.307339379802438,7.539749468199721,-12.67860906743785,-0.4844346566398336,4.985909402415883,7.935732027129605,-0.22670844333564322,-3.154299440509753,3.072806974554936,8.583001392870777,16.158982596098912,12.007813373228489,4.189539681029757,4.473925265245045,27.671956546400217,23.889289656744847,35.149635615872185,9.785342328091403,16.31826806536354,58.24916832766877,-10.759564159256293,6.266066458791761,9.323266262904081,14.063045029914592,83.09396264901976,8.449207535422431,-0.4013698392820252,11.490684521407255,7.406105901080567,14.320910017664845,-11.687600692279826,0.7459529332089702,5.36560278335904,-0.5453372479007552,2.8056701707267555,0.6196273735996982,1.396436061437535,7.480708011153448,11.125812300185602,-6.915474655685898,-0.6638475895245997,4.983689674301208,13.043770412664589,4.799120663653879,-7.058043234799871,-8.94203542450034,6.009265172567854,11.500927427238445
14,37,2,-64.66405772458668,-112.75948613046147,-243.31679915336923,-25.975608517847405,13.247854155193012,-15.140309039775913,-108.90971915314833,-9.56518890290726,12.927028775942045,5.317000964611043,-17.755109521855665,-28.75172932700412,0.5009666572256783,21.6261939330072,11.837625769762003,-73.52604592427977,3.8798126999924842,0.477417173182092,18.403789146826043,20.012991422503365,-2.7033335337551603,19.039867612487843,19.326230108601646,26.221380719915032,4.675673863282657,-29.911294834290775,16.817304201617205,4.676205623349766,-17.68338595794104,-37.45396930760727,-101.5097174370071,-10.226111599948352,-28.40373570494717,-201.80989208308648,-79.50829298903302,8.118081327255174,-17.541695909165753,-15.964933662334598,-390.59113524018244,-41.19171042122494,-19.692663145138,-3.40713547788015,-45.48578366855297,-137.66907922523782,2.337155005553874,17.425624859405726,18.00967953572187,17.98378334139905,-17.30979664005884,15.239952128993835,0.696784532469947,13.672819779720157,-70.30308658902236,11.406324991002313,17.860995310653998,25.371796480811582,24.228045922068002,16.783257462799828,20.714550540214642,26.277196594854676,34.83875254141847,5.883009120276794
14,38,4,-73.04498697054096,-38.15458034960238,-118.72859993213567,2.006837946624018,12.49901112071353,3.659497396588871,-28.887037333191877,9.488956566377565,9.657640977808065,12.533554945595375,12.888427133524297,-7.345133953228044,-1.4406911309286041,14.00455869169815,41.59607467436936,-7.904517754912376,3.485020951231623,13.350526197268282,12.418212307060552,7.415736155777532,0.176071886461592,7.1955133350793155,14.226203511219197,10.683829114261291,7.064783095995464,-12.991630951442358,3.2384162482737393,0.8112601352537552,5.029528621856759,-2.4079189184235337,-62.87851774983295,6.352113963490948,7.191640420362537,-28.053395444663572,-9.811227020966573,9.167807421578864,3.4763849929156834,2.4905327504341725,-59.57248200803269,-4.375392046643468,0.1389037066979742,1.7687998777028258,3.3766379125484436,-17.474434931103776,5.224167181746806,14.125011297351705,14.08258295604368,1.5383919449863819,0.9984535730398463,11.00945225538595,12.82368630641026,5.6500807767961065,-4.1184403730965204,-0.10727322120901116,11.655519320856687,15.834411530426097,8.107179559903535,7.959697675039399,13.65754786660759,8.69516478183611,8.303945346576409,-3.406545811991506
14,39,5,-105.05697095321452,-52.30408906900304,-19.402242975990944,16.7970033228034,3.6846769663800543,-10.430877540351412,-12.900577618399776,-25.76131652804409,6.400264903823507,7.695636068243628,-27.02387790890728,-30.765642324962275,13.342815100147222,12.828333700212042,15.271224191321481,-29.373818950500432,-15.073048037045243,15.772734328377524,15.00214517298269,-7.963027177787409,-16.75884085702824,-3.240543470331807,10.402472408624686,1.484922952790995,-7.80431968028225,-20.15390670325654,-3.600294246599532,3.85955806258248,16.301377616277545,-7.988426389115887,-75.74558025271428,15.739635431184993,1.86183007290905,-49.885996589209974,-22.066234696054504,10.124722860833039,3.416846582575176,-10.765957459443946,-120.79740407599546,-23.181036819772014,36.24596354147284,-1.1421087839890534,-31.351546795448147,-50.58169451973784,-29.43504516744031,13.914985163364465,10.243996292352676,-10.928075332910092,-19.516880283177624,3.2154679212537474,12.873132115275387,5.3957072313329775,-30.511916148464937,-20.375944627539766,7.641635267291123,0.2699922742776383,-4.313310251253227,-9.303404754936333,-12.795258169914254,-10.751020828307396,1.0781425724555618,-26.3940192531431
14,40,3,-29.045467447943796,-0.4075896747228582,38.17189866595153,10.531144919373638,1.3843204102297197,-4.446699411460629,-0.9557825305112969,-6.401455752824143,2.843000209061202,2.010999848361968,0.9515049802820856,-11.654733181635779,14.243394450148244,-0.9508343970902784,7.252543022265518,-24.953917563143285,1.5060215844182165,7.583229862562405,-2.771450058716099,-3.9776175699719243,-2.8829197937213826,-3.9859992469229364,-4.040092462174045,-5.012730672887364,1.0932988491045634,-7.824562695899572,-0.741131931054976,7.0494764769767855,27.51282126692738,13.276675445822676,-11.102320809916758,4.680194049153658,2.2246099181654984,-0.7613056730933307,4.370663592001285,5.938177427901638,5.122651296815404,-4.511139654895152,-8.496317779872472,-15.905406675778519,24.542986822235065,7.250138408663428,-12.933988439055483,-19.660096220126967,-5.739342202159866,2.907902857697592,-1.8110432468309319,-0.6407952683001028,-6.756235361167392,-1.84058126281356,8.309737332074379,2.0643647469625606,-10.240585790174757,1.362169747956369,-2.496290007231351,1.6294568372867646,2.2571652355581158,-7.982553479852298,-8.10928369285085,-5.480633285680285,-4.099168451412056,2.7668488014762
14,41,1,-198.52674734301675,-179.4646586674016,-404.9497452596338,-43.49899201349513,-18.513744555550023,-21.43799457535511,-137.2458819063699,-23.924989582925296,-13.682739086937532,-16.600214306083394,-54.28751639222224,-74.03725539474954,-56.32573038339615,-11.786816020734703,-51.81618619801066,-110.18724046974647,-46.8596183715797,-39.59804605492733,-13.880498973970733,-8.451068860546853,-32.030423295207136,-21.430225491432896,-16.054206560206854,-13.15440776544374,-24.991952923739834,-53.96211281200732,-29.65131428728742,-57.90539499463103,-111.04129905816988,-101.10378182515873,-206.70889888740177,-48.87709207723782,-55.331739394403044,-250.97962434698908,-96.78634388417733,-21.559649421856182,-26.820452998778457,-21.804843782061113,-335.5871910699987,-41.19454307708795,-76.86751543675977,-37.953201722808,-66.32746891132211,-147.69625123535715,-39.48628715734655,-12.607070481132086,-16.925398126744273,-34.30476823485479,-44.60192112788195,-17.137424333975094,-30.839770512019324,-20.51694096933776,-155.31903152349517,-45.714295318940756,-19.196020155475015,-20.577924428734836,-27.03745026904633,-11.76287345779014,-32.91359220445156,-29.864565662131092,-20.48796929364525,-51.91393327640322
14,42,4,-11.615472416870485,-14.856397345298666,-40.50783906622632,-13.996408229602922,0.18270774921629318,-16.151965122874355,-29.695349521753286,-27.69468510823277,0.11559700357114322,-6.85202860707281,-20.373932974821898,-21.411878525006873,-10.006524697536745,12.185099099558304,-14.572879018568695,-23.476069840409508,-17.429613514371752,0.011075389094470367,8.713107280660328,1.3740774288591813,-9.63735167815054,2.8249422322231816,11.316057886610313,10.798975223777584,-1.1816584846777152,-6.7078993499233635,5.680185275106898,-8.629776524595648,-9.01965508246567,-16.95625415141126,-15.664975385840355,0.08153877309636987,-14.290169744366198,-28.7867241400044,-30.915609789058188,-2.9400189088248654,-18.333811370519594,-16.50363484143121,-62.90810227989238,-22.36355679428842,-13.072822773601954,-13.096094858719082,-20.86859904029746,-27.151729595688412,-18.729759240534346,6.234447543123145,5.587686830961213,-6.78475602877486,-9.910881646772525,2.593713436639163,5.044881423162977,4.326385584001133,-26.75736550877733,-3.9508542043225074,9.633120388417252,-0.10093784687768004,-0.40078026494692953,5.490760663251686,6.741564582703951,12.055802465757216,16.782436555160626,-7.355527128479108
14,43,2,16.813280952094892,7.484870052657928,16.79062168788528,-0.6410149836844604,0.56592708081007,-6.926133714434573,-6.558822146878101,4.83095926521119,4.156637450805068,-1.3985170570156746,-6.382819621664719,-0.04613933301099177,6.92763665104966,0.7547969318381167,10.5183469804867,-9.790856754407287,0.8607868983796448,1.594566150136837,0.7437563614420051,-6.528232091265488,-9.362723517390656,-4.215690358905352,-6.647840715081597,-7.277583863677051,-11.169974760742999,-21.014335242951883,-11.83708254343308,-6.066930721366277,-15.165511663685116,-15.010469021729936,14.755852705640047,6.884098498150706,-0.02297134792841113,1.3102152514748449,-7.6800867542283715,0.6289222652047144,-4.856081049912037,-6.896283561636401,4.82087820478738,3.276382106651622,-1.6889606294017758,-3.4752520233188298,-6.079138954783359,-5.533755444876125,6.892815262931062,5.075448315090885,1.255983292465892,-3.5340159558123214,-0.8020114481403695,1.9384671465789023,-0.6510960993743155,-2.1296721566468477,-13.038637348609717,-11.031718425305067,-2.187938902640668,-6.0925726733601975,-4.625476590675732,-10.082363842464076,-8.62066656421507,-9.466343537586306,-4.410120882616355,-7.969258473141165
14,44,5,-2.15901354945651,12.053270597283426,9.865817406737222,9.311266122067845,3.751718410131772,0.5916268929112225,-2.0129073451205,-1.8781887283321574,4.712298719348698,-1.817632874155918,0.21628052413054655,-0.8406594176663138,-1.351464424691187,1.8217486716102713,-2.211002806065287,-0.08683357823912868,4.848404682627543,-4.113423019670312,-1.0543272373970682,3.9626347032352944,3.315850953503355,2.629448062672122,2.1682044219725367,8.54876969612726,7.2618956395038765,1.3859735845202006,8.716043758319644,35.809390765137785,17.030463173440314,4.82484362165375,3.2751795825798373,5.088361809711632,7.146102252166452,15.17966218747017,-2.9719962426802033,3.3239665733786676,-0.7075707885413998,1.642601469849666,15.785115878756462,-2.7074954237039317,11.242773597015114,1.718510128057944,-1.315799254515185,-4.137342362142191,-0.12733126479405452,0.41763609118487177,-0.9877251054092151,2.8206992848980694,0.38653736008421924,-1.128386074336383,0.044833048133227194,1.3614298341932087,12.029362831173882,5.771192299327024,-0.5209438859644102,5.808325756386647,11.746087093315111,3.573380613154389,4.8589712619758805,6.462173250980862,12.233631626180395,11.261293984268137
14,45,2,-2.560799735087173,0.054682934486375734,24.35164310483309,2.812421671058075,6.042687641547586,-2.3169464538691638,-16.129872309577816,-3.4268928942974792,11.211963853673868,13.702288470242362,1.4325869122133927,-5.763088212144084,10.632429510434497,17.363450655486528,15.197997730327533,-0.9980951788176495,8.702240093043308,19.92790354423725,18.377649988945034,14.962641700727444,9.394446492694865,18.55788405044233,22.687272536284393,23.17702499467017,18.62730685130851,8.765558939063688,20.182647172725062,30.77783895842731,22.97475648462409,24.066841177460642,-1.9572534040411622,0.6383328199068583,1.5720802385519015,-2.2241589181443144,-20.44084739637356,5.644970892269801,3.998149687685526,-2.7486867160967914,-5.816129433911106,-7.361457853191867,10.206041941101233,7.925431251378229,-4.175250436860797,-14.636070586559244,5.089043890739361,13.364040837350597,15.319201638411013,12.720794651611921,1.6183930728584528,13.801365037289703,16.473877247672807,18.66898371124776,11.920413219483523,18.112640596108463,18.906779126502666,27.361431835764417,23.95108245549406,18.23098910677179,20.813465330590745,23.107764104721927,28.366845007997195,27.521434130828542
14,46,4,46.76444951790133,67.59067762043422,141.89591383643258,18.66397779965319,3.2744630163126605,6.33676112553377,35.415084645515535,-0.5609444341304273,1.0558417416745556,1.0137254743405237,13.770879086697615,8.178799066715301,2.4789025363762214,-5.523431608226245,-2.322992840418362,19.404589680091636,3.3120242831206355,0.9043366156700188,-4.575418163090944,-2.578383672937025,5.149310598763207,-8.9773885183854,-5.000973239813641,-4.44762428254797,5.984790810156706,19.725761869604273,6.554833654825371,25.530238044698073,37.73574190318767,30.80405914383689,44.82209790189088,13.124765772508777,19.878712105712427,64.70794285797496,0.8239309236793438,9.432597347183107,-2.7623169681670676,6.0148027239412745,100.35521529069763,9.265207678965504,29.467334856370037,13.294247912470157,13.455903400189985,29.40267479274329,-3.0538125002711323,-5.607051197257706,-2.9632908335727866,2.8246299687704837,5.610623621279602,-6.141405843084725,-2.004722226717761,0.21112442616282479,29.88554883148614,0.35324198689038927,-7.695439586290949,-3.570282356779474,5.8913558977769656,-1.6229943894872036,-6.276332572329695,-6.438149813778431,-2.119290497608303,0.14900793643986449
14,47,1,-96.59686136536489,-135.9155050283525,-245.57207902466394,-23.6740381321529,8.344477634558954,-3.1027958256805825,-76.64457643322835,8.988845294432306,8.611047966326248,6.621285398672453,-18.023668017692675,-25.20670741142295,-8.470121243287148,10.353269410603561,5.2440288512990225,-69.22296702571026,-8.28514740288984,-7.441817532861375,2.062804084452916,3.254335619622795,-10.304286138495291,0.21767939681686954,5.440077806334583,1.1518661566078663,-13.065285206431666,-31.379766677937845,-18.61843983719989,-40.50863714915952,-52.483571381103715,-62.025130075652434,-126.375425766154,-22.153380447862343,-30.509442178214492,-191.64999042487733,-39.78676571242694,4.654829632831604,1.7066255976877565,-4.360166418479708,-302.7499141809419,-13.609685983236249,-29.67625102800568,-7.099962694434132,-37.515611855903764,-90.49561818343834,3.30264836036396,10.265256646827499,6.856722290639022,-3.9127726861752747,-20.124680836571425,5.539454982604646,-1.0399801715208987,-5.143437684082041,-109.20326157314015,-14.954606841977055,2.877208781292342,0.4226418859438901,-8.36099821728904,1.4101704009240723,-1.0825934619074928,-4.392213096387865,-3.669370347474952,-35.186873249527906
14,48,3,0.17678865033951474,28.980541567590734,66.18671536227549,-0.4799490328423847,-0.19552874715044766,-2.1318686522270847,13.705594871261322,-2.445341307715309,1.448020740559826,1.2501913287972148,2.9347240430212054,4.507879453222841,2.588164251570291,1.5857220183172036,3.8777433378939916,15.846700649095212,2.56367828172245,4.775455595334848,4.471878954868124,6.590429548787454,5.485731738778519,-0.1479904194839474,1.6081039579698762,10.12526627469854,16.539219140643016,-0.636957101274009,4.6441242504047215,18.306435013962233,9.971888323518918,26.78704213060257,19.26066852793689,5.7643713976779045,8.23481139934781,47.434470479353884,-14.115346352910482,0.38324245161990345,-3.7570363335743,-2.1098682638712054,73.06324145597655,0.24596886661630726,17.669824957063923,4.065584199809718,6.697228697594255,13.480227493385714,-0.06166555170287735,0.4081099298896199,1.5721496616876327,2.413167467090959,6.742466397901496,1.6071789197782744,2.4635033405204183,9.610195247740366,28.046158391005548,2.045439694985387,-0.9853551485462166,6.417918360087927,17.388271816392862,6.125983824953437,-6.99677068699242,-5.014846211560524,11.802099401006332,15.12686381044956
14,49,3,34.71991855087802,60.22301164487516,118.38364730811693,21.974198730435315,-10.487178887240589,7.914356064721488,57.03678106025951,5.39369560744068,-13.248559401915754,-0.8156301064939206,25.92113369828226,23.495526841682622,11.24092374378587,-18.614312433626317,17.38757814103509,50.37594602384222,13.820151398140124,0.11196687505239922,-13.161113091471906,-4.348200910395328,2.9684817951808564,-11.741451081547252,-16.004668123986033,-9.611790560254057,14.37138479230243,24.026667271763465,9.565870877128189,23.78247879041225,74.01168288544913,45.382996026335675,34.71032305261711,9.485037419536127,21.923989911529624,67.21297297027057,46.44430611918613,-6.078641859223927,13.294143832379536,6.801218604441828,136.76004814229367,9.637987550938641,34.221761105900114,16.74471355070609,21.335253145023266,57.60068511236001,8.563428818543512,-19.123614515552717,-12.859744474337226,9.54036760498292,9.578044568120337,-18.300608614482353,1.6088206368702926,-4.749200865842131,64.44440156802898,4.279564107359363,-16.032865134499428,-5.631120903621905,6.511376394663102,-3.0313265520352397,-0.10735431257862303,-2.758548145795742,-6.660661780479841,19.07339409893244
14,50,4,-32.47305404987731,-27.36614849486546,-100.95432293433245,-7.357550424410078,3.1404958641747145,3.176195767560473,-4.257760345447446,5.03267317734341,3.1555134361246364,1.194202028555662,0.8821282327720321,-1.1464209760902684,-8.38174995112165,1.253798313507038,-3.370406601680216,9.566969198708588,-1.7429960786319543,-7.986426278573986,-1.8331938459333492,15.69203942229336,0.7114667758436468,-2.6768129364155744,-1.9169521791315285,8.479739836803295,16.20941112762909,10.302020220631144,-3.0885066201047175,-25.702783751528617,5.948408851559021,-2.668916829475542,-48.15545163871495,-3.072460052193847,-4.8964977856589185,-39.76275384171708,22.299347826983873,1.055749160214896,1.991461997363352,3.3679556897387073,-48.817322537666385,-5.0414709457446145,-6.945382496012691,-1.7825110676221385,3.5218191551635156,3.2350058711883496,6.424901104827483,-5.122339140532945,-2.1353022250142426,6.706188375425596,0.15419871800738028,0.6664026062935587,-2.348704038596736,1.8706163517767322,-4.145689404183407,-5.927321761096945,0.6453849079950563,-0.356028141999026,12.095652739903542,0.4844231208695504,5.559975429574345,-2.4674919247172946,5.774880369852591,4.640713898419613
14,51,2,-3.7133132291321695,4.444757205377357,36.80142808268303,-14.652487072627991,-16.08684283467692,-6.239696150350314,-1.4993740563712465,-9.593420451302539,-13.741688007943143,-15.65903320581447,-6.551469430804435,-0.9034580521785267,-12.759662219027918,-16.62031883591924,-10.613885854450393,-5.951923246609,-2.1173250496432905,-15.386913880830773,-13.9723154166827,-9.615466933027367,2.2421361021811093,-10.918352656066418,-13.654287851211148,-12.4971152103347,-4.153088312755091,2.767010704500648,1.522726916503615,8.016160837885716,-5.326469351605675,6.010698715815457,9.176096615472396,-12.415472400851735,-7.090506029803665,21.09033631910457,-21.063364928963086,-14.827275620387287,-14.969104343480081,-6.012132205830026,31.5490639696761,1.423974142478007,-10.056872214735824,-14.686094377485174,-3.5974503014373003,-8.204429448196072,-8.715257619746124,-11.295271367016367,-16.734135309915704,-10.001541905389049,1.5812942993872596,-10.644764999109439,-16.182381717828893,-14.220712127436581,-0.12738907608635253,-3.8645639378214014,-15.325490753279952,-15.279131916828645,-6.041265621735922,4.1669382358356035,-11.359133466623915,-11.686756741709816,-6.394415155939036,1.556889253009746
14,52,1,71.76707274012455,70.57215381394391,139.28137854359505,25.825109308449225,-3.4560841406104963,3.2174448726880485,59.01953767131017,8.108740212986385,-2.7277268227757654,-3.5515999321644074,22.233844034055746,29.215782120698922,14.999231903791056,-9.71186151658753,6.505353113988462,54.14105203700047,15.607668312130171,2.1395681711458954,-9.469441731619394,-6.247256967284507,6.17040041087922,-2.6090199732925856,-6.685066738279489,-5.5311311606613085,8.773316267991392,30.20198096373551,6.213117792180215,10.205544814887668,36.14400808952701,34.78730673827911,68.27183212630638,9.787203610942862,13.731849617154408,103.4777343985511,52.92608643232324,2.7469063589303993,7.501772094949531,3.1269580100594827,178.51729404649174,17.446642583463248,26.50907266771468,9.902176320609613,25.67603190470394,65.25774264335632,11.514580878360965,-6.364865711958308,-6.6074355298471525,1.849725894993398,13.79549207824578,-5.36882824371228,-0.860336016204844,-4.009987990803469,61.79121931103942,14.599064277882524,-3.038124333022209,-3.6933822932698535,3.71696646538813,-2.556499011587446,4.218638377616228,6.497514874833389,-6.55263708559115,20.231052374171963
14,53,5,-24.195386560906368,-55.08692669505029,-84.30016535229794,-12.42519513356341,-1.3129899117005293,-6.394970058736098,-43.92802721988867,-0.7497795145140908,0.07405883236220395,1.4090606313902974,-15.233755434136373,-19.4499544412261,-8.230545510333487,4.9382440151033435,-6.717437116258848,-34.8843256111552,-5.440043154263463,-4.00577987018382,0.4938799085027378,2.9565509464023867,-0.6730385460527375,2.012664666830949,-0.18676559853072236,3.3207064579445404,-0.09484530483349828,-16.42794594541192,0.488561892439044,3.80622786636714,-17.105701301951054,-18.55776831544028,-37.455229191881855,-12.764460045299149,-15.483897721281322,-80.59192688872176,-34.381127465243736,-4.23410675074996,-3.245769015979022,-7.482211050850046,-137.32312033234575,-15.544280105497593,-13.487164036802406,-4.06546851904018,-24.00280578107368,-45.02796187051914,-2.487041315029761,1.013135833006989,4.120949111526785,-3.190230592131253,-9.721676622653698,1.0740615895767578,-4.406224893337887,-0.626691040049148,-38.95232595830429,-6.426172831095755,-0.34924198889241703,0.3852887619059625,0.2000143937766553,4.454445247186301,0.41375157089404263,1.0943393614143133,6.623227694594278,-1.0623042470798238
14,54,5,29.70304921185369,31.944133238299056,102.03065010759885,10.60996679357458,1.526680837271781,-1.005760062258781,19.476220777246912,-0.6580325209694665,4.639106780858484,2.7084087186447556,0.6557665993118811,7.407712885519351,5.454390127847831,3.845060814637691,-7.124113495495718,10.758003630970675,1.2948046582296664,11.977882326648736,6.373559400121251,-2.7554845908520447,0.9113192993057198,2.76558885446227,4.342848087297526,1.5649355767272057,7.994819634026147,3.928969505674592,7.098240248904357,10.980711927228583,23.590788250368817,29.806322330018364,40.25228677658228,13.60420610567145,11.365908257685966,47.006464240993026,-4.441832320458007,4.9968228660433045,0.36158903999390446,-1.299949207547598,89.31002862497068,5.048234077715656,18.040026688130528,3.2402891369036797,10.084629832267218,19.208818183689395,-0.10390904093751696,2.217846774757362,6.6537021027946075,-3.626502739333705,2.8195084951159255,8.866045880744732,8.208175240947705,5.792209881153411,21.835734262880763,-0.7573287918845699,9.695040488524771,7.375434901020156,6.168377268173527,-1.4970966893725288,-6.149590926108568,-10.508300620699067,-1.4559630949799782,8.157480770926469
14,55,4,9.469696027749194,30.02157401202657,40.462543955663335,-1.497466463152683,4.535070683602697,4.404375112615526,4.131446350275014,-4.5940425716931115,11.189674505907133,7.624282522990206,7.729393797858455,-1.5943465666254844,0.9757712249780395,19.05318576713069,1.1053915508659327,10.3028410660421,-5.394354608012131,17.876787451924994,17.67847249074271,17.348167246355246,9.026764930271334,11.808804743400797,19.137591577089598,21.375114837411513,19.397607033663412,8.45562384404787,18.744684327234765,25.7897445461372,9.79352738690085,22.39725653209337,22.186710387104885,5.8933328204992685,5.783874621115077,41.19699364609832,-23.318217984287113,2.767426892240508,-2.0101443618513293,4.307078914489691,54.303678435523345,7.2093863120166235,2.1491752783881446,9.561246602114558,11.562350340369276,2.3759646822766585,-2.553770625123347,13.227125593563306,15.001705940926401,5.9874267286462,2.60701997305562,12.694886825751608,16.556202155844563,16.226648198860907,13.207818815802664,0.5448863927002359,9.52977796921098,17.03923792829283,20.320672078353414,17.109111719503534,4.460179429228714,8.327321377117187,24.855789021929585,12.856357303879614
14,56,1,71.5715902647594,72.76738727950242,132.41412518918514,3.3703141589989745,-19.816688113505162,-9.6838957746286,60.69242874270574,0.7637218966648512,-19.566788627686577,-16.81603245932336,14.106525446424582,33.45240918188016,10.254886548739021,-15.447365444267122,15.914181461058018,58.05924670180167,18.671145588420796,-16.150739678204435,-14.272180985068761,-8.382015836175261,13.757549370025707,-2.4815845860213726,-6.06960128020586,-8.86887830857006,5.984397793188691,43.380643454993645,10.086294531458758,21.5381692630216,41.75519829121893,46.838114850961325,86.02316084867566,-4.088243422030307,-0.8407171922054434,121.2075138440946,48.46740989991259,-14.409420019379123,-10.166411253498724,-9.157495129262887,205.68506849102866,10.878652759611887,1.031066814119497,-4.741836640870246,30.913031730108056,75.98149107905421,7.374660303520902,-15.323895452657668,-15.001948769692705,2.2416852347143896,22.93772697127311,-10.314251604194682,-6.447884110881517,-9.167506725186623,68.28993660029845,23.788293977336178,-6.04758928108552,-7.911916693638465,0.29801582693826656,1.4695585657183718,17.463717918195645,12.509161574005079,-6.03127702023471,19.561008170610528
14,57,4,17.448943152887416,17.86845214158388,10.541607484425882,19.47323802177138,22.224179073736632,16.338730845430003,7.837534104632902,15.809428593223336,23.58580555691858,25.07089034729163,14.854351223298792,12.445553708480814,19.58928604596634,25.288153573234602,17.66108504644164,11.54080100346175,7.575900216541465,25.80661190213729,24.988149295220293,13.733387210281423,5.137079327957845,16.25810539040987,27.36673834411112,18.32875908656819,4.619164393669585,-6.69988776573048,-2.2883448040612575,10.553526793129551,8.541902537162345,4.811629511075229,17.20329799077178,17.891920792120608,21.084463282692706,19.80289599887753,4.7661722139796145,22.576912507687418,22.36686348994602,16.584641911271145,14.344991221251636,15.444660217115077,23.212169956097892,19.835069838388822,12.827767318239578,9.006845601516343,12.953815393649574,28.91302615626739,25.057445186122187,13.955390354754735,10.805888673619977,19.478694720875186,29.57806452799863,18.96236369200051,14.770500384316565,5.298596025194703,27.575515652382048,26.75309950649375,9.559974786030448,1.3976848903225676,8.169954936883249,18.235994932241738,19.00294235693973,9.289161676325179
14,58,1,-17.555742319741448,-4.361981431328942,-11.598131197481981,-2.854607256038522,3.431066383528181,2.8351041373410615,1.4450264436806113,-8.582839504883786,3.493945869912464,0.47920916402121944,-1.2078554448103762,-8.069733946357015,-5.210779685095498,3.577172524341177,-4.43288420104399,-5.026649903778622,-7.473124297596968,-1.5198020382170996,-3.2452257609721737,-3.7486895303491803,-7.5293100214586,-9.114430868271285,-6.877161970316637,-5.557339739656395,-5.3715449666559,-7.929512293396017,-3.8704715668246505,-2.253696947290403,-0.31996990200813813,0.5493141298591151,-12.55248009662211,1.1401781458748348,3.2731797451653115,7.31625500003375,-9.452008009683798,1.7610309720720827,4.680841469864655,2.8917754402429567,-16.15442758715688,-10.323303696676723,-6.77497549435669,3.1134664104887975,-5.042719595565844,-6.692269099013111,-5.859517286963215,0.7027730033846515,-1.3716150605823934,-3.4107655269525408,-7.70113908299586,-4.9676201484824825,-2.4343124872141693,-4.077410869800103,1.165681327295645,-8.74247207293832,-8.957365085257264,-8.15287964704742,-5.038025863468647,-8.519486001556418,-7.107107418373499,-6.261326514457057,-4.4312771704252345,-7.240727890385086
14,59,3,28.28402305103657,31.000420353443502,47.125575774871756,4.217412907209975,2.8425146583127003,4.988568499389035,3.3365447950413145,-5.977091298234171,-1.8180028821636984,-5.452332324507397,-2.7458890051376543,-6.295916641085617,-17.392410663569855,-9.417683796093963,-21.795675783804285,-1.3321462607056633,-18.542796989403122,-20.384754052976287,-11.953142033662742,-8.096439488686434,-12.435854188370985,-17.59147699904151,-15.961234069815488,-10.452739178770917,-5.37643528211771,5.1408942167351865,-7.2192247020103375,-6.9399836526774825,6.622152642369632,16.174219731991062,44.091058599467324,13.603628071354379,14.736129825298745,45.250924530257386,-2.0428731543943286,1.7106603103371834,-6.2820204590651665,4.89185031853253,57.60200291581266,3.9209809599376095,-6.477977028071157,-4.270384763594624,2.2048407843132045,4.350062212248036,-15.674767571615009,-8.634944284834514,-9.9477723656086,-11.603911575475124,-7.073210967840944,-19.348843193453988,-18.058847874403,-10.077542993535358,-0.5496726008813558,-22.24694237512787,-16.95380323289372,-14.896791074697557,-8.117353120091849,-9.629814054362663,-22.372562797694666,-19.526267726610357,-5.836164385171201,-4.2886740370517265
14,60,5,-45.165836714844154,-72.49218119935293,-119.59290155259576,-4.447601299460343,5.626519833680059,-2.1023768960702687,-44.41157181597335,7.0944251535096905,8.954047144049916,6.099705838984472,-6.365015865916887,-16.93297052492455,0.35612066857880104,12.781778182334659,11.002423296375882,-46.66002005047912,-0.02581540333879545,8.789570860950867,11.56646600429241,4.520272677150985,-3.0914083487445083,7.88080623196211,14.05373852654565,6.950388414773907,-1.7010763620889588,-10.796628437663726,-5.397603173490349,1.5191546702166894,-8.465034359282383,-26.05538991784178,-56.844223421884706,-0.3177039275263872,-5.214317324514524,-110.62849591563383,-25.380524982766392,4.69049485759219,-2.7119347271395915,-2.6923969085441835,-185.05561762321295,-23.326356788960886,5.460945126668711,-1.1252993743798538,-24.74042319451891,-55.2570445639331,3.25639332901323,17.136245155479852,9.688196483806411,7.297433898454847,-9.829805399132207,9.260143976158849,15.741924678588777,6.448300303448353,-29.853698836594077,6.710593094458665,15.685195391634245,11.64416648161302,0.18206041631084546,-0.6321940567435291,10.019646207915573,14.064617381226732,5.426447604351293,-0.49653889406926677
14,61,3,-115.63978115232977,-188.8930018878564,-285.05842388548507,-37.900091111660004,-11.139061118305731,-24.316174433725642,-103.75059356049802,6.785981497659186,-6.313627902554661,-9.550333165268343,-11.433123097732297,-32.919904551854955,3.37632568059035,-4.876913685169883,24.127501317833698,-68.25378544156142,24.307654001704616,2.5179782097296006,-2.6314826684027244,12.924184776229293,20.67572928086015,22.917888423268934,7.886055185255117,9.935136399459,13.853666367599883,-32.512892686920935,6.193626139085835,4.387438430269138,-33.6121108881766,-39.858431403956736,-161.6066123508826,-38.99665012228777,-46.81457720878645,-291.26627020719576,-43.11425844997894,-8.163931813363627,-21.248511987851888,-22.3224696578776,-359.19607372981756,-36.533713518846305,-19.088515873362372,-19.139915287131206,-30.548321184406937,-98.93017777582497,5.925761170117411,1.471616309408733,-7.112529480511824,22.734174753448418,-7.9413736259064995,8.477150142828865,-0.3124784952165853,0.5426435978265446,-60.70397805586094,39.13897603159635,10.940514861810499,8.629533852620913,16.75951146308286,25.183493190422276,40.404277197641846,31.615122647706134,13.044013161711936,15.303421239448127
14,62,2,-116.6267433820702,-160.17473036486928,-289.99160509574716,-6.9850710066171695,12.65634290092601,8.240036941769462,-73.41515405294375,33.44986586084179,14.330216536207548,16.10373323567484,11.60370358683895,-10.941278041317693,33.40352973669041,13.505800047662204,44.074237367592566,-34.21617731034029,41.67939391284724,22.22236417010198,11.543251765869185,28.143015304239608,21.792311727580422,22.15518391582114,22.668728910999885,21.00550285336086,16.66445798849368,-17.97329767548093,9.775330575830422,7.147917277895179,-34.31550822820421,-43.638022859285485,-158.4782783781611,-11.829544897713676,-15.899926898955579,-248.11608062720893,-0.8769720636489886,16.341840603774997,12.617660244858657,8.566827807575464,-312.0233763950626,-7.113280939983158,-7.275421952681116,4.567244543171511,-6.552752624197702,-75.25758516933864,33.82982500301809,18.048500923985024,11.226461115951953,39.16940434913083,6.106087357986984,20.561519530261076,14.798408252573221,14.971786503827685,-42.052289475028125,43.891807032249304,18.46618310516564,24.221294414751785,23.52767762708729,22.516171655004335,39.808904564553295,43.67587323000702,19.221789464172804,6.655910191285175
14,63,6,22.069078739777936,-10.5956891712778,22.34126753051108,-16.6885739516058,-8.743327407927323,-13.294062932362637,-40.72285999175981,-17.10400186315542,-7.347134040623182,-10.194180558730919,-21.968811290474935,-24.484893623285185,-23.96120978201307,-2.275130767647813,-34.37811034281807,-45.780504516712035,-25.23745918328441,-8.907087019485667,-1.8367083285276493,-3.1309118013510995,-16.467461022298505,-5.478783606108639,-4.091515229583334,-5.306954473438786,-13.035469570174445,-24.35563156808294,-13.935991141490826,-15.09485174715519,-24.655751467932294,-17.682588095754014,18.568496739650822,-4.476052530382467,-11.982229174092042,-25.564596944829308,-38.569406969336484,-9.544564252242257,-21.674055752049146,-13.953286286738772,-51.343069644962895,-13.450227138836214,-21.875769579192482,-15.569563821139864,-24.33137700761236,-50.23296126214471,-28.853672866414257,0.2011127702710103,-6.70014211408249,-13.55493379320677,-19.83222583899409,-2.2833042473691294,-9.833886298828013,-3.630236900706845,-47.42284013948787,-21.62885276518944,-6.857381312676323,-6.361004234450625,-7.600328415552748,-9.1458995451969,-25.254546308662835,-18.360713277284688,-5.393510689640918,-17.92115802962969
14,64,2,-5.737897073395739,-0.3662941973860831,20.400499782297853,-4.461797872512811,-5.014326078226649,-2.719877013527764,4.769605785449285,-6.213765198001404,-4.438606865499622,-6.2733383104773,-4.101758106361805,-1.728764633602666,-9.209715557477734,-3.7794066540238163,-17.915412466973066,-9.57523520621357,-13.419348093079082,-8.809397641626164,-9.644438525003082,-15.119950305397923,-13.68882002563375,-16.147572022067706,-15.123430129640342,-20.508686420007994,-25.186221706749095,-13.080244859180802,-17.058972544422954,-14.931797496247572,-22.945310646077477,-17.82341093087296,5.846812033560127,-3.2732607679577876,-4.220800244362978,14.194283860576588,-13.855111501520357,-1.1157385171731802,-5.295948593650107,-2.2004939230476914,21.172788445996805,2.8368151881277734,-1.0267198650484406,-6.66074265675937,-0.5043309223497423,2.391964851231201,-6.967209498091357,-2.4243583189459823,-6.427872328133114,-12.357124695077353,-4.689176867011842,-8.68621668839691,-8.661881190974544,-13.315230834911137,-14.48542112248337,-23.944458072959648,-13.01996657629383,-19.367745301436354,-26.166004324241037,-17.04065989810837,-28.004620273302255,-25.711188442210066,-23.733333585420386,-33.07636899478371
14,65,2,61.7831033301063,93.26207403148096,117.83143109482955,30.907008526074463,19.901752778624243,17.560701966058556,65.33213660684304,5.426782837728179,10.700973904884721,10.571619444685735,17.92530846770671,24.963212444594646,2.542649147237039,9.3862960678071,-0.3399240256559741,44.138631400515955,-4.692228875554551,5.206976108162139,3.4428930487938056,-7.189848463618892,-7.171732458944736,-7.653993732727526,-2.5914013173612886,-4.822612219739979,2.47983880597735,25.4346758540629,-1.6875848620221356,-8.909584229721178,14.088178390682465,29.24460327396988,81.29602996786922,25.511798470258338,31.521687849765502,124.32798609137535,41.467876332016964,18.503848443534693,20.541045187768063,18.180953675812887,171.81787922324204,27.114260604695925,20.368788446072582,15.165107125007523,25.63095616905881,66.33891433059442,1.2229769977786369,2.8602489724573563,7.968472296349339,-5.179646343038208,11.955246031227546,-2.970412466538752,3.7981236624281576,-2.0123295166029953,40.825462425298,-6.826964678469951,-4.946856762668709,-0.08335373096349646,-5.225404085864014,-6.095751972551018,-9.482216566028745,-8.800472710826785,-6.253326466352467,0.8627521445202421
14,66,2,41.77795014803002,19.214297944089257,20.001326264404675,15.036608160632403,-2.2053494084308434,5.715885270148422,23.0656480530913,8.075410267860606,1.7035041503471906,3.393505237281053,11.707751263818917,14.126225180492343,16.66864304404659,3.7075443245902093,17.844879605671064,23.696373493955804,13.992731946179783,14.957843969099036,6.465213836829471,7.517413816289835,7.648502595904399,14.744765476664387,8.805235710040455,6.156330809542318,6.2287712521487615,9.674103713651165,9.109459820998513,22.149299446402537,-1.238064035636988,11.727462513054283,34.356017409664815,-0.10394368730712455,2.6064072764455934,3.2041615029660653,28.22234580923645,1.8748708786783628,5.670404736270627,6.351073526970401,44.306205804755045,10.612128725638849,11.134829768638427,5.8847546290674355,13.00278714337817,29.337298210176503,13.908302995807885,8.380686392439763,5.261265946506732,14.044709572318661,8.320986090341536,7.380810859351897,14.8596575683119,9.789226661322685,21.853075576219236,15.78689608173217,13.048059589524824,11.443724638441719,7.549229308122356,8.549382436021071,15.417006445049145,14.616844853658858,3.8616851405126984,20.86878397113575
14,67,3,-1.5636639606162115,46.97752717823338,24.49640810767915,11.621507283016225,0.6022051373587516,10.282540181049756,46.4332652080168,10.982989392311477,2.4188785131838983,5.542969371987192,28.994380160814103,26.13278989048628,22.245150467744335,-2.4132021386062785,34.25092925399359,49.108101353776185,30.16540267141307,10.241464296219544,2.0204796464886634,8.687222525909005,13.56903798848663,4.612771142092415,6.076838328253211,6.443687413296686,17.658587879387706,14.485108920656957,10.15482725993525,22.386759457416925,16.37355201915135,15.497273699959694,13.991622093542501,5.226467831105719,16.48803920418071,67.51742811864466,36.08737180645509,3.386984853755408,11.242623219289255,10.819079613949102,138.06267977196998,20.907940610743516,8.226429796255218,11.986448870222201,33.7148754493129,53.553494417812765,12.98665970890988,3.446592644981403,-0.2160955832635108,18.43735038108624,19.71479066204643,1.7564414544939657,12.27837219445899,7.38374719437121,48.404264803703214,23.88488516790745,5.064627310033982,11.010619913125646,12.131734254315685,4.29222329130124,27.246065939004307,20.932865894104307,8.674309008709368,28.24656582702086
14,68,6,-29.77637960925335,-54.488386373694325,-66.16250715750017,-15.158598310348179,-2.500856545413054,-9.955471918804617,-45.24381450036678,-7.229768126589676,3.911454720093256,3.16162910421447,-12.524387280752022,-19.880793002218294,-6.080630355855309,5.2243522076481375,2.860572759970659,-37.3438057703216,-1.4140664338384101,-2.379652509851977,7.916610263833183,10.471421570494408,0.4297171451333096,9.121159501157972,7.890956714703908,15.661171868988658,6.537261226918641,-15.632581920374374,5.461222566368921,-3.062286578641249,-9.068245280772542,-28.37477576514571,-38.22489355904302,-7.774284634784584,-18.074466652577602,-74.4835047213043,-29.850739029077115,-3.9804500850803466,-12.184578986656733,-10.009310827601889,-135.5291875542663,-18.792049250406464,-12.424281742423773,0.07812832800171551,-20.432766239090668,-53.71001673617018,-7.3230758386596,-0.42051478275438686,7.361215133265386,0.6264483530710377,-10.124144800416218,-1.9201315717044745,1.8542692971574848,5.63319049711998,-30.748867520471894,3.256370324368885,8.190394670282284,11.77370604618294,11.726560831251671,7.7847588132362695,4.824774233965065,9.485835201674842,14.10016703778287,5.507558479178242
14,69,2,-9.863065661453618,-16.41198058535412,-6.001635167656873,-1.3488862552657372,11.31945666807091,-10.67414115969001,-18.5293984209619,-26.27585559083922,13.106488005417141,5.5305416273271195,-26.89616496268115,-27.39557107912787,-5.155414777626168,14.10897634887113,-15.768641761742627,-33.59663092799303,-21.956996066904644,9.26486081266548,12.783096141568036,-12.724655966456167,-23.79462932034327,1.9954851413054797,3.2653876359506318,-3.7314984158771787,-27.42927095993627,-30.24573899696512,-10.145254959942914,-6.044757001703921,-5.529940453971306,-23.00336985907904,0.9992860323045318,12.677984687976725,-3.1597446915580027,-7.106032819282717,-22.78981730718984,6.981637205837702,-4.884474426553381,-11.459377809416315,-54.81011382544915,-24.39008298811572,-3.8848185401137276,-8.62317539179107,-27.053774154586026,-32.97756977488356,-21.103908829754456,13.99978404873754,13.549188080175616,-16.025847802472466,-21.90296064899871,1.6496189787370565,7.677705296655977,-0.9283369301659301,-28.63439781782105,-22.25130106404242,8.94238224498383,-0.08827863675655578,-15.654940608957016,-15.91512935851677,-11.392394180738979,-5.478459829464555,-1.7175275799704763,-13.004671641057591
14,70,5,10.157474848055623,8.98420947259746,11.031741528669608,4.926174496368664,2.1221574989669945,0.7556755094016654,-14.580775058612506,-3.3938057353583737,-1.7032497031387046,-4.353010245394415,-6.870919086425231,-7.458106685815974,-10.225949787307623,-6.364611286397383,-14.141462442805848,-14.594058409401383,-9.296456640359109,-11.32986146865822,-10.861346030085372,-10.533676699212776,-7.304439728988741,-13.326664624156477,-17.037850652264854,-12.490259553828253,-9.735514914810025,-4.425173091974743,-8.077121369938203,-3.3420362418017775,-6.427490784650355,0.004439354351745417,10.588752584918058,7.943847724668133,3.564640621041379,-3.916553217520161,-9.259392550078832,2.5193655584121073,-2.045798065527002,1.3929332059739927,-2.7297962499986856,-0.5150709560867847,-20.585496812150257,-9.050730614332341,-5.2746997183620365,-14.519641181045188,-6.0858211714047465,-5.96821249470614,-8.228672522801638,-12.550191039321708,-7.531668391567083,-8.180174768561637,-11.702456462560457,-12.278811462496106,-19.721796563871937,-11.302600997318395,-18.64457884202598,-18.396147487003635,-11.398706349907682,-3.4595061342640765,-20.68404159175869,-15.384555339109058,-6.5760825013219355,-8.453265423398102
14,71,5,7.495852848867002,23.311882549260794,55.33919596017859,12.27720451019933,4.004300054730621,0.7248543468644729,4.355981338189962,0.5734070342647402,-1.0319453906949352,0.7827972924427655,-6.139798757393006,-6.8586298956467635,-0.4542261553337691,3.5969994429317182,-14.108109390499395,-3.792886610881129,-11.387688837854604,0.5140535743997958,0.864867921100882,-4.705570196414867,-9.597293344791979,0.9245218417448205,1.5168308480983481,-0.06837097484981924,-1.6280232702222914,-7.898841270132037,1.2840530484028878,7.080112783783451,10.833692488237853,6.511075807371878,20.16786067560315,9.141529527106666,11.928078183154694,34.30949653301205,-18.31367239995473,6.841554548614085,1.7503025006593727,1.091876897574745,51.072337346469496,2.928816484332813,8.275956522934594,1.1826296409864625,-1.118767470416681,0.7399990263894747,-12.323563439953256,-0.8163931784901505,0.44939374254744013,-10.036663785020302,-6.36774429071286,0.01009259757972103,0.8064740165136755,-1.817956656376581,1.0611597092413318,-11.509806168083916,3.9450621430466835,2.1597881283520195,-3.1675251039063044,-1.2367343820586072,-10.109959601140698,-12.349748910495595,3.314556091160671,-1.8678879708778577
14,72,2,-5.265635913351504,-8.34325226850626,-4.906971930435335,-11.053406579828845,-11.622721138364842,-16.468744218940056,-23.534128530132687,-10.151185680760022,-4.348882964834934,-10.089219358999555,-16.994266180185274,-13.049712678462985,-2.7037727606550948,-2.3663575863919974,-15.853429032171642,-18.151415695424934,-6.640938915323648,-0.1397015312800131,-5.555096709964477,-7.448095014250674,-0.5070708008687477,-0.04026651391532454,-3.680630709680658,-4.980429560048277,-3.0630380439163183,-10.73398014020584,1.7887539912764803,1.6024160302107835,-2.3265072912114064,-1.1986645962134346,-0.3279236581449112,-7.112772278782982,-9.626091473917596,-6.449213557785783,-21.661812716186418,-9.752856381101216,-18.357106570063575,-15.92670184614637,3.620548972269384,-10.85395876840665,-2.2669457311901025,-15.940748152754665,-14.579063920508606,-19.033590173507786,-3.0979171933197396,1.4243903332730645,-7.524234936867912,-14.12022513982544,-3.968577024095307,2.0443993342086326,-4.078428355204622,-8.609186741841459,-15.008168426796606,-3.4261993298806797,-1.0754488837655343,-7.038077578380156,-4.487278049243845,4.254846995378415,-3.418118246353983,-4.791074335347954,0.8364513111527926,-1.8285463684034058
14,73,5,-42.02834676678588,-69.58181569925166,-108.16666869419383,-17.69459989046813,-6.600845944159094,-5.849621213927142,-52.423616762568315,-12.729812147754544,-6.109890810850006,-3.567010609115043,-12.866473134311777,-31.18191422703788,-12.304615296639225,-1.5939187916427293,-7.975096757387431,-45.22223059433261,-12.899039898999035,-6.542625392900733,-3.4794947608124174,1.265428552108749,-12.313621182903278,-5.243219512003682,-3.1490970792407875,-3.6738213991928035,-9.421267686843331,-14.159277642372901,-8.562989578684558,-23.97036601506491,-25.572180780105104,-30.1489745656528,-60.07750679661585,-14.016431631883842,-21.714992635247352,-105.92680998255571,-35.799240374347065,-4.12123817597266,-3.6970817413771653,-5.625745161743149,-134.30296175945102,-24.187004851131896,-15.068030520319567,-10.800605443805996,-26.160316410769756,-57.12841225542678,-8.679892918901379,-0.6036734147928653,-2.9762275502789874,1.274191619067385,-17.6821489075494,-2.217418969404406,-5.4720435754350625,-2.378843211319023,-49.25828825373474,-8.181249961699928,-4.287945754803356,-3.8014300125083187,-4.444942114499922,-3.4411474946068545,-3.6082828028195713,-4.8490866571096936,-2.6633906622485433,-18.838789785417124
14,74,5,25.467843849484527,48.01874463805341,52.371743047746186,17.376421918888113,-0.244928353488807,5.7470764256105165,63.9419667953398,18.631191371678838,2.253257702922496,5.194594575591934,24.062297950430622,49.44070720963366,11.088274242538146,-1.283729335145523,19.328727145542995,82.44882113759108,32.122089452973434,3.722515779206664,0.8600816103152757,12.222070785193914,33.628330584354224,22.911703608521243,16.629960476897846,16.57490777978446,39.19294201528153,40.41839315324295,32.04112878385023,28.987836651186043,22.386181353159795,41.79014677645228,33.16497152280519,5.710047133584936,14.703065909808737,93.6958604505876,66.5029741489306,6.211603285915148,14.31294473229975,4.687593150883913,216.54244864277732,34.5081814360328,7.354995457637242,8.31735594238995,40.59028024862452,79.69092008689555,22.731342463436107,5.6139877896483386,-3.480269328259477,15.657275880868665,33.40126386739132,9.527188293181549,7.000169336795807,9.328179854081897,77.64056723946481,44.32155887998367,15.323040040346193,18.291279100517677,28.10245975820212,31.032721359328182,34.042244019940874,34.09419873275044,20.567878030740268,46.018750823761614
14,75,1,-37.07303907191837,-74.3657341339603,-112.44632513554224,-23.240760095974007,-11.800365332059751,-22.722440642009435,-73.23310505616955,-15.672062398661396,-8.652944580572319,-15.622211893350357,-31.97672328898091,-40.10149845480918,-19.149083165803972,-7.316890832570548,-16.575150292764256,-76.36541582607647,-18.444171276761264,-13.062048128317668,-10.335581364905146,-13.546656147576869,-21.000624119383616,-12.635383073195097,-13.47416973981734,-10.545121934991794,-23.175394973853933,-29.561370799499652,-17.551303043257352,-18.36197376590814,-35.120791090175324,-50.981122223092434,-60.02834986890777,-19.224147846081802,-30.563512422530582,-125.51513629865534,-55.031874064992074,-13.417544522345437,-22.638300632467352,-23.63580615673122,-228.39598316681082,-34.299577351023494,-33.55964762472161,-22.392227805230956,-46.96381641161154,-82.88622594751965,-18.3729911203519,-8.566423100442057,-7.601715617881323,-15.850446348691843,-25.904197147842968,-11.220287559792494,-16.823385148786198,-15.119106378451708,-74.18313052596115,-17.728288317053785,-6.906595929900591,-12.624481119669785,-15.172818186579319,-13.116395641277283,-11.330971384966164,-11.95432126870742,-11.070586096904265,-20.90762846944173
14,76,4,14.826975205504313,26.88559837530298,94.19340508158618,4.401080293558179,11.608339387832626,11.183316032652085,12.742274695598496,-3.8075573302623695,9.24005125197241,5.227161475230104,3.025499915397475,6.645251093296021,1.0119567384897954,6.876133060605242,-22.840488517248062,6.518104788233956,2.188655581643303,6.5873312789651415,6.63600247129571,5.500552665056067,6.816617742998573,10.562012266662974,9.40481660617288,7.699971434240016,7.451008272879734,12.360893598644111,11.346682535893308,2.3944967280982508,29.27904304680303,8.929399357836063,28.837834390561742,10.608024585946675,8.794726934533838,46.483219818007676,-7.827626423092512,4.036485433078754,-0.3676584368776078,11.252588693007109,17.05059063470946,-0.060937297280605124,9.138870595749925,9.956651080445173,4.4614048314553365,7.628791181234328,0.8648447384262776,-0.2117717820219699,10.075751094056708,2.8620062696111437,10.648025068056935,11.033082750160247,5.250040420262909,8.78124694780606,10.181035773783204,-3.4183956514248925,7.510292389679964,7.057025786443827,4.132787476770768,3.537414718714614,3.1477328438266445,4.855526142390209,15.919638052730372,2.085983510344946
14,77,6,-7.135662553718359,-4.98937771487527,-0.0427868133637945,5.704324221931302,13.611628181925713,2.4901280243108763,-15.673241549444086,-4.3425476399318494,18.60604642837013,17.285611374894298,-6.976712430554736,-12.682528289625559,16.93242727165541,24.367354312230184,9.665675780077166,-20.103882893022693,3.0062163863898954,18.29600735172266,26.218929934065503,13.483707268245329,3.0694427871849506,24.017985168026712,25.550897223193484,25.090150625240533,0.17866145178857207,-23.688003598507965,14.606474887125382,12.614874002046696,17.5443781067322,-7.3107865718988325,2.6909749557877447,11.613784572586606,6.505757783267004,7.823799870363102,-20.34722766448267,11.165153841874211,8.86771070263234,1.7705686633565945,-15.038688767247088,-11.01073552420499,12.542248597232298,14.675111579822328,-15.51629133967729,-22.88373781045581,1.8403153845517888,22.05543675646186,25.50429531495743,3.7686088138555287,-5.031019896212057,22.105530080817093,19.511781937828875,21.68303833865537,-8.353691561919888,0.23655822521030245,25.7301366160192,27.95120901196469,9.242490527481305,11.19229881956083,12.262660948605065,16.601982912821022,24.130426041781902,8.062149965908473
14,78,2,48.00695267028922,75.67671243519318,98.33080492768342,25.092416647821665,12.947954044382017,16.951074756023175,53.34604623259566,15.312369206057095,12.020934917941323,14.412969103037591,26.079482935334937,34.31600524512371,13.33266474560993,9.049586072109827,11.390914356335998,56.89177311411715,19.701333755865786,14.721343419446445,8.77965158728383,9.865898327436298,21.050717332843316,9.15843161145543,9.200570819990302,8.048970567198788,22.584947287468477,32.51978307985133,17.01914514586467,12.538826754271264,39.37399666705281,43.30798353029916,54.32538981408607,17.851492365140746,29.694274473844523,97.09602474693841,26.292144778002886,17.257125555378643,17.99061565491848,16.941768248202045,160.42577470948063,20.13602215637703,33.90569886115449,20.19467048266358,30.433799468423793,56.74282309994465,15.502210132368816,7.472592430393689,10.886225094155572,15.881094168996581,25.39184296771702,9.689861101813882,12.86936323158443,11.173882349326112,63.37616661300017,18.70180518534489,4.98985177946345,8.780842359404916,13.971147836026987,12.53095377983935,9.548298369207206,7.052597956868201,8.981423202856654,25.478653479140345
14,79,4,-2.9605857106607143,-68.36405286992472,-78.34308575130085,-2.2320550132270256,9.601952322599734,8.937688628722704,-33.77418240541364,18.25279290538008,9.464551502611581,7.143304381519556,1.798649961242405,-7.156518530895616,1.758880673430681,9.392943647258523,17.050116684287786,-27.67439573785156,6.66634970243521,-13.446388753608057,0.18647652900800438,11.75298894820281,2.0584456267221474,5.598461537599205,2.7434383528534214,3.467980209556292,4.473162149260865,1.8227081795382096,-4.594528175379357,-17.287784755161802,-34.49748772515621,-27.709078367754078,-34.56533830193803,0.3268022965299109,-7.48374865819677,-104.03085226111303,-8.602180917997185,6.516729136111167,3.9742881280892526,9.080846616271426,-157.6807993272456,7.641172909575352,-10.817553677459859,3.0840325107479982,-10.5252719121281,-36.9501471068801,12.354928163039242,7.997420726752864,6.45301720118377,7.5491484347276625,-2.041543580955122,7.872297681141191,-1.904350878307369,2.6750209999338908,-48.11022561570492,6.307038230866926,3.0277311000972986,-0.8632492472576686,5.333544496980656,9.80123840599526,3.1452818715536033,5.126292872912728,0.306883004607587,-12.418501305121298
14,80,4,-11.27655432959337,-20.569820239606155,-18.701955358861248,-9.480933346308584,-2.7441894747316837,-8.426802672627497,-31.599596373555155,-11.544581369417378,0.1404182555767277,0.4833132636438039,-10.100456644667359,-19.454231913678537,-1.9128365278153154,4.733397135533751,-13.315589332033134,-27.086260404346934,-6.689228629693389,-3.141397460352448,2.4434337800300554,-0.013029077022179703,0.47258482230600163,6.757298982066174,6.173209690534298,3.2720467868011203,0.4547463821519812,-12.11125995111992,3.1747852718889193,7.004620442530374,-0.33201628868899746,-5.753723918721533,-12.990671326201868,-7.99450730149657,-9.67942164933718,-31.605631285324318,-27.27517626559498,-2.363212924359773,-9.297427799711683,-8.94317991613615,-73.81696340078264,-15.0678455919686,-10.740801115826958,-4.718749580359678,-16.945155692968235,-32.185003629908344,-11.181790009958716,2.5866611703957734,1.3967945670209263,-2.842179364149983,-10.529757537061302,-1.3881585953030267,2.8896713747029645,-0.5507476863496716,-17.91004804667177,-2.247928109644663,5.288387811492862,2.3199060204234447,2.649806712390628,5.80558599414667,5.828014025146643,8.371495500763464,11.37634768727713,-2.513550366672528
14,81,3,-13.384596062324405,14.381396402161938,22.104235186752664,-11.525540541653056,-6.114734887656545,-6.305916764671215,-4.556192309550216,-14.966225622358126,-5.322214798343077,-2.8598097127680546,-7.476939295941009,-5.595964448253917,-8.10817375531557,-1.7982107345469127,-19.67318312757899,-4.068509093167761,-9.636877765243012,-0.632483027988997,-1.4784142328426242,-5.611687183743575,-2.5374351655837284,-5.631248099320545,-1.971149578815466,-2.6508471687415205,-3.000886858327362,-1.7663258875197763,0.1334585920203386,2.702570440520235,7.3948109670678495,6.820606228055026,-6.16356790815366,-8.191527538012902,0.0324859779509834,14.42511966403164,-26.956061914926632,-9.359891092631871,-8.380859733615978,-7.111084393486835,23.458277877283887,-4.519868158167459,0.43561317604716354,-9.473557416758522,-5.392724522684771,-9.959252216376179,-13.049758883579285,-0.5637421997195854,-3.8396271469253236,-8.908555166773132,-6.721668336563171,-3.920345091136035,-3.228184921155889,-3.075963150687155,-4.919781342750732,-9.774891332552839,-3.75401902369155,-2.6664426945286177,-3.3531230984073948,-0.7099292272383837,-6.114942916634875,-9.184223801715348,0.4714980664799311,-4.946001431064274
14,82,2,14.766685161330713,24.548397322344353,19.48481048425525,14.917762500665546,18.456911447344392,15.66487141244295,3.4601998332797024,5.967738604207139,16.400801181656917,14.793610458137328,9.150558606153588,2.724096730976115,6.117636628744263,14.855276038370489,4.254974068074328,0.9239554252566363,2.556637682429538,10.122988728636015,11.006076457376428,6.659898683610489,6.420877965303453,7.213143577254041,9.731029388097276,7.643369447303621,7.86203148997412,2.0669081954330926,7.0161928272033816,12.141225656437712,10.644129015505314,14.923855123359989,20.164704652071546,16.36045372332786,16.946334846363197,24.459991510912037,7.703902042766171,17.613292441362653,15.826237870243984,14.878779312913748,19.724131842757163,5.96859405444163,12.900485120452476,14.430160242882438,4.154059402462909,-2.6793215721845627,2.945660602664802,15.482568295490811,12.843096993500133,3.8884602373057033,4.623834960480651,8.949943019099898,11.58042003332479,8.147630996138949,3.578756408357038,2.8253698655199724,8.053190345035459,6.290344294796627,8.784599647107651,7.3978514337866805,2.9532908031875964,8.328234772141116,10.868409796095476,11.040042361130984
14,83,3,-226.20225222517814,-258.4370947174911,-375.7916417354493,-51.7390752158514,-12.178729092565977,-29.368061668080514,-134.6192778436149,-29.3779692927875,-10.371604947827572,-9.97922940572678,-37.55007487390096,-66.94137368551111,-15.456937804272986,-2.1149783178073593,17.418422489392967,-114.80704044132698,-9.705930688395732,-5.918419919044872,-2.8005024864361032,5.42826253902621,-8.153897045952522,8.242094872519372,3.20775684468993,9.016290905408374,-11.456603230953938,-49.684352242910315,-5.504113440663077,-22.66684432218714,-51.61240306787377,-96.37351711930297,-236.23744792473013,-38.567592096401405,-60.20212135954602,-336.933905171185,-76.00712210085338,-19.855613479527037,-22.231497151095702,-29.68882906146166,-463.18456988218355,-69.9845037518478,-52.16382104231092,-21.58115261829482,-64.65819656848907,-154.59317022998158,-21.736334074924645,-9.680485261138529,-2.356334248512255,1.2160404640726914,-33.47690639263247,-8.241042685354264,-3.3011570684611806,-5.153657504073461,-104.42159798377904,5.892072662381769,7.4081405771714515,4.109411300318991,6.078549361447013,3.545067982407421,32.53601453930321,32.4655394163664,8.159400066917355,-9.232201493004474
14,84,4,-27.954596278144095,-14.777286575970843,-10.826050814332026,-20.609173350217855,-22.03136705096085,-18.413350087545084,-16.80998612985741,-15.227258256295839,-17.953181557629893,-19.837023558594833,-15.234310478165117,-13.304768353337186,-17.593534804267303,-11.936355693765517,-22.290630910375203,-15.193569901785462,-13.026359686480347,-9.49656358667899,-8.250407060835416,-10.533110186185057,-5.411395340885328,-5.551975351054127,-7.398787937217917,-8.358766925816495,-9.838152262688865,-11.137188203121747,-6.032606519826851,-3.0102048755010054,-0.8545555938716711,-14.942144330500113,-22.967866050397475,-17.809341499718233,-16.22863667135739,-5.8861882778838615,-27.322020879605926,-20.488778540637437,-23.79481421060087,-17.240477879849685,2.235823889717279,-13.890580228007423,-16.122219078765227,-18.450946019031107,-12.97665954181333,-18.182086582590888,-14.23053884230235,-8.919399265154476,-13.649270400779745,-13.470157960384366,-9.783006964864704,-5.731203370398224,-7.9739868422266005,-11.675161295354647,-12.2756900594956,-10.971359263083382,-2.8150575648448073,-8.097364376378588,-7.6478319644655475,-3.911154212202971,-10.930480054568312,-11.20782502100053,-8.084335288782485,-14.921774023644092
14,85,2,10.568000872017494,0.1419673276519993,0.021121675318970384,-8.462779997870687,-13.25279069964478,-2.5588920944165903,2.7713575505810546,-5.131530099616546,-19.90679341427437,-14.195856262634438,-4.027652930740901,1.2079941668297818,-15.10269008049878,-21.27700955093633,-18.042130883147074,0.018532097521351543,-3.9611086968968574,-18.805506033141445,-20.50326446952616,-7.831880737368656,0.9425568155967063,-12.71033200766982,-17.90120409865205,-9.395695021194289,2.5276894016055023,1.9633575975554214,-6.205614841702149,-1.1318079986405074,-1.884789944365167,-2.938550674447384,8.269309046700958,-11.273271078925307,-5.976027681151542,2.7988030466410083,0.002878615746228677,-14.220677361982622,-7.764018573048643,-2.0398788987318186,3.051569669348438,-1.0154827028717373,-14.248631527147651,-10.461143887261068,0.8000923617765672,8.948000775718292,-5.720787043433367,-21.074937240016183,-20.084611014622013,-7.6737976188703305,-0.028601563955860554,-17.064486864136487,-19.92751044034958,-15.409515183328136,-0.11980519779935138,-6.422912708506348,-18.117311142385006,-16.82774353380565,-4.151319472039711,-2.6772406104634054,-7.469413172635368,-11.318034722401599,-6.864340913686446,6.730038476937522
14,86,5,-58.14473910334454,19.923545092934884,30.53121130459192,3.1631088435831565,1.0906746600095905,-0.9425683915615083,-5.93964565222765,3.3206486187693542,-3.890737764173886,-4.340986771372763,-1.9436462467036617,2.8882609292319614,4.141781854443252,-10.668325876226508,-6.606163851167193,-3.927605315032074,-0.11682249369417375,-4.245875830330503,-3.458835662910482,-3.1155011568263866,-1.4702869013133584,-0.5525859468389429,-5.919576012529433,-3.855997335302025,-3.601138238954107,1.5907279082074222,-3.324590810892604,-4.636008537942317,4.4564799474234205,13.196292754705624,-46.987724097968076,5.12542582126107,6.362518713423396,12.30760961634719,-6.0848152714713315,2.5687998064407447,-3.77210021991192,-0.8212371628345336,36.645506908253914,8.080797664423638,4.807606312741596,-4.463034945290266,0.655720365301865,-6.934145403196803,2.373640953040706,-9.24748509498767,-6.843554642982781,-3.1480797075825517,4.031595258576023,1.9347790152220625,-10.371396942881914,-1.9826873692502147,3.914391146018743,-5.467014640285749,-5.877563835644139,-3.261665223620645,-1.056304190444145,-0.6639863641750878,-5.632427402965088,-3.9851090019886817,-0.10506513570549368,-11.154286601694254
14,87,2,1.6802667990872062,-1.9135649418344793,13.10129721562674,4.017965016432287,-4.259101422787524,-7.009267829653878,-13.760809521213544,-0.9449152605290083,-1.782221916654123,-4.5812678273381096,-10.52938752353373,-2.820225272066437,-3.9384494062467716,-3.2747519764617588,-6.030282790147943,-12.630157497870483,-4.520688963826839,6.555342313890323,-0.2083035091437963,-4.212811768509266,-8.306592844063182,-3.2774455946665735,-0.6760442606741321,-2.7732882629852886,-6.973151780165183,-6.368992864563153,-9.064927314941935,-10.073600746963807,-8.614689685040847,-4.00621919318034,3.2689600386770383,8.274442055785073,-1.559929835314795,-6.602013464540057,-2.5536434844863147,-0.4654170690649548,-3.875743284230918,-7.082748727941116,-2.9051282717051286,0.9119552546407945,0.24465082354116752,-9.508633054190927,-8.664019865052007,-10.843669546745351,-3.4408585055753953,1.314677774179272,-2.2992235438262156,-5.914662630388107,-3.524871214168012,-0.14247612300805912,-0.5838349926876034,-3.0461938686146377,-14.606382381579863,-9.371197601189698,-1.5666351255097597,-1.1970228587572511,-5.243566300515539,-6.475202401145934,-8.045594859073256,-6.701633432221308,-6.712465888661585,-12.378200174695467
14,88,6,81.89199202816661,39.12232827177135,92.35557547720465,-7.8457770016862085,-5.2783183233767055,-0.4688621812681787,9.550044109567812,-7.580871412292029,-7.1793281686742105,-7.20542100671588,-10.921832456094473,-8.853097727590404,-12.199411512545609,-8.966440407150401,-27.597342716484523,-10.715887371541518,-19.70925297969724,-9.32100041601353,-6.698211370626604,-15.814827430539022,-18.768765498406996,-19.431017838963648,-13.532956586196649,-14.608174226451201,-13.837481137819399,10.876883889332687,-15.566268883827261,-16.219284041580277,0.9403140157256729,2.436474138689114,76.02848656221131,-11.303433326004841,-3.1886814361120166,66.83341880869577,2.1223078292408384,-10.3608534174358,0.2438647181885998,-1.1929650192898578,29.293332134373486,-1.6938624455275508,-3.6346069401039216,-9.872684516739561,-7.872332280047424,17.881192241863506,-12.086820285494738,-8.966694730106834,-4.122174545213942,-16.250035848559392,-7.077754421909223,-8.779686271724083,-15.356820759976772,-13.786856121224602,6.791634731142351,-31.46586042497215,-12.207203448409354,-10.014212590710423,-13.219229559709389,-17.48519798604453,-23.34092348886701,-28.702549222402464,-15.160413369899853,-25.9959673012902
14,89,5,-71.6465158673322,-62.11641461747446,-47.713434044907736,-2.6273670712849366,-0.9863030774655117,-7.091465542501794,-25.96138872528766,4.898740562826124,-0.4377634886584064,-2.269281052223335,-0.09269496307867153,-9.428192691741192,0.10352752001092891,-1.9341547878050251,1.3352329930881173,-11.802087916220277,3.6279016603125123,-41.292764073828344,-2.8459712935997747,1.7522909732808067,1.1472649930226735,-3.943524603663782,-2.877879350423454,-2.111197827599668,0.7253051865391614,-11.969500659328956,-5.411996529903263,-18.906860120935225,-19.124851554223326,-17.564759857725445,-84.63389242349602,-10.496080764001473,-8.982775751228735,-101.5626780143598,-30.12044248434645,-2.624580933621559,-16.10499336806738,-7.057199163975695,-91.88127946853638,-6.993498823173893,-18.14625955195869,4.708217581461478,-5.490945572192537,-27.184435124259156,4.508665689426223,-11.310658824334782,-1.8218411194932884,7.7859495009363755,-3.186438659501333,-5.81956300221202,-2.813959329298172,-0.7803232723438163,-9.990732498330672,6.446462132706785,-10.091959399534625,0.9627190098938763,3.4567199479107096,-4.46450323514958,-1.9439815991535445,-15.41440552205029,-4.16663769916517,-1.7555279683594294
14,90,2,8.197134471237206,-6.214401007993381,-12.027489893615433,-7.454650012515032,-1.5901036391307306,-6.2204357958853,-8.908069590186109,-7.746804391431457,-2.0762378297768884,0.971204626760106,-6.3890394069958605,-2.7908260291442275,-7.084008842411379,1.0022108047042146,-7.1074080232122,-2.8480059734045913,-0.9580021227550968,-0.3436349672606106,1.423581025676755,0.002982749251604022,5.981727197312001,5.672797932766562,2.591678740229551,3.8130950172113716,3.016447775599703,4.998256453540083,7.681346922124759,8.593625824875767,12.405252713437493,-1.9764328433950311,0.49624989235137573,-6.084156358296553,-3.9148421714582113,-11.13917666755435,-21.98530867480016,-2.399467862892625,6.0159473172956845,-6.00590091186189,-6.244863896199118,-6.654522926149122,-8.082693700973946,-4.118648459226251,-3.3606145367844094,-0.048046935213412134,-4.962648986373097,0.5449093848285145,0.38032924239637333,-3.9564034114932527,1.8561421561895344,-0.3462593175879707,-0.4335206583051424,0.23764500671588823,2.8120055622989075,5.504414010531747,7.978541785260523,-0.16668453053912166,3.438176277616038,8.590088222823223,8.880450726827466,4.387045497347307,7.544477852197677,-12.249689676742094
14,91,4,30.40920943344329,19.895325082104375,62.684954376845795,-2.8537518361288075,-12.800402808332494,-5.061771818107315,16.247434628445934,-13.34809834162546,-10.340702846328295,-7.71305827118411,-9.247161162131256,-1.7149147221068972,-14.937832148336783,-6.074214006149459,-9.354099060102119,-4.192938580972754,-11.61324124999072,-1.1165014854973052,-4.627973691537614,-11.24912045014704,-5.960143030325811,-7.230612104656407,-4.082197108112912,-6.703136313661208,-7.414198555733738,0.9546494951880566,-5.725168646722125,-0.1106837628999883,-7.143616589922004,-20.314822223582645,25.7550851727677,-6.75366886415542,0.9966848034570676,36.36870509776762,-13.339416209880893,-10.677170017972683,1.7115273882703101,-5.90796889451037,45.64918449739131,-3.8329334100708365,-7.657219331870545,-9.77499524518711,-6.394900713990466,3.8401820720059856,-11.448117546566833,-3.039673518162311,-7.71266520753639,-15.80169424507767,-3.1420102550579974,-3.589380854661239,-0.5183658116474382,-5.587016331758804,8.505196805021201,-12.074299875147101,2.6958883618368077,-5.013574587737735,-9.05631445883205,-8.637533944509016,-10.9245608189802,-11.225004399172597,-6.755160227361158,-10.55841692173626
14,92,2,26.399209940885523,11.979604988131767,31.653470062752948,7.049800250293092,6.26821683633437,9.870938817254924,16.777719763141665,6.607759245875769,1.7814358377874622,0.22623439403477794,8.17015160379432,12.110589339931659,3.1022178253227066,-3.8089794145397327,-1.4122167582192076,8.342315824793245,1.646879080932861,5.684751713966452,-2.3270043418742716,2.252679592498195,8.283632868333017,1.1658432722977552,-7.424071361276706,-1.3383196962020576,2.1253135995712267,13.608622308547915,4.80626524812201,2.9325391585688765,-5.473141819034226,16.22744602482857,33.06429960416266,4.196742207720515,9.64577950283931,28.389839515476158,-0.3208601153114966,5.371117236853648,5.115841931050143,10.44477372304196,33.40341409186764,15.389029509546907,2.620141606459894,4.212534277586314,11.392174519371334,13.448886024504436,4.7217206516552945,0.6291419740130246,-1.1377388222551907,2.311177599539119,10.425397694667387,2.0977641318629434,-7.05867889188457,0.1127415259891168,9.152974867216523,5.86343647906466,-16.500340046724542,-8.406652020335923,0.09323838021515435,9.952824432766295,2.0139247342126376,-3.9707503635209154,0.6383905752630155,3.576895073056221
14,93,3,-65.41113207889042,-10.958515148541728,14.195255062588277,-9.384353893786306,-20.078553025656177,-14.9632082318024,-21.106059087781095,-7.590420734148657,-20.56244448672344,-22.990086007227248,-18.486322205513716,-5.80215233709754,-15.064885951044806,-24.45332081699972,-24.67541661349739,-15.484660815742869,-14.352159020854394,-18.509536316254874,-18.310146269433925,-15.8907937062677,-16.56638720047819,-20.924021755776756,-20.29064855174865,-20.147721817569312,-17.619465915236347,-10.833287908900072,-16.656816297097176,-20.312776017207185,-17.327322949973365,-4.032693511227193,-55.88236002390068,-7.660641389762667,-11.711866943381454,-6.109867779810619,-12.847709721022449,-17.513291044092576,-23.557932169267488,-14.864686619126934,17.60259864570163,-6.818768073350376,-15.116747959448793,-19.58352871847952,-14.116352200780694,-17.054694848294112,-10.88600548915565,-24.189374728469037,-20.352441461983975,-17.455937446344922,-8.035409770349448,-17.674807688471205,-22.762857345637027,-16.55108055867618,-12.66426200749034,-21.145250445277227,-30.557384925871713,-15.743612566826542,-19.454197332899025,-20.18198803162612,-25.824831826476053,-27.215984595280787,-21.04258999740705,-28.619183888829266
14,94,6,-39.53960587898633,-13.991992023023895,12.8606116182239,5.0997260896171,-2.0129305105997113,-2.917949216406246,-1.2806425593884256,9.780648588895703,-1.167034074664116,-1.3434989822733154,3.0533615988338485,8.857768292050448,6.360148816891922,-3.1772824913808484,0.022520548982044836,2.6831712960379135,3.346741478345014,-11.412648794854565,-5.245577930552293,5.359013043196371,0.5290712834131439,-0.7136285657790022,-2.6300839427177154,-1.3410365341640091,3.071708678131605,0.04356132857728434,-1.5358371088599327,-0.9540137023233426,-0.7021604640886379,-6.788108674582187,-27.389721168818458,-1.3584471054307035,-11.90165000751887,-9.1443735312943,9.10599156792798,-1.6402084454212627,-5.976686665368062,-2.7317616050472364,12.852149156456045,10.154237701989167,5.346053256516961,0.2102573171326114,4.604643844953943,-7.615241918974078,7.548963518268093,-3.7662966366084993,-2.650650629592015,6.235673050555156,8.391738525841651,-2.117637204619624,-2.40693613434801,1.1842943994646369,4.729986658774136,1.3430365872819228,1.0763391092101582,2.1287009800988708,2.1324466750843505,-6.00164655893587,-1.7839561330336267,-0.9146142969271407,-1.8437835187991956,10.6239670005786
14,95,6,21.41282639216358,5.6191092261635704,-0.9136084314526584,17.367866898864133,9.002325256332389,0.8509254434895583,2.9744124993591043,2.217580809553225,9.766902676738079,6.333674432743888,-2.880018046693649,-0.2547781741382874,8.499659141730056,8.801628747954965,4.06809282432333,-6.813369115394332,-3.3424177384571863,9.189067900067243,3.3498513512426924,-2.5729616284824735,-8.291482738014764,-3.363308245668235,-0.47216859704065284,-5.899460134459892,-9.956651116744052,-16.884796424246414,-14.885311155330111,-10.557503556878094,-14.909704568455135,-15.910262263220995,5.1249403817261125,10.448554039841932,4.065387634480968,-0.9522101614715126,14.902814302434475,14.24457373397378,-2.225488462462657,-0.02271706969818127,6.744073322451697,1.5996066870667573,11.736121630057598,0.5028627200347442,-2.7876352478818207,-14.377003336915887,-0.0013410755001568853,11.437585453616409,7.209305421676392,-2.067023815280508,-2.5927422685639527,4.937978096806061,6.435155597538115,3.3413541293816573,-8.009744693581924,-11.468094641479054,4.29392269233287,-1.2571162432772889,-5.932362295266963,-8.93316825252117,-3.779025122852676,-10.106098351057431,-5.752082274215891,-21.757374765487715
14,96,6,13.43681645350212,6.743819008467766,1.667492013413278,-0.672333280044811,-4.567556669095122,-6.056225351898406,-19.066816069549187,-0.9962917075651452,-3.1159521276017705,-8.032068566691766,-8.884011491042807,-1.6128438741150428,-5.319509635020683,-2.1624817731903807,-8.654690250663492,-9.775654248802402,-4.371068298237445,7.521124906360914,-5.1921898949800465,-6.373883061315411,1.7169724860251283,-1.4696163490596348,-5.522876666177336,-4.5679728795388135,-4.966753112742813,-2.2017655708122903,-1.8070894749607977,-3.804482162680204,-9.337301133791124,-4.381553995831893,-1.082316097042455,0.6193036679178476,-8.35435073528575,-8.448271091618553,-12.861316820913244,-1.4501478931435003,-2.5880138561265866,-6.912110421624848,10.23719838811312,-2.1641581472940743,-7.2840810935126585,-6.800409404754002,-10.861577306158567,3.4711941617154873,-6.762663211662139,-0.20348266198685777,-5.973437975535576,-13.612229364265389,0.0899203675004043,-1.7502678204327822,-2.378935791688358,-7.502835608871153,-10.183162957702468,1.790476475978592,-8.836623488175798,-4.797802731803642,-5.2901797085636995,-0.1017124567226304,-2.496290006833832,-4.368224314254959,-3.4266848694078798,9.479337989159564
14,97,5,-9.463719191256816,-30.87949365886245,-5.6486357077842575,-7.690572434036827,-6.198597359766324,-9.552437199870267,-2.2033378546035323,-0.9986154084525461,-4.342801994416957,-7.551472150175496,-14.645307737152747,-10.627169354955058,-6.3269343878165225,-6.805727447530756,1.0238643923956086,-8.213100157314678,-5.172871655148525,-10.918410472526428,-10.60699562237757,-17.602436789107045,-2.1031052357767077,-1.0890675892417367,-5.042638585539299,-11.963558315503878,-12.166185547665858,-5.8020136608946595,-1.9084550003044138,-32.1228640348446,-2.6233901438962026,7.113188511249039,-9.576738148393876,-7.551946159270472,-5.6866477898481085,-11.70445643760627,1.4382055806359515,-1.147704275268154,-6.62261498637679,-8.651765318087689,-5.378088499260378,-8.139885191987387,-12.65101329342849,-12.159179719846419,-1.5570395879629186,2.163233234070061,-5.781793683767319,-1.9621321487058765,-9.852938573137386,-10.488658619908295,-7.1780448640674015,-5.107552820032963,-12.097444728016853,-12.621694986049716,-9.297358492162173,-2.460474466768703,-38.65929287272253,-9.232525158673525,-11.168367800370955,-5.902049682557395,-4.29641986180596,-4.443670502500373,-7.76858510145146,-11.95664495138861
14,98,4,7.645034265409153,6.386218530114555,-1.3354179297074114,-5.0080832079870685,-8.457357966625013,-11.752422415435587,-14.952352619400573,-17.87382781105798,-4.862578127794421,-4.891942842579563,-11.540049444725058,-8.562480886421378,-7.2881620389568385,-0.33412039225421286,-0.9528460244352858,-13.127494136507552,-6.389039413117596,-4.423196228777582,-1.8760037089289132,-9.351151138952956,-2.0947351806297343,-0.7637566080907505,-0.08666015159702234,-3.2310750716388577,-11.26417272284673,5.406296972423886,1.6596075506744614,5.350203702953166,-7.191258955587887,-5.5726924202427615,-2.6778764771411123,-8.98283369212252,-6.070410490433526,-2.5174117029144805,-8.257771322776271,-6.452173224059728,-6.103659618214321,-11.511910314830699,13.738404553576672,-10.812813664320856,-5.00690393785878,-13.275854608237111,-12.64689762564376,-16.959502709870485,-5.793735967085857,0.1207878718993105,-4.2657141269684375,-13.733918995301169,-5.840950618611601,-4.005005267426009,-1.4382171554422771,-3.5090906338470926,-8.872184676106833,-5.381406441523988,-8.089375797568296,-0.9303717484425115,-5.513547037205682,-5.856835214466582,1.0746049508338862,0.6211302778229286,-2.5494468885632915,-11.881256665568799
14,99,3,-10.577388266408132,20.957039604099794,12.419472581366218,28.245224796439977,34.91179403594537,32.419492621996945,19.05567136460279,31.383315933913735,30.15831576705705,31.831900430616084,32.89748785365373,29.467866527268708,36.57751735314591,27.428854606988843,33.22234799831016,29.216383096705194,32.545968312077314,33.192717675380884,32.60342586531146,36.73077968714711,25.304223177363955,25.68041358052232,27.363547581952158,30.84462615138875,31.484797113007172,3.2383699773288344,20.15206860496504,23.791276682917857,24.604617880362035,21.84433548938391,-7.527020888936869,34.17730971550704,30.913575022299682,30.73604643708324,26.89971429344677,32.81534803925627,33.93419637783179,33.24094955100701,36.576234019747595,32.25875035460991,20.757799819475277,34.97808397061577,26.667595358213365,18.70774730439184,33.05438039204241,26.81239527754667,31.456530905987417,34.12044175543892,29.521820980964655,32.87346442954662,25.549567759434545,35.14857214982281,30.783480684738606,24.82371933335756,-6.3675940472905275,25.84728298472558,29.578030159049575,22.577143754991805,22.8285578235007,25.465046387040847,20.49824697461842,23.366484641642646
14,100,3,22.201034332375688,-29.58169480685783,-10.954838727669024,-14.94260675630465,-18.329984640157434,-17.004983062844534,-21.092116619426214,-15.824931515017289,-20.35626804278935,-16.933641025262723,-17.976950857243157,-21.598193326272163,3.89968580941147,-23.56246414904414,9.26662965936632,-16.430570257998003,-2.626384355502611,-5.512067287955887,-17.57338431363972,-15.838642724789679,-14.537433360521563,-10.01638597672487,-13.121239793452828,-18.705620122573727,-18.576704968970905,-20.74341803031587,-14.722869506060357,-12.448836903439881,-19.387086537087384,-19.05242267740527,20.96254261065183,-18.085114143981897,-15.339548919054609,-33.66116351288995,-6.090699821506149,-15.343676116181213,-9.626264855538203,-17.505626152860142,26.03755154942231,-18.185208037268463,-6.84916159353878,-15.913892347047593,-20.42798008270017,-8.472999783346383,-5.919344744894923,-19.007693787945854,-21.286581841819903,-8.619961397427064,-16.73280583901284,-12.16847462424009,-18.346956119849906,-13.850544866821847,-22.584080209217323,-9.61446121587168,7.2220223615309465,-11.350405168356144,-15.770549263918726,-17.696102865040302,-10.515584029495809,-0.544227416695256,-18.11267535540662,-9.376342260982934
14,101,4,-21.586262460071126,-3.5706406430818314,-7.33361937846171,0.8524630983337426,2.794918596721826,0.4207805277461676,-9.731225879783402,1.1109060344127228,5.6751678855408185,3.7156254184863915,0.9532390249347893,5.039205010503346,8.933041105592036,5.494136374262042,13.836047540986673,1.3334294745880295,7.6745143986602455,12.960139035849227,9.554830317998796,1.066766714041191,5.142038806023577,7.875846759030005,10.423952564017894,1.7108683972619474,2.2491650889377754,16.673221120633556,6.647066127145427,2.6870557632660725,-1.7382214467904369,9.440192840266512,-15.183454217582309,-1.4326216492165877,-4.964591272413823,-5.043517231918511,-4.53394925762422,3.406950460962679,-5.948096629527466,0.24521737155027523,7.802608730203309,3.576895110104687,2.041081175685108,2.8341330816833024,-4.0849369900051204,-7.780839589946879,2.9258568823882736,5.122038630461992,4.5814644088968635,2.471110574446798,8.662782900614618,11.079638197382051,7.325815821770674,4.048728390642235,4.496827318537527,7.753232235565971,-10.071427395658162,4.47927788486023,1.161207375082574,6.746397078673284,5.932709174412422,0.8147400892907517,3.266844396638436,7.318971790237036
14,102,5,38.99098561486094,36.98948856461336,27.402773340119094,5.050349559362339,13.904719028258457,13.785168278826077,-5.294237519262311,2.591470506223967,17.240119377832578,14.532184672246617,5.221092019366417,-2.9499958340169457,3.4873561700238156,16.20559589982759,-1.0301187590400631,-15.462776107577282,-9.873805956937739,18.494437936784273,10.751934122112461,-0.5810257449587106,-9.4628636930365,-1.6979550239743602,8.137468850194686,-2.3514787932721557,-19.022792302912514,-5.3790711363459485,-8.514179548839246,-2.2555814144178865,0.9336781863395753,-10.982677208532282,38.232974567791324,17.202569635630372,16.02343148978928,32.069371883462146,-0.4760646853686836,14.171243081823363,15.141881311403166,13.810821855940462,1.3864939074690783,-1.6351101765545406,15.853509950076733,12.423749944399582,-2.210574907977588,-13.699282698355985,3.456396286194095,15.07749897414227,14.967902000346102,0.35358888069849415,-2.563343024971644,13.813977968447448,9.63638072956081,0.7027730217612349,-14.139231230155001,-18.93635176447015,16.810332788767795,-0.20499716919460337,-13.255912069140416,-18.004234428085923,-12.692065875840981,-4.106764106443382,-5.421233519684617,-20.531472746771193
14,103,2,-24.66278055129665,-52.580440176446466,-50.86342115135769,-3.820898593357968,-0.42500031385116444,-3.8822636869168146,-19.877174427074085,8.124994880633382,1.7967771660627392,4.500191543546575,4.85654349484276,6.03602857333494,6.698292376553042,6.312529634195952,19.761554280284603,-7.014632110733809,8.416120364080847,20.548016430128648,7.320728967647728,8.614435274426532,5.15366904795306,3.906726406580518,11.031972731940638,6.025808814549599,2.7757738189340184,-14.278678179786704,-3.9132813711582513,0.9364989688392811,-17.116129313959046,-14.58788498622796,-29.790957940560673,-7.046667333431088,-2.4932842216250006,-85.26697662072941,-4.425346594315203,2.287524101301667,0.606979755366721,-3.8052337087418238,-68.42834294369307,-2.0314278955139766,9.683976609941293,1.8728707595614762,4.218372411571628,-20.98671636794036,7.95650682334857,5.952061935112151,4.688263643464841,14.67172421142459,1.4128642066313748,4.530619662697995,13.794336033916865,5.966016007928037,-10.837542219530425,5.03758652312908,75.53529988556373,11.61587712918294,9.012984426328684,0.9198512717763448,-1.3748174137435856,7.941073069076345,7.392521847811775,9.938858909100839
14,104,2,-9.01802487489653,-11.51258051104662,7.860009018967788,-29.679337783421346,-12.571717344417536,-16.048807693077485,-22.70012847534041,-43.51585930585861,-13.80235923374663,-11.569864897670719,-28.558547150559438,-44.303997829193044,-23.582950046490406,-8.91672865125327,-41.51346089795416,-24.540096682473642,-38.381843632314265,-17.433116374287472,-6.642511162929597,-12.009420287454642,-26.402631952995197,-11.843325375965456,-11.159928438594422,-10.665967653891663,-17.991193725795643,-27.426692795281014,-8.179539009678836,-2.7967914611828033,-10.35551219315427,-9.718081205220123,-1.4767951340210157,-12.093583287500847,-13.759514726823337,8.462340945150796,-41.939212464398075,-16.55132348683276,-16.840356516129358,-15.684513388224318,-4.489706272032203,-28.792966699727433,-20.188034364408477,-19.981129640599757,-27.178400233387947,-18.034951707938827,-37.749453091039875,-6.7815999032520695,-8.150394027893677,-22.475535274278844,-32.15984723844179,-11.123523334540968,-10.38449538597928,-12.818183386459852,-18.71397874960904,-29.86893602842236,-29.388917409746764,-17.07935405540757,-14.991335833808643,-12.502271332709887,-21.410410319772982,-16.718713163648076,-6.610429826510569,-16.312418259543975
14,105,4,5.721596338513596,27.61436035537454,68.46636638499609,-1.2801106548527366,6.389767776992984,4.258234281865193,-2.92948694278418,-5.866118625987593,0.7768203586612539,3.7602619274360345,-8.750945981046778,-5.589236010547457,-10.180723563381813,1.1293804596473564,-23.074711585122103,-5.429753933476692,-17.78808094707613,-11.781914169286807,0.03680980791587529,-3.7687591206191513,-2.619736874612368,-3.395539946184016,-7.498569699231443,0.1180709792391923,-6.660626990300397,-4.030820573373447,-2.2433500299798084,0.5230594685800924,-4.257020392795889,4.095919833416348,19.110527706071263,6.554336537266292,9.9246968809606,37.56316162368693,-9.829250376648837,2.7864214001541487,1.217474114876694,4.631939027367566,89.65197615071035,9.178374015010624,-5.819470544459251,-4.891168136376796,-5.325139815249003,1.2568503440153331,-11.142089879708132,-5.4976161291777395,1.3089552513982503,-14.63034806291505,-0.40723120734640417,-0.967505098797561,-9.47615873341153,-4.720333406179235,-11.051522186207702,-15.531979378494551,-7.62772745139352,-11.762237613339256,-5.566033342296665,4.027999816053523,-13.54854059155758,-18.660497963428497,-0.9127876547324248,-11.538407897724342
14,106,3,-217.13073583928534,-281.4092515154582,-489.21238249104175,6.83173935024477,24.10879568501218,17.881839504454096,-99.51727301863637,38.92639495291542,29.380651178519887,31.826385721927746,51.23173831283999,24.905812469924385,48.89013280546881,32.542130543327886,134.1336408087121,-43.05351777447435,94.76559867331663,40.763808391034225,27.508231561608238,53.33949118013289,46.33388836727273,43.23639884382123,36.54133191151638,31.873658247201195,38.14392125788257,-48.77703274968191,11.790989510533283,25.164013174033116,-33.368234646029585,-107.84809753952958,-227.95596465250333,-11.061776779001436,-25.277448122855276,-358.32407432649217,0.7342067211866383,29.638470048425578,29.63974185048309,17.026821621341583,-532.922569321423,-10.353743547800834,8.114902148795561,25.898509163284533,17.848313095729523,-124.39363984945341,75.82099180775353,30.56903841600911,29.144879339853443,95.46275225960895,35.532404147667776,31.516751339977088,29.07930629255203,34.76671683420315,-17.803005898871078,94.19222595951537,36.70817828769,60.3031632962023,50.71880628184482,25.10261336173407,73.64434819595843,114.44781039659755,27.041300247695943,42.33876742988189
14,107,3,8.286731264940128,-1.2347112145365742,17.335230149873876,2.539492912408778,15.634269916793189,8.262777197560892,-4.481566808209186,5.272641903334635,14.558728476872716,18.494461073381146,-2.075255123103354,-1.7785110218314133,9.46114102076376,17.283911948251287,1.1249756472548706,-8.17731928812885,0.7043221384377742,7.305017762204131,13.237819366043482,3.433447896491554,-2.479261072034517,6.441791716463314,2.9871410273197228,0.06396628943521865,-12.086184435853406,-19.696906063251387,-6.598348721884562,-0.9466955709929858,-14.407616411949068,-17.392179296874417,18.332169750659933,7.081569605120794,11.562049848277397,12.608238137349858,-1.3202616397927465,7.853973638902347,10.091936196859292,9.1928251514711,12.230915139361118,2.543412119241025,2.8308611407012867,7.70260723798376,-5.260595517846324,-7.915616120143633,0.48219194388153375,13.267253262604148,16.705071342881862,-3.7122611512043853,-2.2942177373688777,8.898901941345596,9.347243373532121,7.479251515301994,-11.966460158321546,-13.85689185060016,30.398654480532894,-2.734293416687626,-6.941613683522467,-8.456467780034709,-7.809961387660447,-3.3674124879989717,0.12660293428726832,-20.44083570966087
14,108,6,33.91009189769989,49.19849555485136,95.97523391973678,11.41773553835456,4.734183365581329,7.738734998626682,25.426282726864283,3.9360562923659623,7.540963395271546,7.382672090901109,1.8287429867948357,8.23730859479571,0.022601524197566225,9.91114752548861,-15.520984979210096,13.513927396761675,-9.722509023529003,10.67855730807273,8.308581295900234,-0.5265970467021921,3.2576188247014826,-0.8757466385481729,8.071132717426961,6.178608623287847,5.992629076694928,8.622551065120033,5.472679450199368,2.3020098227553247,22.925368261319125,24.952854074537754,48.40450731283279,12.686678505434488,15.294808327606528,77.28503598963339,6.457063444310847,6.170203875954741,4.120660100995408,7.180726947569541,142.0858583828298,14.75404915529327,16.520120711451977,4.20569021170732,8.213782178908133,30.758740402394668,-1.936582631681388,8.300974279096947,8.798750126325501,-7.9054425416014515,6.844606587299841,5.766961108279845,10.07823661905599,3.8990500604097784,26.434771077661964,-14.781968667228682,-12.075027980182949,7.586258783357265,0.14836054865452375,6.702962931131991,-4.726275679246498,-5.7956319748673835,8.608701127092925,1.7447070436461307
14,109,1,-8.4496471184056,-13.646680747772127,-53.68803948309367,-13.336768753644892,-6.303685584809724,-2.5344177921893203,-19.915834030908783,19.91630805315584,-10.358379354745871,-6.397293754217285,4.975481530242576,7.952183081166505,1.141264900917235,-14.439223907433638,3.58382013620718,-13.328514299559874,31.0245709411073,-2.1118567735638205,-4.837814963661225,8.247655528041015,20.71846990441769,11.120667748596146,7.500812406628966,3.5706522051676566,9.306792089261306,7.065823554129506,11.049718731718999,16.74022791076952,-0.7948669103405848,-0.6467723302406896,-19.82859567153017,-16.08922430309581,-11.459620592252515,-42.49026096157914,-21.196985337974084,-7.239178772016268,-4.319321932589134,-3.316729539323872,-133.8123185576461,6.0356469552328,-9.217750297336863,-7.723601801729783,-1.8823968461464828,-26.04796781627144,21.630355531826805,-9.251762323581227,-8.920196965654812,9.702092478858164,12.586099078174586,6.027184364317751,-5.9172869495275195,2.0874171545388274,-13.039596910497588,30.413209552763078,56.453478083741395,4.9947535355870745,10.431918069947416,18.186028983080522,20.880356398558764,19.869405567396146,9.907343949736442,12.044669349530222
14,110,1,23.599597646037072,48.39063418604339,83.49909049526951,8.364963567406848,-1.2045374579568635,-1.2516133199536768,23.142088258445906,-2.160354560820339,1.526472660837832,3.1018594040580814,-6.270332389443018,-0.6396508020598706,7.204877541718504,3.9577097943416097,-10.102791982259973,6.7229747644443885,-8.557394057046622,9.697040464570064,5.6438032212871585,-8.560596419475603,-3.797198805106216,-2.953811078570877,5.438863912631372,-1.400713767969934,-4.967770485979752,12.06532870456804,4.311067508181511,9.247519520247673,22.41804311527847,23.799519626503216,27.176619895915596,4.754172050303255,8.491497141490807,60.012048998086605,19.725102975453453,0.9344064144463076,2.85924321946847,-1.675734909092327,95.3480808117041,0.5591178583208378,16.656758423076898,3.874101682157232,-2.7416461797930816,20.58512681603385,-4.458884632146756,6.510266501331564,3.2961627515260035,-11.995454862532087,-0.30746108873906264,1.7863377505777085,8.894242827462532,1.6412142125162772,13.779295273295533,-11.429296384315661,8.226441431370358,3.2204275419708432,-5.9742126585915685,-2.2133611632147567,-6.876341121952713,-7.746584789146005,-1.6970647645705377,1.4995705772691021
14,111,3,60.175623481230055,83.93242578680925,134.87388284613453,22.952871596304373,19.11104794805188,18.019147900728186,35.198318508340094,13.547211096781046,17.829711704991947,17.226593248091824,3.7095443650898403,12.970150882877949,15.656489828101751,14.187544016758121,-3.809418593942212,20.02756971811376,-2.772340265534269,18.991300593902608,17.44670041984447,6.923648216454993,11.049950007076673,7.950264045003255,11.242565475120324,9.044499351404516,9.510436691434645,26.741688983469462,13.968419388549908,11.09278285712367,26.738844784294667,41.63278019282873,69.34593977997217,24.0318118591861,29.618539137447762,106.25113843563123,26.420447361178507,19.226506205162078,21.55621584977318,17.692611534057605,168.98970133793054,25.08246263425523,31.724673362948554,14.294412543406567,10.804466630445747,39.71257932302431,5.34816900145535,15.924967667496787,16.938138274419146,-6.7095294563417776,16.060507135056866,14.321071912239235,15.838816002692754,12.258487427891115,24.349643054895292,-6.185579838219841,9.487395796288805,5.729769835362165,4.379553967178231,13.460620268111727,-3.247792118592424,-9.842499214326725,9.194200905630503,4.801721839132014
14,112,4,-81.03466201410063,-147.3245469564345,-216.15113832892442,-29.26327400445575,-2.905347799109972,-9.990004224657289,-80.72421822315304,-3.0795816028626994,-1.09832779681537,2.944943924684344,3.6307339180351716,-18.67922672229569,-1.5943465196959081,5.933472229803842,48.170307341224785,-32.30628858888293,27.362217915903127,-0.9200594721634561,11.848319854110288,35.25222684933646,12.366350216348096,20.35663801144309,17.12231425486687,33.27061472335694,24.97653059127583,-17.844995085059153,2.4284973180875515,0.1418749158974819,-17.364733800110294,-43.08993428182314,-110.44384555700346,-19.908296211917946,-29.804206484338128,-217.26148858884494,-51.72930632168202,-6.58071822691255,-3.487633790548254,-10.373847814140523,-281.54561114892743,-18.577999776047545,-32.41292613626616,-5.383672223494548,-12.155040944687928,-80.45992535498088,18.18808666294122,5.44910670689694,5.388192692816974,34.8823139378801,-1.0376564890895852,6.726500783706227,6.783114366028912,21.154048187022156,-46.92716804146766,35.43380152644226,15.632015543081245,29.528988735352783,43.36777635263959,16.803604491725093,35.38086446408728,47.970998148592855,34.51059762319186,28.50053469677707
14,113,2,93.64287721565584,102.31152109956236,130.03284276616424,33.24503047691611,10.64351646411347,15.37558404252888,62.28797771981573,22.34573002358354,12.02212564052059,13.446296388056224,20.20905204576146,44.38693530285143,23.555527532087037,13.56694542234992,21.68434482135968,62.22288967123842,26.790961179882288,25.799224560398894,17.223090250397146,14.925242347597358,28.360081970862066,21.33087160922131,24.089026545094928,19.82638754135724,32.78700068861064,60.71617437499322,33.62194914311716,40.78812103173353,55.43667739266306,58.796736995439694,97.93348135344873,17.157702014054635,25.82809196108179,137.65551778128966,57.29159421873531,13.048094155085154,20.781187365831023,15.002838917133374,229.99434165220444,32.14385862311167,28.015117451389553,22.106212176155392,36.08399592794295,72.25956556037434,22.503084823750424,11.973546978881254,16.442524165437536,13.357809552014245,33.54302324398942,13.896915528514398,21.54631970875058,19.12427350541395,60.33978804382606,26.14981914420682,21.70936254071208,26.44422797876885,21.824127262651277,23.019566279665614,28.688179107519197,27.318205869597616,21.728033374415755,37.485911815449974
14,114,6,-16.999387640687754,-46.6754189166354,-76.21766851442617,-10.576729344204068,-0.3556120004959234,6.598036550803157,-18.65358465571501,2.2769573878542264,-3.973235970408452,-5.5467729564847,11.315132880537984,6.842606507866402,-10.740188353013519,-4.769848565820876,11.775243550675315,0.854416839358193,5.253890164253279,-14.709019622049945,-13.151205445299066,8.23054542780921,7.984229820428369,-2.3192354978471075,-8.448005247156974,-1.529016024932814,7.763775825773075,12.35974900785652,-2.718639997163469,-11.861360431762366,-9.963021133163174,-11.675982074766631,-31.447594291189827,-8.999261669269425,-7.574455088083971,-74.71108003215095,-3.7949906611338085,-2.2224479836479945,-0.9985576350151035,6.79738048981966,-48.495433677851054,3.3088219195331736,-9.646392350323591,-1.5473978028110256,4.253413466850249,-17.057411629343168,7.418013563288782,-8.391056513686372,-9.04360916706302,11.217027492139765,6.549018528494171,-9.744312786270026,-11.383365230225936,-4.429774304726954,-19.32613764989485,5.452170452034867,-11.547355986132123,-3.2473643508444487,7.813753365925179,6.638014066123929,-1.2904808238239553,1.5710860452183095,-3.530385762225927,-10.726777666066656
14,115,4,-11.017024628863455,-35.81047733507414,-188.124667821861,-10.908445029451345,-5.921564475201619,-5.084962833127604,-37.298117287275296,8.008542305994325,1.7557245806404742,-4.826901311304688,11.625160514944941,5.660543409244316,16.113386665130175,0.41135844288439277,51.578587403748095,23.590522350209618,31.014212280511856,22.602855244560587,4.124590830763848,15.087591539750363,25.341391250354842,26.065505727534973,17.03685629935707,19.391942177081436,33.788240505632295,12.345089940626806,20.006713779972543,5.581836997679004,-8.747928524162715,-28.999397448105043,-27.80542673574895,-16.97052020514839,-22.01142474677321,-73.33851745942744,12.193365203625547,-2.195152803698961,1.2932323991184749,-4.286465969322847,-58.49876707156255,-3.215490983390226,-13.405740868743132,-8.93516836656121,9.927147803328387,-17.36639867722988,19.3805662110198,4.949781802096744,-2.333859907031608,31.36085310922479,19.729704193725453,12.87184879974257,5.615398150300836,9.805099754980425,6.494289385927159,48.22366113070304,18.865876735869517,23.49428996761762,30.172824489497906,30.504540292080492,45.689324081852654,35.39627506565759,22.767597265905007,30.587975172189665
14,116,2,15.342508520522133,-23.28047167818719,-7.073326684716276,25.109954505874878,28.730942675071528,26.436678651811132,-1.6303932579438662,26.399510594902605,29.630146340898616,34.6334896056754,22.635583752175652,10.186411558707222,26.761573527235445,31.977925567001844,45.08600910625804,7.84798506976719,26.784568098623588,37.287434985179736,34.91438376939878,33.478583056752285,16.66250414550076,27.923116235471333,33.824541664318886,30.59400979411313,12.433229842177806,-3.5912189988828285,15.003150960544078,6.639424439610507,4.445508655251529,4.167562547775847,8.112335535220618,20.526756047157615,18.35404281170539,-21.073006506373225,27.099925125824146,28.024874797318038,33.72310660670443,26.68589612405473,-30.052626401912896,16.345470785333706,41.36402506363104,25.801721792032062,10.67395615098407,-8.551868003497761,25.745790189177537,32.946240025640606,33.620700658639755,36.39536447023473,8.170926090034586,31.821241157810853,33.54910403835336,31.897762615142817,3.25415058912164,23.551122959612364,29.362154039440725,31.85997008417575,30.458874875089013,17.989540540431516,26.29248000417905,29.312685119760463,26.09832692802771,15.875013188072828
14,117,5,41.0898362986925,12.422721041377823,20.581808875428468,16.690839966861294,24.042748632023063,9.984593658685311,-1.3624356549414929,20.90339725606554,24.27002335563531,21.341946828633358,3.722272881920019,5.267173637022695,26.632334578418867,24.830597961230627,21.773710269356005,-14.583538019189195,18.345025401471606,26.6506932972385,24.404661210015323,6.3947041884700635,5.528368111495383,16.838333318782293,22.293775454617847,10.154388025505233,2.793392589883652,1.3008625079400669,7.371249982224012,0.8932497324876306,1.597629774861585,6.42011494509785,33.817292872725474,12.245146249443666,8.796276112064351,-1.5673980780127557,7.67213285210111,21.118926504127128,15.580061091291837,9.717769039658503,-21.97268424102492,14.849241341112135,18.107519077330185,22.781493402858505,0.08789725394964878,-7.836377982368192,15.614766753528553,21.954175267050562,24.252670548788128,3.911836311334697,0.7555021575379475,20.620121533846152,22.118316435232384,16.677891684684713,-18.144016722308052,13.695190032217184,20.787407215559714,20.147629157935324,6.297396376456425,11.972876348510013,8.209758979438734,14.52628863811856,11.367457391580615,9.133726031405898
14,118,3,-6.863046158695733,-21.68369738575889,-24.82470191360973,-15.547193468843657,-15.463909060455764,-16.824633716060436,-20.560582989940375,-16.76228604106824,-14.81857033155677,-21.469717560744854,-12.27864957201045,-14.505213200228242,-7.217906677482149,-12.207469416293879,-9.333370425988258,-28.20951327063688,-15.264218421062312,-3.171582952596068,-12.81614865642041,-15.255882935257771,-13.182558484500417,-10.35071444602274,-10.66143576703149,-15.844769988845032,-14.51087812098062,-3.947120059906254,-6.041485267714025,-15.562500004770188,-4.5013129390867,-16.351077802433842,-11.342717168670962,-13.349150462257795,-15.944089272559225,-34.54966187092089,-17.477082207753533,-13.841515909675973,-15.98569688125991,-16.323077418568843,-94.74419897067841,-19.144123395859467,-15.456648826508273,-16.520756495798494,-15.845486702522404,-29.59951001551095,-14.846836698127957,-9.05170169036563,-18.31858573281546,-12.810772913848838,-14.440333573783677,-10.26222769161914,-11.40793198292575,-16.519346040537258,-29.104127314577738,-5.494494777717962,-5.515512502865818,-11.524442383360753,-12.641521838561799,-7.089072507647108,-3.9956873109700535,-9.389209435389544,-11.310843923424441,-5.269381717937748
14,119,4,-0.5858118400068548,18.16797078364505,7.79427332788842,4.639673322825351,0.4038092525812186,1.0182110421791115,2.843266111844016,1.0316448348188185,3.9850974907167256,-0.39899995089395024,1.1944332592893476,2.683090396622969,-4.871549486069055,4.665569676222597,-13.059839890929078,11.482684397309017,0.8030866508076829,-3.232219695681479,-1.3335913440167186,6.303673968582252,10.949231754170684,9.71549160365106,4.3984097868385845,5.85756342954616,13.905597699794729,6.251638555161017,13.120638516663409,9.703364192667168,11.51009527467782,11.14793974019178,3.4383266346029426,6.500220127642249,7.162437717078206,21.787779819583758,-4.415727901624562,1.7835284094553356,-2.682870695333382,-0.1311116834148408,32.64729936039304,7.320532515088503,4.05753783988426,0.5273716643384487,7.035071700890884,11.776006577014016,-2.2514657382285455,5.40966114538108,1.8181069993482144,4.043514469445387,5.323382523365137,2.6383844945443493,1.3331289570324298,1.844685280899995,11.764122027245053,5.93733349412952,1.4083553265961937,4.0735380161644485,10.148792518734389,13.806833290653984,7.850829043175759,8.020241807487503,12.790402595544377,10.172365163373419
15,0,1,13.481112382670004,5.528064347212995,3.174858709967625,13.855047302002571,19.630905517672247,15.767970836357907,8.406628653452522,-3.241464604918914,14.253933073680221,17.04825054981359,13.471412302153864,3.4230974719621114,12.2332992049661,29.999589031244213,19.078657384689258,12.786005425107922,10.562579069310006,14.693723724205935,14.364292224187686,9.281980799533791,4.261534785352101,7.865992832474598,10.250310415691672,13.321057431751909,0.923427683091155,-2.8683330695849047,-0.12140709785290246,10.278076201450173,2.523929985501326,-1.8101995480303616,22.793368588815014,9.965455642651493,13.720885933342785,13.03790901149283,5.8201825696415606,24.48268531161793,27.310359143992745,15.166113566879812,0.42565554920470455,4.715088975593088,14.044441469558866,17.739805460793942,4.959383801034675,0.569536949303455,3.2891552016116337,15.676825796731006,30.97668276113324,11.613336381025425,-1.875424561148975,11.230444862152355,15.229187452711354,32.49792427161322,1.7430291991090265,2.6112042336338552,-2.671781684544573,10.220851626110873,8.726618870547634,10.927411666730558,4.204642204953948,3.471425260667032,6.2160473006504935,-2.6287851947496037
15,1,6,-9.801682727331887,-6.26839852562492,-7.4344415405442925,-3.656132054191491,-0.4376993007367368,-10.658185844678753,-5.871916407952085,-11.685194080740935,-5.867886303026776,-11.64857138035728,-11.341992604749276,-11.140913156389328,-11.52579646954802,-31.781046799043335,-12.200640118294741,-13.052276550542288,-11.108440168383648,-15.56929493023129,-3.63841166900096,-11.123113058564229,-17.879006134391553,-17.549216208661466,-15.305964928665546,-36.262071999834816,-12.899511725602041,-6.2022972223689665,-9.491060649748986,-13.212550475012234,-10.706141872555808,-12.283180617999916,-49.1809837658231,-7.872824648426415,-4.2414042737403115,-35.4767826509594,-3.8117186604408433,-17.607117933743616,-3.019431466020918,-9.94911621759146,-7.570667768476484,-3.7603035584183004,-12.953263923919783,-11.998126611499702,-3.330684266541514,-7.810813148808387,-11.295915453978697,-15.805430154883998,-18.238772698678076,-11.338785782958968,-5.758589274022821,-12.004938712707023,-16.346968905137086,-17.143372495817694,-13.375161520228161,-14.752229660999307,-9.590000195031218,-20.591208295646773,-3.7395953531717776,-2.004779064129165,-12.15823469313271,-7.38132668203651,-15.999272632571614,-8.745321979281272
15,2,5,-22.80002119264952,-10.863740081626286,-9.941188841081434,-12.078542499644005,-4.979633932626559,-14.151208859027875,-14.54043429020066,-3.3499981573691997,-13.678513634694369,-12.542042292580687,-11.556788951289144,-12.202326553805568,-15.58274615910358,-5.663626618115465,-15.19587117147336,-10.753493656126066,-6.688005680973618,-9.70214558507475,-4.24693482700684,-11.742684151204983,-15.257358190081106,-5.254430023794309,-10.506881575861085,-6.265736218893948,-9.268456425858522,-8.40733905332575,-5.236118697064428,-16.580481631931196,-0.8958079876696197,-9.065942921984522,-16.14397062732633,-7.597331387242839,-10.389126050092917,-26.848698396462854,-14.807037493759184,-24.96817472740645,-16.6344330230864,-13.030579181342599,-7.302358213039801,-12.26015530672015,-15.539338093205568,-13.650688051177955,-11.52563711411955,-19.433192300973698,-19.12081736071809,-18.491081437138586,-31.981913701244956,-12.053293044974167,-18.635274783571855,-13.385499021940632,-22.317074654135475,-5.913498657835051,-4.2294667132607655,-6.952490934483115,-27.380291344189082,-4.698185052526775,-2.899040077743407,-7.458230261947876,-11.16605640688865,-23.279614939377087,-6.555796229286214,-6.756981894078593
15,3,2,-1.8064417770109729,0.15670873753999096,-2.611947849517821,15.950705769403674,8.322182718562193,3.4352806344083158,-0.1398380088915186,-6.414603852462477,5.844210390387698,2.5265791460689973,-1.1947514752789226,-1.3090545671832983,1.9157320196490468,13.308549005356499,-4.353111380847489,-5.092018193684566,-2.2777891815980795,1.8101066226684828,-2.626501344962093,-4.175090416617091,1.39238508189063,-0.5338504117027654,-4.591716450093906,1.7950219429089544,4.191363505848754,1.8389014650772255,11.548350411501321,-21.11023295997847,0.17956791977148234,-0.27097189712065606,-15.100496920052821,0.6817353823017783,9.400161339015492,10.430894039559922,-7.145005635099439,3.4926512503723908,1.7008361298500034,3.376621943694062,-3.323467341021682,-7.230553673989163,1.107941956537571,-0.10344113954683642,-3.2729882637618055,-12.612904085814607,2.121777746917272,5.845671082415233,-2.483476314057663,-3.1995637370330283,-4.160756093120523,-0.41889665094942585,1.2089264600923872,7.212335357624225,-6.507548098264985,9.700837619744652,1.8805766617765718,5.403317538249061,-3.0027002848701843,2.4806480090781236,-3.712885281479941,-3.891377623537243,-0.9315144519560127,1.0972127232348488
15,4,5,-5.42265133802756,12.04334063807973,1.8924611083390883,1.3142000696474192,-8.36449526679679,2.918871846231743,-8.244721375840216,6.5497743828029025,-12.750126268828241,-6.583415968883098,1.8950969465531242,7.247650073659488,-5.152044606735793,-8.828293946094625,-4.763742056340208,6.9895784030782036,6.42228555337457,-6.399300039655005,0.8310610189034431,1.3477088874773826,1.6651297272296564,0.18184526901828343,-8.45323016171957,22.97733843065343,4.724357470279422,-1.034915729266842,7.712583939686824,11.453135386339342,7.052320221291354,4.135500036424207,4.838481281441065,-4.167222835884499,-8.180678199999393,1.1690306235360346,28.591707496926563,-20.715364053436538,-8.516177970353832,2.001817856074832,3.7881423735355084,11.163500290545754,7.232113936140843,-2.093487443388213,11.688188426151154,6.354378260819742,5.422956725855067,-9.751502537069184,-18.948599248272707,0.9113175084519121,8.756416334543472,0.05590999657401663,-7.933754073274203,2.76116728240329,2.0887403063612378,1.829785647143313,23.920485061752363,7.664110017054504,17.39060864978039,8.336457328325732,7.428147468091235,19.31464005298005,2.684894426669018,1.8373810419949086
15,5,1,-19.573488445634517,-20.192840374097603,-7.041796858879595,3.752303088333731,7.447467855382257,-0.12881005970795217,-6.231490511901492,-2.6846154899359096,8.65172031976101,5.216745100824569,-5.950778624241624,-4.576286605547931,3.6908093272231346,7.631543978036488,-1.946658190160213,-18.260085132535224,-2.7524763107095382,4.6276221292138775,9.687293390266408,-6.740018508005205,-7.815507135745825,1.2341957252200053,2.2179221879185462,-4.050343642147576,-8.458880391562495,-6.475592835515982,-0.7034726213286182,-10.754150944625637,-9.235080355664762,-9.160553693027445,-14.913765119408584,3.2670129291903462,6.48090438450482,-1.7563676391586256,26.295713319499967,18.390893418455452,6.777915821206279,-0.9139998531005934,-7.2299029544313935,-8.758374822394154,22.160538611502,1.7702041222918317,-13.977284393954747,-14.304750576092886,4.873862326990603,5.992659696389173,7.636676202596329,-6.101179951552031,1.5727165893810566,-1.1612360635999506,5.703615435580842,9.522743606826337,-17.870308623785476,-1.790195213403643,9.266862938657589,6.552675726119334,-10.279968342130509,-8.275063247510754,-4.053344582446012,0.9152480734557638,-3.6916658799994506,-7.406974537809173
15,6,6,13.132599381105303,16.355029117543157,12.664744218152649,21.19174429744188,17.269686105706523,7.062949837980477,7.4914536714289826,15.723307971151199,17.022250751430942,10.540270921297184,6.554123144278804,12.972166119506818,9.595643692763476,25.81374272495145,3.1653311997297098,0.6256328310431323,0.6894104572384968,6.372410703654879,19.619804471293936,2.4611747416145184,8.286960907301738,-1.3255400491832958,-5.002094700887074,-17.850994690926182,-1.3465403333638535,5.217754293142293,-2.0115710894304613,2.045398632270319,-1.970234563085818,-3.822852859117388,16.222062740974664,12.31995595198851,11.408273279414193,2.8947709659000918,20.127137349350612,23.190222621872646,12.576055735520017,7.162095290688202,11.031270822896278,16.256049629846004,23.438056344847848,8.766700694121692,7.88423108155044,-3.84542667621281,14.089502789161072,12.529527164021765,29.737553770222327,5.25159509642981,9.13209080663169,4.652831685947957,7.21941280759595,13.875954613279811,-10.38058781049146,3.160252133009548,-9.361898819745589,-9.95581529632483,-12.570405624633677,4.420832756503555,0.9529794389609165,-3.994772293218752,-3.9255969242459714,-2.3543210181339482
15,7,4,5.165369797713783,18.11014194659344,6.990315305181243,5.126197558237101,16.15286740726826,23.53486476384285,14.403351556873185,6.292499461540634,5.156041481103411,15.658501244547612,18.900344398008983,-1.3634906412988173,7.284544855004129,0.33235271946844985,7.23996162105624,11.878439064029745,4.5906940015862,0.2608602129876978,1.0820219056998808,10.598471376346424,6.275509444247117,0.7367025620258616,5.820521091417653,0.07835091645942846,11.118206637593481,0.5079304344906674,6.978762778271803,4.213744701760845,4.593329719290498,5.242658473823856,14.07174907313523,11.599885005776471,11.192354869097471,-4.6576518162903255,-2.346957967332683,19.599992707644297,16.006642312084026,23.674490333148615,2.272444545955784,4.6518424495305055,-8.162692157210918,18.640281001719206,17.282168200648414,10.579927714697721,7.691762942267104,1.5177028846824774,1.2937973727012138,13.178729639933788,-3.500957160393095,4.770241962129634,-1.5454221323087083,-0.5937306569980052,5.437238015927282,0.36404897594006574,-9.452539105195457,4.118569626677328,9.97876091242381,1.2090194204299745,4.244259328337206,-0.15589194684062213,7.388736231718212,8.720079098227606
15,8,3,17.572301268219807,28.224385473695484,9.850548372104221,10.792413526038617,1.2678507365763363,9.805188344950542,8.766547966180603,13.650674697216136,10.0447428082847,16.3276284437445,11.208289314629274,9.218721049460123,15.298342998167959,13.39877092974579,9.920095538686416,9.579762468937925,12.939015807402201,20.99370568254734,20.60678410166646,15.845279482647587,13.497624352551629,16.024502153803663,22.051288050644832,30.132369481208826,10.34765001041133,5.676341001214122,5.9913848626027,14.439894513567769,13.738480155934043,9.312780761676722,10.512876897891301,11.589760030597082,10.282464756505425,16.30066609646126,9.826839299923622,1.5703994268324308,13.845373764543279,9.942895137682195,9.530850270412374,8.928143134113496,13.873444935011607,15.381978898987784,13.683645767974667,11.643312902797428,11.520850111412381,22.362779900658783,10.888604577040159,11.66354307933233,10.038110136315687,17.394711832152442,21.353067271774872,18.695799183554758,16.478766710474716,13.97365266955798,23.39563755254919,31.51721883183574,17.711747545203785,8.91721472859655,14.449355716567212,25.25449683099259,16.472140508454018,11.451701242681132
15,9,3,28.060413396758268,29.63000937078786,6.392693919585391,4.953554593390083,-6.843333338228303,8.59564437989639,6.097329040069319,10.810791263311382,4.166074216093232,2.660176071767104,5.068833580172459,5.666202691906109,0.85236000337797,4.018488111178868,0.9310894613722106,7.645088186351266,3.5675431874626096,4.228265001347696,2.607917800335578,2.9929205157805403,6.703003973438882,-1.7481481592829626,-2.3198761251618807,-8.684319517214595,1.724365987252761,0.7650127602150527,0.06763507154338574,3.6848804593631423,2.4264907978202515,7.3833982119373625,14.766046047892136,5.852217468657394,10.93647431807944,23.537069081351536,11.438137053432532,6.122877316895825,4.8039566313353825,8.707949028049432,9.746828405831787,2.290078653271805,4.454434567250359,1.8755042187233517,1.4646544066944913,16.038292101607098,0.8466900634556644,-1.6873648976793576,4.661516038428358,5.199183995851808,-0.8535020700315145,2.037604039353205,-2.4004047943233733,6.728147193903056,10.970507575153583,0.7972136366503351,3.1434412941041354,-16.535387151851875,-8.35545252227769,-3.2983838288317893,1.7110606881721715,9.190955286754704,-4.93993715669891,-0.10806211154544426
15,10,6,10.083436977493061,-5.014776011724479,0.8042446851940459,6.3765337393085355,0.9405705339116295,-1.9582570941391872,6.31444250428254,-5.4592474542512806,0.213574722500109,-2.8480033865879943,-4.000940243514801,-1.0925120874648766,-4.4805072770772,6.9920349542119675,-3.7472106880826375,1.5349917479041149,-10.868646608165855,-3.569315900009627,-10.563515236010634,-4.466053448026861,-8.3798587344496,-10.218653997338214,-9.31522403771012,-25.0612518970809,-6.506120559742406,-3.2515232978791877,1.2418909102860025,-6.51708880183287,-7.094035260685964,-4.690875179157022,-12.975698249732583,1.6396146547617156,-3.255885359995843,-14.43156219941632,0.38785105513227014,-0.7901095311588988,0.39909148604677114,-1.616987756839613,1.0770756111270177,-3.740717404431139,5.391512778479035,-3.1292596482167827,5.147662649552264,4.5826868585980955,-1.2367852163194413,2.3235012049809454,-12.435341251514313,-4.870522743326659,0.8275952984439775,-9.943094303729248,-8.473081879442699,-2.567085689659195,-10.360537015026576,-12.668986724391461,-15.248853285751519,-10.239767147336012,-7.141911604924405,-9.321982877601572,-10.799922641681897,-1.2991022286033715,-8.185339049049997,-8.295704943922964
15,11,2,-9.099989461008366,-11.936871917674132,1.5386300975820288,1.848236367603334,11.46207853815542,2.2868453088548693,6.7733146995987505,2.608150115009492,2.4198381847861006,5.237313819958303,1.7969672759886988,2.657626585455659,1.771857256115211,0.7421866841046376,4.199529851809503,-0.19488485457756072,3.314822874758846,3.1200508902349102,-0.48250827393153994,-1.1524321936843243,1.9789984613066436,6.503537903199116,-1.5761490536217633,-8.096643890526783,-3.581678341597138,-1.9054809170874498,-0.6447209492325783,-3.2526785847617368,-4.233085195462947,-6.757247454486787,-7.791366502707942,6.365226977254928,2.3034303949964112,-3.3810968308442666,-4.0245496999506445,9.822357701478383,9.6592619823769,2.4281772290492754,-2.3421178968643144,1.7272673556353981,3.7238269125270445,3.1226534082940423,-1.987676098125009,-8.400918768718839,3.2627438582329513,1.7306003387245126,6.016899930449513,-0.20321730743503202,-3.6983251500613528,0.0676151977897399,-2.385851283285133,5.948913023012071,-2.3437710762614525,-0.4249650411884217,-7.18313534775885,3.787498304120647,0.7781453545364337,-6.0138988829013424,0.7737834082125632,-11.96550752018101,-3.538794817141735,-5.902802727662209
15,12,3,-0.4534810205194646,1.906051908006392,5.556786162506151,-0.2674463663943025,1.2915532478875273,11.240164886842043,7.0422682239128855,0.19809168881861622,9.06998634065797,10.243060100142186,9.265654615785293,2.571959017193876,6.626027369553724,8.129083765545719,10.436570880071423,4.871399193491062,0.5017956561783734,6.089288843852445,6.240148185752332,6.413787110277068,0.17812716316931376,0.9668822432073159,1.786350932631005,15.217449084759082,8.276098974889553,4.2040048169097055,-0.4589054143942164,2.8786904299858866,1.3682510445757607,0.9983129652398756,0.696036557989939,8.166430111872264,-3.0377295165004723,3.763835634854509,-4.235123424079531,4.531723215014719,13.14085879971886,12.207286102674534,2.8844600396185394,6.185386768167432,-1.2780620878130762,11.822057632502263,-3.2706778422679483,-11.177728411258856,0.6168622667603075,9.166243626826962,4.016589160679228,9.599394979046247,0.56836841729038,5.560497528487223,6.181190620600982,15.266161976836433,4.648157587524776,-8.760081210297185,13.031243032071645,13.509276448408285,8.733178581633583,1.8073778369850118,6.385828838138503,0.32648344750221014,3.3017831871672185,3.364498508174153
15,13,3,0.2500845086164536,-16.10210965008179,1.4646345279406672,-4.695741808746104,-8.119635962699423,-0.2253794433554731,2.230716209598852,-2.58950679510741,-2.5981446488891033,-1.3294970989056931,-0.07230919323543616,4.926851031926986,2.2461394029101593,-2.7628868783301694,-2.4883031628276338,-2.3617703861545603,1.953171332094183,1.0590895978285266,-3.5429178409976885,-1.137911977013573,-7.638196609437281,0.22962864337875183,1.2598569647738396,-4.507204114658212,-2.1274145235557387,1.6811438065061988,0.7431294182088313,-2.6699757800414803,9.493935448884194,-1.5783533801483671,0.9682964293297552,0.12224376856394774,-3.419571943842328,-16.609309615419676,-0.2688539286751715,-8.51015602207811,-0.17937536664852338,0.10079862318773972,3.910751262130275,2.6916001431598557,10.506662487858767,1.7769496797288715,-8.294483352986326,-2.4829253304420336,4.034442363147874,-1.9843298653481385,3.7933940596554834,-1.0396628697891153,3.4306265076341287,0.42707634468210737,2.5362127703591826,0.045944305443455846,-1.5974547765444875,4.027185551816504,-4.5653051018555875,-0.3075679743083235,0.6662390932111393,-5.686724916844421,-0.5621938101362395,-5.227746476873574,-1.2392417982805566,3.031627946192534
15,14,2,14.65129152808066,9.835251326377433,9.057829626483796,22.26170901654335,13.11467981020489,14.020612800811863,10.0119576508679,9.355704193707648,15.362021027541742,18.154711921494922,12.729969163606993,7.6880249347446945,14.899311211154656,15.400628858961442,4.682463057975216,6.803762805244957,8.395872868045956,15.365951576610886,10.354070286584522,11.047271749436314,1.8998174882584777,15.41696176150951,15.184126102660853,13.850200603897802,5.191462416860568,1.5231869845685178,12.238896118207245,8.772510143723792,-0.29110904661484227,2.1706964301354277,9.723842948743304,16.95151513765235,12.36254741378673,11.163228065638638,10.420510238455329,25.223736917293394,18.506345380188474,13.61718594155661,8.299655390255968,7.072663223870646,10.68615734804331,17.09227610252253,6.568855870929665,4.401200223350671,7.194641367668602,14.718448663175826,16.11826312687339,11.697768948881373,18.712344460757212,13.535541721097216,15.58852242510312,10.721146842782822,9.032918758911121,15.412758900454593,3.9635142276813156,12.188463590312288,11.393965460768925,6.066137300826968,12.076006211107597,9.687618740561712,8.793072164348303,6.651416187969652
15,15,5,12.445592390701295,-6.417697727078257,2.886099948428524,23.316350335209822,9.179017716666637,14.906521534683508,3.6035351264404083,7.275535212511698,16.002824723902275,22.550952534850044,20.102644790236543,13.305123025437863,20.453415214651958,22.507776750297086,23.744575348205675,19.521482342127243,20.280685663223267,19.039312676685615,17.992432803279026,22.055949102087723,11.225120070896532,32.34758926092126,20.34923033481861,27.997698251067156,12.328082508498388,7.797089602088366,11.819315610578427,8.612946530951683,9.75847387618226,4.778507974759747,7.547941312869652,10.12268879165782,11.333992144865233,-7.095024567188289,14.486575814963484,12.757495899480304,15.660917950294378,13.896775643273092,7.97922029950451,10.900409329693954,54.08700071893083,23.10120875733654,-0.16567837958303533,-1.6406437667859004,23.923811223267073,23.214177346447624,19.590684329591152,20.562838292339958,15.930761161055884,18.00510060351069,18.472935997313126,37.375810095449786,9.177271563775568,18.632021502796093,18.65417708669399,19.41651418768777,23.289454309678643,-14.682795301306898,11.335532500106906,8.156026283142776,13.752648572494254,14.492750468402633
15,16,6,-15.799062954034751,-14.407036390439488,-11.076870035408529,-11.877642304840965,-16.482139558554067,-11.208475208341538,-8.399312150471548,-11.395426124879505,-6.197662813043817,-13.60082648556521,-10.299076472471539,-3.726077670958347,-5.570556148602744,12.863758744989948,-7.886607970315509,-3.307154397298465,-6.146971467337232,-1.5929864328354597,0.14166381848385518,-1.2409945473461061,-0.32293808330191226,0.1516296013667271,-3.8763594168987936,-9.916331107296594,-2.3339382207429997,5.443877333666558,5.572727250579816,6.373081230547093,2.79411174444888,6.527134203704121,-1.7939331534364034,-13.92622781519936,-15.042362759571244,-17.403794324593385,-22.813432763989365,-10.899798489902633,-13.588457396121902,-10.394815890913508,-2.8623111874444342,-9.219079519565241,-20.745778886510482,-13.31805638462396,-0.08578044855285695,1.3488375767511787,-4.527361180996751,-7.926178573916108,-1.5387562093518032,-4.396977607001795,-8.600882797720608,-6.923715969729355,-2.6174385915623914,-0.7548213157711956,-7.0479913375442615,-9.17204638623076,-18.019229236308767,-9.497527380996361,-8.912600387614676,0.9138006482091616,-4.629965778167657,-16.816397742356916,2.9870513281387456,-3.299479347994415
15,17,3,16.598553960552298,22.156236262583164,15.962995264588344,8.450149560120051,21.692012754212143,14.599172680468369,4.870097848864999,5.731002784879284,16.755116525764876,18.487077900458413,15.609562541744323,12.831777020425701,18.649649088884285,-2.4915564249201485,7.6712140919776965,7.509366660492447,17.127902787269605,8.192536034462295,1.879394918680191,10.01039073631599,9.918435763420035,10.824826843121576,6.035191341178358,9.787793228550381,9.498589727396526,6.964368818266025,11.431776654429546,3.263062466571968,1.1328262905831579,9.65084329647262,23.355967389803,17.899979961854292,22.97881895267381,25.287308509756862,9.263178149153044,26.86225594789153,24.960267447116884,15.894291195700433,10.627425693952267,10.796994651440626,15.223543921144822,18.449080869271533,8.725310916137857,12.05242988485531,17.440642909305843,15.302306758557865,4.465515635725926,14.33077022487798,16.856917655038668,15.781661194544753,8.816741498959495,-3.7066907026782294,-3.684847305557213,22.048107840120792,4.889059888744136,15.198865475769084,10.781989762826434,6.335801326612965,10.209697529900724,4.913346662924328,9.168029581548694,8.72804632879476
15,18,2,17.625376303702964,13.356830308327405,5.15538420996106,-1.9743775174294314,-12.051653087354921,0.8495848402182198,-1.1735786247271578,7.872910990473454,-3.5799986125259684,-1.439219060013208,-3.9814869013711536,3.0417463370916846,19.40966235595279,-8.938998576720735,1.4977184468000078,-4.485984758316346,4.454826283643429,-2.3692064617991884,1.23577605361664,-3.0522032740934772,-3.337768570951571,1.5761557595872493,-3.2029763566295997,9.318450807707338,-7.450203364669553,-6.355540040312565,-7.38939347973934,-0.6867746159934054,-9.820956807458636,-6.9615072830716525,30.407026268723513,6.62981173007681,1.4523649833324122,2.218546285884591,29.865474101655753,-13.778462258099411,-2.805577840088162,-0.9736876194649255,5.159195118924465,7.262947010120562,5.191283164386886,-2.640809077178923,-5.654198758951507,0.12939433626285402,-2.959066408430796,-1.1299779448067617,-3.7348814691507783,-5.211453535185172,7.500542932030989,-0.5784934484059135,-7.244536124067611,-4.038499036614311,-7.243752687215446,-6.819252320996869,-1.216083681812827,-5.901401733934153,-17.135352298623044,-0.2645317089017034,-3.40378353896937,5.942180679242197,-5.2393454041349035,-6.673518649711297
15,19,4,-20.963290726947704,-47.73407653882736,-15.237267560535672,-12.247261671167681,-25.750024942226897,-23.107038245525022,-38.67155940012959,-4.269462153610843,-16.30350771843933,-19.2149899965138,-23.56925005193163,-12.0590028346448,-4.2224422980500265,-27.601693785329157,-26.003243231373595,-25.261873184953167,-19.358559340907263,-19.647185178519024,-20.37598696518149,-14.837970313712631,-13.209476470561109,-1.4011224913751557,-25.262411032916933,-27.071999737220576,-18.185989888180515,-13.033427556315093,-13.06522328369092,-19.822065894946267,-5.977787512025182,-16.892982575843646,-7.855821307669058,-25.96199956740089,-32.95815761943869,-35.95251196413869,48.17354851961136,-20.478671187569006,-27.334652544112828,-23.34905586632468,-16.244430703287037,-15.513604029665958,-2.765774988569319,-21.64142765192223,-26.143313648678912,-31.30150646489205,-16.000009606779766,-17.5849029120603,-17.65041329736095,-23.081529777497053,-17.543274037716003,-15.285409545957503,-35.05374964853613,-11.444105827473896,-0.06819937960812568,7.611977809392728,-7.041119536975538,-29.127576443752876,17.62712894589072,-15.648402779737907,-13.945608079757124,-26.584239720900687,-10.866136927946991,-19.111455910859025
15,20,1,-7.748801565206633,-0.9382999103584476,-3.3561794975908747,0.8559320573581434,-5.560955658736756,5.689174856434051,-1.6334267886250455,2.7756277427542955,-4.648562561186801,3.1901225692723183,5.878210460971586,-3.886238734010702,2.1514224375586783,13.520118493223327,11.915765483886371,2.411519051506754,-1.6448331915251009,6.533580967509069,15.048802889608105,7.935739227161719,-13.825475542056493,9.749756427126842,7.853597121699378,11.55985633529178,1.9488690534333983,-4.297566511500743,8.214930609771526,6.951016981279618,1.1272027104178717,-1.9081233666312494,7.443590568651153,0.1355822084176293,10.546120094146767,2.6669482168196343,6.620602985548717,-1.8539396053316386,4.873563597370622,5.397189445248465,-8.940452459316536,-5.305659400347456,4.353111301418167,6.836189391239116,-1.5221313801480507,1.8452686157259277,-0.5017691523790717,7.124470080646523,17.286364219764735,4.733738867611419,-6.217501367067512,3.1753831939749078,7.143458649692149,18.07244377669867,8.366387515078962,-0.8200994681697573,11.103387594790894,13.359532508187042,11.923779216640416,3.698119397757849,0.35620790949409326,6.5206143262103335,5.723108555099402,0.7236164094505425
15,21,6,131.54221831007692,44.803552615933306,50.76049907105723,38.201101454292846,37.223649396402074,48.520222013316484,55.38853286533821,41.6724802439169,40.761926362790724,46.88950431855712,44.68100320784058,56.14233170413393,46.507801187837984,37.886289967178556,42.425017886045474,29.084606428517073,47.240613068749305,46.51264798532173,43.06138633791263,36.52497033629473,50.59833942626307,43.24922046283397,-0.9580652053672344,34.38593715574686,45.30656959516248,48.176496254961656,21.615932579481647,34.36560066423672,25.055840869615885,54.328460643931116,142.3525384431932,43.37842200660126,34.23623276665444,117.19600529205502,-26.051816640739748,42.493615556599174,44.0990507003011,49.17907817698104,64.05040451230072,38.985892709798925,15.195725155721721,51.68364110443647,39.60491275714663,120.32057692074201,39.983807480735024,49.34477001901081,44.99452671481344,49.19150050529622,-3.7042408130790396,45.331858946782795,47.211771723337286,0.6729913787780015,-32.302634196037936,13.051181015947535,20.37493794926489,42.06766783727743,-11.469375273429998,31.931016503310758,33.304658663936145,62.16261762925768,56.0821791273065,46.147928292794916
15,22,2,2.8303958359287984,-11.09748522404627,-7.435517122378433,-5.841521454986367,-10.006513412042358,-14.55064558973764,-20.47944796338561,-11.252779644754973,-14.837339512345078,-21.832222723873425,-17.891926382702383,-16.24407220116204,-20.39939740609104,-147.23264147159531,-23.83886070279744,-21.07143259661772,-18.142641600039678,-25.74758825149024,-24.486350427620206,-25.052182520410373,-27.027164250521412,-24.59289860739033,-26.446519518361935,-12.543622511166447,-23.071152381746597,-23.1199317785298,-17.60136837034952,-20.669492720420443,-23.378268984600712,-25.841269515761415,12.594194448411049,-9.24357886611421,-7.553631192856899,-13.3493211622827,4.867661200395626,-7.311640074862763,-12.944672428355434,-14.378261394889607,-9.68056101274745,-3.9236382639671623,-13.46681117364091,-18.999768639547707,-21.413306231837627,-30.820843848990418,-22.89272662842781,-27.886376086895073,-12.635258802615967,-22.323899959546235,-25.266593818938958,-26.234870239319974,-20.108122356545476,-15.662889880786953,-21.408260297359572,-26.523549194725973,-5.384979611513967,-23.239865159434167,-20.186798610383786,-25.980788941154398,-26.566877785797516,-18.244130708325493,-18.562222059032443,-21.353113719159975
15,23,6,-11.301339854510433,-0.9825179639397282,-4.660486863312742,-10.208170574533234,-9.241673253499334,-6.011820870905925,-5.065892366908222,-6.362491506259751,-6.798743440328082,-0.24290070460155277,-0.6114113373091327,-3.3089271664914723,3.280464215187082,-3.5148466602762882,-1.4321548557306456,3.194796669842086,-0.6308314654147011,3.7103888807909153,-2.9144898713452814,7.126993039963629,-1.6142456523347182,-2.937130016501901,3.1712535413709007,23.882481227856037,3.907026598860353,-0.5800602923647119,11.087194203217397,8.121767184856093,4.589020864674593,-0.37085429154245647,16.977800369035545,-9.30187892666081,-10.22761054287052,-6.569499865469594,-11.988911232116022,-6.352034532306027,-6.2029744179510535,-5.827565541456836,-2.536876674582501,-2.456859195553812,-3.824599008337117,-0.12959351063501723,-10.679332142417532,-4.111087085554243,4.381421564646612,0.5802063677096506,2.659266506208154,1.4766451385122048,8.774661206049705,3.5537001265315102,3.2240628716990187,2.9871044639134543,1.2883929322450998,9.312847132340261,-5.86258812680296,13.437531587372463,2.900746415531059,5.22559536548286,2.5361994285727048,-2.5073713487604765,8.923037435405144,3.9990414058471626
15,24,5,10.218580929517024,21.64092313078027,-4.143599990724085,-4.0513794179892235,-12.021935380274064,-10.209704102902885,-10.87855913453712,-7.20372403699269,-14.36063397089701,-5.5356929866915054,-8.869975783476015,-2.968175661958833,-8.157393944790451,-16.862687193180946,-9.978893799752717,-9.764661684104171,-9.951997700067832,-7.600963204996891,-3.499894854499075,-6.8710194563992895,-2.9443138335411247,-2.558129226507778,-2.065754851553499,0.9279358460420253,-7.024992663018616,-2.6577195393762025,-10.438077985030809,-0.3834425694331891,-10.28971498628806,1.4296517820074794,26.29722708629775,-7.995559766394564,-7.092063424063894,51.47476721962728,6.087648866505068,-15.808099117913704,-15.261574171097365,-10.506337163288418,-1.0723749330812484,-20.272213768600146,-4.662970002192622,-6.698602068669546,-21.96982982682017,-14.955500099717128,-8.73507739791062,-7.724481658953265,-10.323754979797252,-8.635042334202582,-0.7463030810240747,-8.144161766258682,-12.213666629290397,-16.940573484568695,-19.53269626019614,-7.282134784095945,-17.271186700681366,5.102063530654985,-9.785303471962036,8.226343625020691,-1.5180746123717148,-4.88055488722762,2.160803831432289,-1.307427963003426
15,25,2,-3.6908293198794127,-13.055324042102368,-4.992487689583115,6.59679422484393,5.292261036044757,-4.054094843089401,-7.580002681715641,-10.937702487983811,0.832163074235547,-1.3516792931548522,-5.200153364720414,-7.706449221399401,-4.050463160443143,3.6969308662569027,1.585132149763679,-9.218216485934471,-1.6026799430099605,1.8186647034272903,-2.6933396201944215,-6.7938502436552035,-2.8334233529025283,-7.949562360742702,-3.437644234222428,-8.90671796001857,-8.15914010683858,-7.717510370952906,-10.230432224322236,-5.115753857833451,-7.493604795030526,-4.879758116164491,-12.550527397634045,-6.957789106941902,5.371807163524465,1.387764072323946,5.806890624961478,-3.4341585800142553,-3.6574931975578986,-4.601668837182106,-8.73486493823187,-6.103994944152739,-9.047412477933417,-3.5474525309372216,-7.823514211051189,-10.85741281462123,-6.796472746762447,1.321510101305094,4.03067789003026,-6.64885341125063,-11.98109666376216,-6.22570755016967,-6.128514049711025,4.848699231580949,-9.08813161632364,-8.016931780568534,4.982263090793136,-19.457093963530152,-10.149664531558432,-9.84638552120093,-7.18158180859485,-1.2712766563678852,-8.490065381277306,-10.605429543920497
15,26,6,-13.521738544004274,-13.110165102759424,-2.854629429767089,-6.348349675763306,-6.768813239058434,-3.1590571038811115,2.873193072291407,-4.077730925503846,-8.776208221724978,-6.575926776583559,-1.668216982987005,-1.5394998731364204,-0.984881625976413,-12.157006392654354,-8.52655525871257,1.6513796100256675,2.125967171247595,-4.515509996773313,-4.579519995931174,-1.733289250161317,-2.406413423669775,-1.231493611274878,3.006019954092621,5.611474475130534,-1.4492710566136808,-6.233635009345936,-0.1383043663979433,-3.743286881726462,-6.102587441161346,-8.291814291134207,-7.0890159180455985,-6.963983655952642,-11.278307937278708,-0.1880065762869491,-26.474199109142884,-2.957207429813355,-2.830163452762931,-2.9993806037506663,-6.754771012210192,-3.7215628849864926,-10.616696453346615,-4.3199943433538435,-5.5004247507448145,-3.1171627147463945,-0.6004431158951599,-5.385404545138018,-19.954321605691458,-0.9456628799188627,-3.895447605608951,-0.22154193538490913,-1.839864194926966,-0.32305765094053973,-10.050997024481525,4.517050293410512,-9.80089267729157,-2.4889471130246843,-4.266434628814575,-7.444905136427959,3.3207053147801555,-9.236282180529088,-0.6459625101159893,1.344575094808711
15,27,5,-34.58915426491239,-13.733586894416414,-22.644149031580934,-24.869148844671336,-27.218908649392237,-12.77688946593099,-5.011409857316035,-12.725839571164153,-22.10688609679843,-13.051904729590188,-9.107246315720058,-10.068458585125372,-11.869296636886709,-12.220392283597372,-3.4410834433113386,-2.604259446251956,-10.236254992520026,-7.130412326353348,-2.0229708568034,-8.426115112901643,-2.0706679402870436,-10.7252433069232,-10.416778923807348,2.2544518897321244,-1.2755059262470725,-0.6777252145395497,1.875291746476007,-2.3253203830795295,-3.0581388928027398,-0.4635595980032189,-33.90270496650441,-23.472149493490758,-25.229008448560073,-15.436886315506582,-31.30556948446645,-27.41708686039215,-19.17247157071422,-12.69753587700245,-24.66427833605102,-20.086106180781265,-6.759770446434257,-12.840760030397558,-22.089564033034364,-10.072203183966899,-15.0644783260437,-7.5357182148571376,4.205093676147688,-7.784441627420079,-5.626393149124898,-10.22221268877024,-13.152710111402882,-15.6914656352161,-0.7007770220544639,-13.276846074022163,-4.893893268186506,-4.98397600478152,-9.762756281941222,14.232082831696045,-6.750774142582238,-6.6313454187815895,-4.543030086994206,-0.6114910228700356
15,28,3,-14.707825759759386,-27.417099957692248,-5.862780622239994,-26.1428489746049,-27.244602964611772,-19.971882777981367,-21.115863136316804,-4.3368715068279995,-20.133119448610564,-24.77425253085745,-19.60401617949147,-8.979651230972307,-17.48771597745987,-24.13822917844645,-18.915276273364547,-7.786699015874322,-15.359371966626286,-17.109498593138486,-26.780538834779094,-19.032009449446715,-14.765169730001105,-10.505215121785225,-22.04531269935641,-24.659019947052002,-12.955328754275737,-12.670487196954177,-6.4220863641864385,-7.169425155922046,-5.563053715695123,-13.041301762057682,-8.321379348578885,-15.822871743019947,-27.595439581734276,-15.952020341893894,-14.697840040992576,-20.934203762651933,-25.654816588523193,-21.646134872898088,-3.249677556896263,-9.293241141386694,-20.597362882794144,-22.64862425407258,-4.929022078760104,-22.628958105122404,-18.910203823819757,-20.607946087765256,-18.79436715328838,-20.282989553334872,-11.464375745018135,-15.198048869761198,-16.397793151074787,-27.20260910042449,-9.874682433528417,-7.435145320643378,-9.016791803739602,-22.70063674286371,-14.73615573378417,-8.390906700063727,-13.439403975018998,-17.207767617139147,-18.996090439528718,-16.12857401673114
15,29,1,-43.985464825817395,-52.550468695191,-35.62185899213683,-43.09856653249843,-37.99388716422116,-40.336782064379726,-52.18480628828816,-43.585775881926175,-34.33185933983499,-38.203837023071195,-37.40617854311699,-39.8419644716139,-37.77611010828307,-23.127932083032047,-34.60759178444562,-35.09681235919366,-41.71776733284808,-37.88952353991932,-27.093325165940875,-34.90533370342925,-45.64831703056285,-39.992339179305944,-30.21417959288852,-41.44283179557176,-41.12007295464098,-38.92763928339885,-29.33343633751543,-18.423990625047633,-23.258036799104193,-34.23385607228592,-40.39498256108293,-36.22327150196042,-29.124097340217787,-50.60327247689226,-27.71604340632516,-36.614621587932426,-40.85662970630021,-40.65523866302808,-36.20152763394275,-49.76078512811486,-30.077262845390102,-39.73607343880507,-63.66318460794668,-59.36125545530785,-41.30127408800694,-34.48091947032912,-34.352873145784336,-38.673737058001485,-47.87107280638386,-40.330481503255356,-34.78550651939814,-21.586207848911123,-51.91174326219213,-38.37566327292289,-33.53378269339842,-34.672425140558595,-24.58471262627621,-16.23038866788875,-42.78933895517867,-29.978814448388988,-36.71845457774429,-36.656788199549425
15,30,3,3.1202965007708756,-2.025978502953744,6.895160119458125,14.489470652327313,-4.0960689001693975,-0.9948072528875469,-6.4834738013039255,12.036448926931786,-3.9859087289106574,-2.618587204028013,2.250780310806898,0.6298222510121398,-3.6037608628422495,5.337681011046942,10.418598222648491,-2.2610978892970284,-2.818896411355904,1.3095923975200918,6.8097647793375184,0.5157847097824986,0.01016485950591442,-1.2424486112303859,-1.032034239163849,-0.3075812607109199,-1.5550691579275475,3.3687809138763223,-2.02194848285545,-2.3916474272292563,1.4064207320873874,1.135707709223468,4.051253207368641,6.353335881648334,8.55927392419019,-9.287318836943035,8.204858719166824,12.757847808221943,1.039144978563233,-1.683905817454725,2.6776043810291084,4.603063084866578,7.752871510038922,-1.3228842680933102,-9.454092673383792,0.37544873759445824,-2.9984909823595935,2.6835599455743937,-0.1948450107763456,-1.0851092601376706,7.096923375939497,0.35383104361315487,-4.239844027111623,10.61663001375954,4.11673725116998,-17.50387608034043,12.67753832462449,-0.44630395303048753,-6.50910840256185,7.77506025497825,-6.750873711982335,14.18825648184412,1.2106261792331465,2.308615799856982
15,31,5,-13.016231478708677,-11.79179543749395,-5.796579632090357,-7.166098903807835,-22.36838361416467,-12.503932436837296,-18.20633285324566,5.084914125683836,-20.678515664676624,-18.106503621675074,-3.898588003318122,1.5030564471352377,6.185307185645441,-8.757584815038507,-0.8372887682351402,-0.9956572112661408,3.5689706583620957,-7.071089704154719,2.6545790929017903,-2.2500035436823964,-9.935080735830637,-11.535230955319115,-7.835624376845708,-12.107051845570375,-8.038735469512886,-8.844713034761348,-14.500598179528536,-8.601566648474195,-10.98569172280046,-13.901303623553087,-19.17899799408254,-14.241537274662171,-13.956709149180028,-24.656151848632234,-16.997466071009093,-34.90482906463966,-21.15085915457912,-12.770495774633273,-4.855338582308345,3.117235767758714,5.434442806352933,-14.517747568125579,-8.40187488196463,2.3954982729401535,-0.3454322330085797,-10.564889619603937,-13.081562806647732,-4.140366587373313,-3.0187475931455907,-1.6850211540827666,-8.104206154486395,8.098436496652118,-0.592894187197089,-1.0357257155275612,-6.680403632793304,-14.188787671970204,-12.78844201356945,-4.886775908401099,-10.045692223259078,1.9873971802341535,-6.023220666705503,-9.23127608583877
15,32,4,3.7365944006525664,-10.800002401149492,-14.283225791733248,-9.686516569779691,-4.126125208851765,-12.888171780485337,-10.881666429176159,-16.61657978941845,-4.28961924535631,-10.147818774938948,-12.31080028311373,-17.075916722644028,-10.211881854139808,2.023767597519042,-0.2554889608134808,-23.47199667416649,-15.663640013191754,-8.612528251489719,1.1475125415273388,-15.109486574446223,-8.855096933335384,-4.923146251293762,-3.207125922978041,0.7856279239058495,-10.571402844268734,-11.586340703138314,-7.643886521032719,-1.1906882203070501,-3.1103706823764132,-12.501004412824217,11.748945102833845,-9.769979828874945,-5.579220523285433,-16.56231636799327,-11.038939427732052,7.631132329700562,-6.2215313551984375,-12.114202441000263,-15.360049052073109,-22.15093140869696,6.848638226777863,-12.665208990106406,-26.47514848944321,-24.498314546557474,-14.545712597441023,-2.582230063257512,-0.2681036134159598,-15.530779989231846,-8.94780896873237,-12.608588534623108,-4.705461807162841,-3.5433560006956513,-10.979052404547966,-5.003608582405058,-4.6354963394086335,-0.5068547806713908,-1.5616022245731287,-16.42800215817492,-5.888753782753355,-0.9616770396327108,-9.507174285435365,-6.038524307063549
15,33,1,4.646909355126298,9.990851158412493,-1.9617826235019196,-6.773733040181604,-0.17656031278779805,5.292207979908773,-0.5436102532804371,7.99008891711341,2.002959855741296,3.794363434696225,2.171957958762236,-2.3901735586171022,4.152443596775213,1.2049229103254084,-1.0881898713797877,3.4867157151286543,5.817606476090125,3.343876717052784,3.3059726401641036,4.989665908557245,3.627768758320954,4.385026772498018,2.1921946732355746,5.626008059006047,3.1330108759646524,1.962891409673341,-8.794413286193109,1.8308014713239098,4.148161246429949,0.31947236372478827,2.029039249352246,2.6720671504452014,2.109295735374187,0.5041393291477757,-4.110549295230245,-1.8209088105146165,2.2620871422710134,5.1092937675918,-4.688803674573673,2.6751611448324666,0.8743760857117799,4.518484313904147,14.595680341123115,-0.11159421445620205,3.1536725338224727,3.957273200154304,1.0197780120481803,5.486435581328031,3.0972380641231716,4.322172012100584,-1.3037563665974434,4.112461399389204,4.986293147729781,-4.972596179648509,11.733063754370068,-0.5707187533787476,0.8317050927364065,19.886946201324463,7.05757194684773,3.2275817738391632,2.0146849308810317,1.503826628246049
15,34,1,45.46873588627911,50.896108009586236,4.507011570351581,1.6341173332411658,-8.898883448323097,-1.224064237529003,6.086042148540962,-8.477623270324816,-4.03262313187872,-7.4861620597033065,-4.528549647992248,1.3187679714046243,-2.5656316477759944,-12.384882190582768,-7.602051955079892,-3.3751613138266245,-3.1679272542753045,-7.318093537012253,-3.183011798960407,-9.275421107142442,-7.312801900734312,-14.582713743546837,-12.873073714399126,-6.232267243106187,-7.368207337016741,-5.053330701821275,-8.448164449686685,-4.854661389322183,-6.305041191139735,-3.674310651255724,52.04180110751355,0.09905913642539538,-0.19485836785014288,61.814383416572866,4.193116224211886,-1.4500213124868817,-6.097302491560851,-1.479752335458903,10.917479091210337,-5.670684291981161,-2.4035186335081002,-5.683843434872047,-17.174345046787224,-7.52061363758247,-2.59457926956579,-2.7412559299207313,-7.309495581313968,-5.03873081064624,-7.575454755978683,-10.230186591333734,-19.00930946665566,-9.429892295290056,-11.443269241124204,-7.491008869395018,-10.633115634503891,-11.555049439210718,-7.754464913250473,-21.585670392210698,-9.212818677877866,-8.622281424587639,-2.9068545689579217,-5.672350745704933
15,35,5,-14.560963218214665,-29.671571792989226,-6.443836866815504,-9.36628725384248,-11.221202905403404,-16.17848214248149,-2.0999608246791297,-14.882088761186084,-23.649705505044004,-17.4141187208205,-19.2486116536325,-6.141241746297303,-12.294885733232997,-14.126317879278774,-19.00063183472105,-11.79410597371937,-11.593278822318721,-11.240131621828256,-10.29713781759506,-17.61600812579074,-1.6323513093336333,-18.37803324629984,-15.815442325070311,-19.848370893335918,-14.086096733649514,-8.290997654492058,-10.20212870295637,-9.59914929875196,-9.758779224099182,-10.307827151840458,-12.744429691717398,-14.671634540321005,-9.991880251276426,-20.165014875587772,-15.039122692065124,-20.10023476233388,-19.755101240989642,-16.85461381755816,-3.5818244480121884,-5.080206801183522,0.20127857786535178,-19.041304573893736,-21.988214414589482,-9.31858353498506,-8.075072619496149,-11.853222751512936,-16.8862104636231,-18.32598733356814,-1.618176211540521,-14.450982323643284,-13.313973331505924,-6.927706264550005,-16.31126248895293,-16.73080317853247,-12.935078768150463,-20.918594598860988,-17.2675350521941,-11.484771837866521,-15.14898401744119,-9.040441165712277,-18.857965433288644,-11.480203961805877
15,36,6,6.163337419468272,14.311442939155711,3.19186872409702,6.110494917145046,6.556420374888834,5.530089334970934,-5.481163898020099,7.059696508844092,-2.6694380317547766,3.210751050061023,6.729541524154381,3.689448335665145,-0.5177632229368585,-4.962796495261986,-6.902184505690681,7.924206700902886,-3.3947606932133336,-7.863011809491846,-10.178373097623815,5.476343795816163,5.961215699863869,-10.71553656078943,-1.2838516263518371,1.5583157922317301,6.311992596403312,6.3483165106281865,1.2171393721478014,-9.532994795406074,6.298415134167556,4.79278257494315,13.714193450786711,1.5776429422108862,9.222950338499574,10.173293982518883,-7.959932979738633,-4.2570068205993525,0.975606428862481,5.884126108912067,0.6222401112545195,-1.066930669064566,-17.704118954500462,5.312623914512923,-15.162926731579333,-10.308199010518234,-3.4894179310372797,-6.3766266279087285,-14.678858065886844,6.644258985523041,9.018491479011663,-1.5745157816095219,-7.071986047505611,-13.583882844717266,6.173754630315047,1.2456288731361682,-6.340548460962392,-12.774831190239638,1.2339700936544236,3.64768017400283,1.4844264618870686,-8.263524029335775,-0.02663043482092925,2.063079215603223
15,37,2,8.290360284696625,11.558886984083523,-0.6725929896063289,13.723435425540291,4.699061492159844,5.138978333456627,7.708421083803217,-2.065316551978269,11.450200769685415,15.900605258509144,9.121501031399868,0.2047377365127363,9.148503214279867,17.697552682831883,14.785001498306311,4.94724712811592,10.028728636197473,12.485793617440434,16.247305580199043,11.35111511379434,3.534173808162805,10.709912970662117,12.267830411846772,12.287270452452406,10.748188787026377,0.9042399547058558,1.0923527443054597,5.522042440863827,9.062337723855931,3.571201502128999,11.752311217280596,9.381305507742011,7.34492971729941,21.3909646967744,7.01085753330006,3.4914562097103214,10.699668471329476,5.177074944009866,-0.8861145297201669,0.8711626948618383,7.834455872509664,13.49293697598141,2.7582194087799743,-2.6543467397597156,7.7488945127215025,11.617041147103905,12.664000637170558,11.081670224871026,2.5511313902395893,12.63520566917525,14.807362763074831,13.007865920929774,4.02278367720726,14.474206725359753,10.06496631279134,14.857489886279101,10.10374016967807,3.5234446185917827,11.229190035689085,12.125495978074566,12.71995034850226,8.188193972108932
15,38,6,0.42535671855893753,-6.007724359645739,-12.172456089134627,-1.2826299386208293,-2.960666534730816,-4.432803536115057,-18.270256543293502,2.103280470286293,-11.75350640805029,-8.347319351100339,-5.445185299622031,-6.296761940608207,-8.572917864859535,-7.309794326835288,-0.514563123863077,-3.1116055580446638,-5.881118542983244,0.13666441615262004,1.8522731124468852,-6.089009946470556,-3.411418770008335,-6.8737017744016375,-1.0581600667068323,-11.609379267615337,-2.4607697179904444,-5.618698123933341,-5.1034644840898515,3.3948735292864627,-8.800820266271417,-2.899584539439075,-23.750278531778132,-10.657256288317644,-7.835119831032213,-3.107555575817882,-11.769859043248115,-14.398325559228848,-7.505748181172263,-5.936982047999638,-11.158334886791506,-8.96630619551487,-5.460681585742662,-7.98336326450723,4.091009638908248,-3.23672414966149,-10.297496266901588,-1.30118028904743,-9.141604940764745,-7.316646160909953,-10.415397938474355,-4.764246680296777,5.704153250743883,1.0110273420038374,0.13726192807051818,-7.329898284532404,-5.698874952998467,-4.923723962576775,-7.9427436998840895,-7.593945326737876,2.443348090047948,15.262809126342574,-8.272619913900037,-6.952072648036223
15,39,3,-4.206487896057164,-2.513041395478225,-7.57087361770001,-6.2325461200302135,11.501045005577735,-5.952285760689933,-19.08027741861269,-20.000133340178834,-2.9257435343943827,-3.773648638508235,-10.814330136710096,-11.925100431368664,-16.041658278054957,1.7476302801649837,-1.223765490179109,-13.768563047894741,-13.901775123804201,-13.886404992308373,-1.6629917712019018,-15.969860246552642,-12.036362667386301,-20.43699585746053,-14.725931064469204,-22.797611094466074,-14.843215261571805,-11.058319630555621,-18.518780839572678,-13.94827706873326,-16.172353899901406,-12.980378992012238,-19.096636773450538,-3.839384907572648,-2.5772505673784285,-6.294916154884894,-9.153495964730473,-1.1832322722709767,-3.252778140304855,-6.041478779484948,-11.24307956201274,-11.80265076883228,10.864377509419265,-7.434308780470816,-11.115955901508242,-10.375329426851085,-12.832706431616888,-4.233178115495277,-1.7308261056328433,-12.610938857548033,-12.747417411960031,-14.705448762513697,-7.242862952316586,-7.143259397949233,-15.483700336116108,-13.010926606406157,-18.84907528415049,-21.48734823080553,-26.424337432708402,-21.994734255108607,-15.285827696913996,-6.75313777027427,-15.313108869714709,-14.652221085117548
15,40,4,-5.795251830236804,12.77348362892957,-0.7229923026227366,7.0763878137009595,16.09035127018239,7.948971330347227,-1.1834180986554157,-6.948746319224197,11.533026778315218,9.256718053851602,6.773799379895684,-0.7245857013026022,1.0269551711120064,-0.4569336233842307,4.082995983590253,-0.004415158568541022,-6.514731882707917,4.829597789896418,-3.861533756526868,2.958960242319578,-2.577496209795156,4.550844592970749,0.005643424759732341,-2.096753966631141,-3.7334075429102,-1.2357229167026205,-1.748407140925026,-5.490233284443977,0.7548213177247018,-2.631713214567465,7.847050754280298,5.825626828594181,12.389967899496972,11.95574775929903,-1.9663106525471583,5.8158404400271255,14.651404425535882,8.25371101601957,-3.789682659990632,2.0616251690804432,-19.547614774235136,9.351521379155363,-2.3297952822205144,-1.1121314006244274,1.219569358037693,3.9775165907879577,16.258021405330165,5.847908514002397,-1.3876312981663474,2.86559103748182,8.842907217910467,12.209032312864675,-4.5801307388422305,1.2464786577833493,-16.403569320920948,-0.837056430079407,-6.745316562401809,10.420397348383938,-1.4629016671813848,-15.214155884664041,2.0090614230749675,-4.203818931846267
15,41,3,7.440131437805736,6.539290809445933,1.0235425069333317,3.9539004256267396,7.689259953024543,0.34591689915964174,-5.731115660635848,6.627009961935809,-4.038591994063522,6.952650282963563,2.03496155492882,0.213993008220824,4.985078168499123,2.7974181601368793,0.9287259592333936,-3.907039865076246,5.141979354342852,6.6355813506354675,5.738910243278598,0.3563871490655509,0.8287638791427929,12.419546248618419,7.659309739655839,8.539302797397461,-3.927462452767055,-1.4141621590966766,7.007232436086845,6.10495759139019,3.014066887900186,-4.497404466417234,-2.97885170535798,5.64490365575454,13.880781494910133,5.493931387278546,20.509046166953524,5.567369328902626,11.057748635992315,1.4706497928823303,-0.7312781685259104,6.15750147543121,13.907491502011336,5.974481072362011,-0.3983943506666436,-1.223347200875785,1.7685574997960374,4.14589060577507,2.175012059214459,0.781478344036902,-5.020771314253712,5.949855771074756,-3.7051836104677416,3.5339015752713143,-1.3344567302137436,7.061801176291053,7.749591701277868,4.0668690175544935,-0.8833060777162633,-0.7889675149543591,3.2808094870798823,9.453037050165088,-0.5600028529127179,-5.638868464622647
15,42,6,-20.748142558399874,-17.5833490399939,-7.568078405530436,-0.9896419871507618,-5.01336179667993,-13.320612678645036,-3.0407902831098133,-11.602374832395737,-9.996793390183543,-3.0868673583367743,-8.707577218812679,-1.737983327569076,-1.9539614449050755,7.671592639371603,-2.9174045439434764,-5.540121372709644,1.7533069389258948,2.7679526959659464,16.533162953877238,-1.4085519015334718,0.5646835466983111,-3.2141835800394754,6.14005993154445,-4.095657237194955,-2.423151227009553,-2.4068582217072763,-1.1797465820933084,-8.516330648525958,3.3533908649306587,-5.562442910170365,-9.434188005855166,-11.605236183556658,-10.279663030285294,-11.084014001166127,-9.058845474793598,-2.369624767906785,-13.864236106596357,-13.100405225666567,-5.479311559411768,-4.9313591624632815,18.34374758839698,-8.756974000211168,-9.593034437062537,-3.6712498771390183,-3.540540946590738,0.528366293366318,1.8053130027809647,-3.3505492397305785,-3.7654224564023195,0.2464925862491002,11.539221280413429,-3.230343790270567,-3.0122742592016376,12.9902783023838,8.98564654334289,2.6717285335677246,-6.941190772190142,-17.639770358800888,2.4361643374829387,19.29073834964414,4.946696092141792,2.0549991277228226
15,43,5,0.5960345785396177,-7.858882028257427,-10.729910692449932,-9.4373217208663,12.530775341659597,4.716370278180053,-1.3011471156780492,-8.303552693930152,6.531615762278532,4.2572922325443185,0.396767726804062,-8.437641051200382,-10.07055661171993,23.833330239492977,6.732721742770705,-1.0167238475732165,-5.832790691459482,-1.5358547960044573,-2.98877756676932,-1.9003022020674178,-10.687471955901058,-1.7257868020693083,-4.822619788740509,-6.655174083340483,-8.564864371948664,-15.890427145823024,-11.123106466706355,-13.270312878269163,-16.185858404513734,-14.663269004193923,-10.451270390756243,-2.6532246861706206,5.802276217066347,0.02785205841916366,-13.776829139125066,8.106895084152137,8.382999173507503,5.093166852710634,-10.99602258700605,-9.13997829880029,0.12428867576144141,1.8346456021862667,5.319011015368897,-3.0917472476054506,-6.091214216564122,-4.9052863922396055,6.135425700726582,-1.476611871312075,-7.263936365545703,-6.445675966409373,-4.893362185702,3.238131700242619,-20.021897017734315,-8.637863995081453,-15.90260372737923,1.6503770682284955,1.1009241386611999,-8.295014492302808,-6.9433949975433205,-28.929212572916267,-10.551557762911779,-13.93505144383895
15,44,5,-19.868986145366076,-20.096383902721296,-12.282682643450867,-30.65821275115013,-5.83824163278928,-16.878993524783635,-12.875868954241463,-23.40252918204884,-21.856848050181465,-28.426713238402126,-19.610290380421933,-11.062575513656002,-28.481600591322266,-28.02930815917691,-30.250470339525016,-21.231401189752845,-18.132496607739757,-22.957586348420246,-42.411360376491764,-22.919649161216704,-11.251219431892402,-26.362498675541165,-28.254063308329826,-33.84725978098265,-19.875771464598262,-10.033442607069977,-18.675217209610995,-7.918994772473697,-11.538776348225726,-12.000231367427997,-30.46786911803773,-11.425303247814044,-6.9469669590499725,-15.939790724339428,-16.389128780707992,-31.29900332921887,-19.819868263481872,-16.485757988752656,-11.133570041802782,-7.400009882397857,-33.19100635371557,-25.920304440507064,-17.037182726863232,-17.92647746059952,-15.426807680434154,-28.463236095792617,-14.702082579932734,-20.974451523183337,-20.1938761727112,-20.208163977032765,-24.40909477414153,-27.777948896332504,-20.480842165467227,-19.969638687081446,-32.09758461103207,-37.82443757391557,-37.83733801798122,-12.125489277492576,-22.4713268773403,-34.12867551563853,-28.34099244271838,-18.279757508281147
15,45,4,-15.677715548967223,-10.607275237210049,-1.6396810521539187,-0.8803516216348958,-2.0301746408477777,-5.911460357956682,4.816365614090476,-11.39354053093973,-5.093777699714026,-7.43957380936822,-9.738901043424335,-0.12284791279334406,-1.0568123531709543,-17.289869928357707,-12.420117323406792,-9.745288093619768,1.2966854493133724,-10.371372422328356,-12.039735369167776,-15.197484589295415,-1.832235529110197,-5.747607827124115,-11.11322707323948,-16.897092420817916,-13.791143562499904,-7.845178441654191,-4.393452115721075,-17.23756500997115,-12.307766161064006,-16.62015169822587,8.861816043159134,-2.514037331032409,1.103247957837926,-0.15987566761422656,-5.629938556946154,5.9430569985245505,-3.782545340474602,-5.38940144747087,-4.258593574018648,-0.5707054613938936,8.984816659440671,-7.897084891847216,-5.803457983681455,-5.734236179504591,8.591561206775461,-6.018201213347067,-26.043158903717995,-9.45268519142949,-3.1772687576665737,-5.217342629548158,-1.9945079134322874,-16.880938826122456,-19.44799135665114,2.7691478152282363,-13.181431886194861,-7.091246727944877,-16.59537369310402,-9.268874712106653,-15.060620910578917,-0.8555071268503263,-11.013125604205976,-13.567716007325338
15,46,3,-11.535084842636085,-0.549771633180903,-5.529511702898607,-9.923428579528887,-7.618185577914119,-3.7360432866915376,2.1477309695286007,-9.381697209869948,-1.1607115013161433,-3.2704387888221476,-1.2837321069545877,-0.8605198175937403,-3.079822989260192,8.656334648266574,-0.15692775275149276,0.4600539998316049,-1.3649247509836255,2.3815025278174025,11.271874431169328,3.8724952875125433,2.721098833899129,8.895211941374487,8.035535317347327,9.7538330088733,2.7810853292438673,3.010322257728746,1.5166870145490625,8.843982708186097,4.4669895463100655,4.697906241865781,-19.642643882166123,-9.080516307546594,-3.2048620080189205,-6.7536887922892115,7.275594967374822,-1.4870556118193932,-9.46342768583719,-3.7808057974921776,-1.4527633511092193,-3.6166279006681212,10.218687122814055,-1.8806032479468089,5.323724961126926,2.5643303905295696,-2.408146276502166,-1.0010616714418747,-6.446067706983477,2.1702515819655153,14.990967454746507,0.47389037664709904,2.308609025535832,0.3486655839951709,-0.5333723892946157,2.662048364063817,0.47839853067587046,3.1603384168205286,1.032910647562126,-0.02431332257508191,7.139767131904456,-14.451593155495633,1.6345289328203698,6.500629895014641
15,47,2,-1.6517647525136614,1.3647321335880491,-3.4988591081076654,1.0475769614937074,-2.123762968973054,-1.7994968195604848,-2.46531105182338,-4.257717105901445,-2.8961254609067275,-7.886787252659661,-4.1945902345384045,-5.442363580200461,-9.37609363059945,4.648595768205892,-1.7246912987562029,-4.16256193462305,-7.718360204794781,-7.968663707704897,-12.043254214696725,-9.799803774304143,-14.034601959700861,-14.980676459716397,-20.0133455254183,-6.335210418510369,-12.258834069765102,-12.435414304394595,-20.116096112865765,-9.420119162166221,-13.697654826231537,-14.510006165995097,5.678638156236532,-0.7053581828069755,1.6909899198359284,-0.571628349424316,1.239241792136099,10.718524171153037,-4.208718668374164,-2.0542953500365155,-5.4592075841842105,0.37433997817655495,-3.5117260942281012,-8.119629403417253,-3.378726664510352,-4.45642635782772,-6.01567166916481,-5.593574788784837,1.0520784465039554,-7.218875068705529,4.740178992767341,-11.072249018074665,-12.172635311851419,-5.27869025184546,-9.48229006182959,-9.034996876674821,-27.556612718305217,-15.42287057313342,-13.47404141787712,-13.923319801245256,-16.56348489004574,-19.013512125477288,-11.743421161978896,-14.943389894213622
15,48,4,-6.604310036075395,-1.4757620751312577,-5.601568642577794,-0.8078166667163302,-0.0172888414193183,-0.08056854604311804,5.63804520993698,-16.46078074248736,11.994488273366791,3.4703630316979828,1.688865393615986,-6.394765412219136,3.698106079423381,14.721449566721104,4.651231590360287,-8.11329545415711,-5.3394469352007485,6.579299480677011,4.361755767451007,-4.043664395746705,-1.8294802374084378,-0.5201600643283724,-1.9051688225576418,-10.491006881816359,-9.780542993861275,-3.200659213769365,0.9597250389378154,-0.5372033382158321,-1.98152803293168,-11.562538643797762,-5.125454005807999,-0.17395767943206641,-2.6060454826120583,-2.3666702216745237,-13.171725127320713,9.06893059599963,6.533846563080373,-0.12849139600492515,-6.917481627917232,-6.67315344347778,2.594871395369765,3.817415252677165,0.19323835194837746,-5.789535271407035,-3.152988691115752,12.340531359721977,24.415840501738025,-1.2429664418450557,1.437844732878503,-2.532461500303569,14.167462000668769,7.21143895916913,-0.2910028610707869,4.00711485373833,-0.4410455166475778,3.2057847568890194,-14.268127856266455,-12.260088893653059,3.756605431886116,10.231826469063664,-0.8178487274023454,-7.181415858266805
15,49,4,-3.2781603867755966,-2.1461508079409253,6.822943910513432,-2.8126820131977324,-10.181765770289772,-3.6094972240886243,-0.9112511290373604,13.893349707035767,1.357262919475211,-2.3868140590990423,-3.1284629140764753,7.60993957419584,0.652502307815978,-7.764005790691728,-7.930620237321755,-3.7263432039493116,0.3283558038670977,-8.217971481757647,-7.894920474613259,-9.125099498493933,1.040360047462079,-9.286787683484935,-12.015900137357226,-17.851963974160654,-14.60509487065463,-5.962331090507203,-11.700384920412562,-16.334692762312827,-15.339181608179727,-14.079736280107381,-1.169289522440877,3.6300992011660473,-1.1011500179585887,-4.90269709469342,5.863172319831279,3.4962896392112834,1.533955987815447,-3.825448885071662,2.5560311917897014,1.7857002990473636,-2.026848308923768,-3.346173939999286,-5.996012549052332,-3.2739177886850963,6.967163889518391,-8.4947726618862,3.8430431802961507,-2.653908586811,-4.14060556526273,0.2190853313503147,-11.026085597039877,-14.229719229746705,-3.9523932426123016,0.3125541110454897,-10.121971673831887,-21.6734692036833,-27.02109575562361,-8.437209522233077,-9.140921065715855,-16.875839818110013,-16.884172240817335,-17.89724445506567
15,50,1,1.4359857495874166,-5.07395919933191,2.271388907053665,-2.199265623113095,-15.407839086769917,-10.585750418465311,-10.46578401926814,-13.383440832175854,-9.286893909774358,-14.755011569799438,-9.716327204755165,-0.695976771783402,-5.799666911227312,-13.639587143345222,-15.215988340628586,-8.457598894652792,-2.975220067290271,-8.293208640772944,-12.306305486618026,-8.64920402386385,-3.371768617957102,-10.306114209804498,-11.132003239833004,-6.748835387503417,-7.256666255331168,2.011245759164278,-2.3200819020886434,-4.266879492153973,-3.0567512929825686,-4.669416769265722,15.79912280921666,-9.219716942353777,-16.88714668227406,-4.0418518632650375,15.55101676047894,-17.137848605106516,-15.354113556617849,-10.392498833740625,1.6349405716315317,-1.541963036830833,-13.745126247031198,-13.045238870866132,-10.825517392921732,-4.892651735327956,-4.3616230642726865,-12.216149714448857,-19.930459854511046,-10.911676242629559,4.868152537065128,-6.955193141248171,-10.428371292107348,-11.384597245228992,-13.710887132394246,-4.148526301970933,-5.3107317341718705,-13.806606563350485,-7.0465373932554245,-2.0705750083278227,-7.487782149836875,-16.22373592154486,-7.117279591288684,-6.437237387591205
15,51,2,10.777521488120458,8.19543748568437,12.478895407801117,11.237880965845267,6.933416098594758,2.02680842885066,-4.6799534232037665,1.2257971085789732,3.54986921754643,3.6821915441996245,0.8391013306724587,8.645313413404836,2.0657947174069,-2.823464334419952,-4.7368128338783295,-1.9948266295704822,0.6319999350462024,-3.236837039735717,-7.623138516562107,-6.964282499541809,-0.46341352698836147,-11.280093880279402,-0.769149077306617,-6.906964954017184,-10.61129208178283,-1.6885135056388498,-7.219087536174168,-8.053567851200794,-6.763515029738586,-6.004829591730744,15.036520036982326,11.408339653311796,16.560696408198005,5.048185218002065,19.958756805647443,7.824549962073657,3.2690444737445667,1.933319676792386,9.529110768435112,11.956677086151595,1.2762627930085115,2.0077468929876194,0.20520911632650873,-15.729920750529292,11.868486679613405,-1.6353588792063838,-7.952955064954379,-3.744163308201764,3.390192797668732,-0.4171504953467259,-2.3410357392234022,-6.259860430071819,14.41410068036397,-2.7992638464244775,-10.94113512541645,-10.292868875830269,-10.755458883725376,-3.432605035233924,-7.2282563703668465,-15.599729648098444,-8.273562823444964,-8.770378871480144
15,52,3,-8.269021456680692,-12.761001480663783,-1.1096084118783818,-13.715215861615606,-18.464597029981295,-3.9677634325663567,2.1315043890258156,-14.203951941422627,-13.181803595808502,-10.3760996409124,-2.32592453667894,1.8164405315069538,-4.246045155785751,-13.826803426019753,-9.093403275254632,-0.03937796800874359,-1.7539243999337657,-9.60951994665013,-16.809028099677185,-5.39159905408486,6.956288649689223,1.4509441644271346,-0.1170185775064474,-8.050374231551118,-1.386681946993965,8.67481864511217,12.267757350442611,1.1466228151921094,5.146899073066691,7.565196985640085,-13.58388284975435,-11.666139129526549,-10.117755761960659,-8.135789514740745,-21.963940808049788,-24.12499692477286,-15.054897723816016,-3.6244291739890406,2.009180953684292,-0.6663387042211895,-20.63355402272513,-6.13843328588665,-3.0203012205126525,9.679146862168583,-6.679892388694896,-3.7772205732308497,-21.655781880214168,-2.535057492462616,0.8965183786775273,-2.4707155364179396,-10.100373943029647,-13.160152680351304,-5.01411208991961,-1.8576841542906157,-9.508548814059443,-2.749933511200476,-6.898878223876038,1.1714074978173326,6.250186877245672,-0.33096511580231636,-3.624654875716147,2.8587856465132857
15,53,3,14.71025564230797,9.388383067235711,8.363798221198435,5.462162118890635,7.763089495006853,9.769986503484953,10.591440347009103,21.543404261104573,4.363136862745375,11.0544024647736,11.372626575488006,10.32526873747205,12.171553243263965,2.6451910770350566,8.219518395640502,9.549480369419605,13.070335627056469,6.352054441029706,-0.6745848185723526,10.05595007520623,12.341885760233442,10.642450531876484,7.085410729141499,2.174826107271834,6.201175179150772,10.157153681806498,9.064462317170847,-1.4896316567049714,6.649437646497972,6.575262772691687,15.258380678020954,9.374121686443686,1.9101749141047504,2.0288400698975626,6.880885526282355,-2.45697207092421,9.787507708934017,9.564949978824433,7.951839609227785,5.646935309669597,7.386671438268049,10.500693700208167,9.492932939311348,13.196410304270449,8.974592076234018,8.959148896730321,-1.415941497878876,10.423617464944536,16.749200856063233,14.417141519180243,8.636536132907725,1.8296196243339578,4.405495901231471,10.705444682207771,2.9770724203199053,10.893378223428822,12.22566383255918,7.751158530528586,9.937125550673864,0.6286670170190582,9.582325188675895,7.557741014423165
15,54,6,5.524996961181612,6.801744483360208,3.852411274548346,9.483232829560787,12.30013751222685,5.269375236909382,-3.935290351839416,9.873500641265023,-1.7714656002297084,-2.675758590603748,2.7370664362750254,7.040117059950717,0.867610661153932,-15.080519060581555,-10.449989019388404,11.522855226768227,0.6104286835861116,3.4351479225314985,-5.7932268481136555,1.9505753592167778,-1.1080017178787895,3.0835078513113503,-0.30650574382303747,4.868424727286141,4.552311894256715,0.5467905235113344,6.661222519591545,-0.556112173092892,-3.1608562837127696,1.1456468222867247,2.3106938682541966,5.206248241817437,14.922608772798137,2.1671244790096145,15.045503154141453,4.453485103982792,-1.4732324665912033,5.147841914874932,7.267348966674832,5.85276850745814,-15.744985437156958,0.0031071904331169756,7.673604272007824,19.393429219722748,-4.282886939821765,-13.660965745927905,-10.97922508997797,3.5896390237541613,10.569623436449419,-4.084861616876612,-5.363129559313742,-9.163528129594718,-1.2748154559195397,-1.5195286968700223,9.209266587251385,-6.348860931537322,2.435792564371851,10.79182929089065,-0.05816069404344666,-6.683019544257748,1.3879632559014328,-2.9660776107935476
15,55,6,-11.156927316063427,1.8594967423790572,-5.74917468877237,-8.602668850818965,8.680196510209049,-3.001319281603548,1.2699421356572678,-16.4010729180967,-15.089887146519986,-11.284529019147158,-1.7496353629181483,-5.243860247965179,-10.929901306880874,-30.782003471764135,-21.321669780649245,-9.699542906544194,-7.466941162671255,-14.93539609234189,-21.48074212363671,-2.4983219772622705,-4.904297133635095,-10.892700967799152,-13.946152381008348,-9.438144961213007,-1.5444461866672345,-4.258148765509448,12.447750213084648,-9.618071479319665,1.6578396965363411,0.8758766756779175,-4.014491179901198,-2.4468603071574937,5.97139379873349,0.26093320007061166,1.237409343457464,-10.756507928165169,-9.271988574233719,-1.7643814131662978,-2.554537340170966,-4.372392085903301,-19.541002008518795,-8.039837630374764,7.513270551101699,2.7004902321425055,-10.679219290954853,-17.568689421909607,-16.100038068914202,-4.706656907855463,-8.992577997320215,-12.66955106787202,-25.51319262894188,-25.940169455074702,-0.18189832803270858,-1.9987836956279352,-24.15740374621096,-15.149853842650979,-0.3535056971112922,7.8502177249685605,-7.258531898055679,-12.500187823594334,-2.964975470489619,0.7413700064772001
15,56,3,-9.743322848852024,-14.535275499449996,-18.730416867791167,-1.373210628744122,3.6253055676352233,-8.64200035377303,-10.568959496506466,6.9176144352091935,-6.818004159097802,-6.590387269099267,-9.55993061639913,-18.95796730096747,-7.915475891302516,-23.385027880135873,-16.366581576524254,-13.360654540359974,-10.449225467970454,-11.434870529183042,-26.379335848023974,-16.44037798719434,-19.334226022406327,-16.179478086349437,-10.299939653699896,-11.364519996085859,-18.64727891191114,-19.305218724579344,-22.85705995777756,-18.519969280173132,-17.859566158228894,-19.226210457159254,7.658473228581434,-9.336715635434702,-5.164513267962852,-15.183037260047557,2.612027496374893,-4.644512561604193,-6.0558463852489135,-9.594607988724531,-19.9190002926966,-14.454023192750244,-15.86142648105999,-7.104678186224538,-9.199247774929265,3.0145979523658752,-11.312633455299382,-7.605524348401706,-18.384274140431938,-11.194519363991104,-6.206533095447299,-13.030121037055084,-16.065951744577195,-27.15059633381529,-11.326217377842285,-5.688796431348636,-12.790984804673887,-7.849102277777205,-16.707299829574254,-2.6763893362566313,-16.438346287008468,-19.303266739699897,-17.059417901151793,-20.68099880890874
15,57,1,4.642812908984857,6.8918271800048885,-5.7901328393235465,0.3083182312321002,6.9682328307592325,1.4447231036497334,1.6736612678391913,0.5757845675433622,1.0235026784059473,5.600240738290117,1.0875525002072493,-2.200400941658813,1.5857296822274602,-2.86313449682259,0.03733968262265269,4.164122234484775,-0.23563060508302758,1.4776675600967375,2.973287967601564,0.6409697408628894,-1.2789451479457494,-0.5252059643588408,-0.8696157839262815,0.6788671949662545,-4.508492214309912,-5.285920516247071,-4.354014321701693,-3.707281624137355,-4.890905564287449,2.4280311232489504,15.184126171533297,2.551755465555757,7.3924078884102995,-0.8482702369006672,-3.4595143322083284,2.406307137230553,5.034016832891039,1.831644669175148,-4.242911406440613,-3.225815707511018,4.84447660042745,3.9799931291036477,6.90891687941124,-6.683470960188996,3.8284896470765357,2.135096301787485,1.0315030904077889,-1.3472972334782798,-2.9636675875304577,-0.13467262085617976,4.358004606942216,-1.610355046509606,-0.6886137429988244,-2.6096639292266386,6.356980844904818,1.5494190620531045,3.91775580928817,-7.149493767618679,-1.0445759948115885,4.633683842640917,1.582888043928527,-7.2530211625512795
15,58,4,1.9962143132735686,2.3199159146468276,2.6486435497105805,-2.680220289337563,-4.095889660380722,3.820628729052615,-0.8823434406516668,-4.458066306758399,-0.9639410104875166,1.644209053730819,4.66034079396461,0.9747897633024848,-0.7813986570861126,-8.347916848395336,0.4416298081008013,7.7519752477159365,-0.7192543462350414,-7.3486942933040424,-0.3348823029195848,2.6292500166540433,-3.5142557066765896,-6.531901216222451,-0.6505171604477235,1.3931552255753332,2.4972198042371194,-2.6384056620463086,-6.165807334195098,1.100319951180674,1.2642123917310786,-0.8983641614251567,6.833746190177182,1.8197734880420127,-0.176679770215187,4.802482689821686,5.290514900570553,9.027414713773263,-1.9461402662961564,4.0548716867456145,4.594697504196453,1.2920046801758343,-8.596939044570119,2.134146858744959,-11.669027185294683,0.9323377669277804,0.5954237633225761,-2.817223269889904,-10.280964310042465,4.8973325078898124,2.258216415178428,-1.993445647675998,-3.5542578995454948,0.738123389872406,-6.328259029374574,-4.274986088946008,-3.232322359914756,1.1420483150315022,9.349509684891418,-11.885788836607297,-3.727040371471428,-4.072625284406881,0.8848995229076022,-4.3153002996610965
15,59,2,10.623229598592424,8.321857382333267,2.5035072960507505,11.547593501248835,-7.796644802000827,4.223604199425434,2.1867304798442744,4.118171259124832,4.935867255948278,4.871007420747292,4.413111225611005,1.1458061774411783,8.219465337932203,3.4560817571643687,2.5968831642871595,5.525893239523054,6.687036318852136,5.956621266867418,5.91203137813136,5.230933381130966,9.408779153270965,7.0456410693458995,8.178500502167282,13.559914826915204,6.486176037891175,7.447826412318998,10.234336197285396,5.59128423666627,9.743807475718599,4.228364553387707,15.89841430845512,1.1671052276633858,0.07384285824259842,-0.9723929203365266,10.970427945892256,5.006463523509784,1.3598389687221046,4.4011006209915555,4.339666687369505,6.224253581132646,3.391653491502127,4.407660306097724,2.754103003455912,1.3156873301216754,6.135916935580942,6.180453745906648,0.8797872352254829,4.534246192895807,-3.5536868860717963,6.073208279061562,7.513821591026849,3.945129797566776,5.767897669521232,2.981334802967199,15.580993509612883,12.781776037828136,15.707619149056145,10.010516957947749,6.404996627396568,9.450527436101368,7.569592177958753,7.664242823835368
15,60,4,0.30944690428583405,-3.1672765707040615,-1.997203567249861,-3.794223933310317,0.39551951646486744,-9.144220873452266,-1.8986290763472993,13.835135820162735,0.4860337769567238,-6.221624370630284,-6.7019284459870185,4.737456922430727,0.7304947760819297,2.1349037451862647,1.5606129920541707,-13.986227689163268,5.533322637537266,10.110618461786604,0.9658664346377307,0.9274511283899598,-3.4827188676473035,5.951927260815154,7.961001936519495,2.2475934575720693,0.5925755168896208,5.103776470508156,3.2613030705918966,7.77175379040219,3.5525183339217103,0.8477390963902207,-9.309573991451318,-9.130112198630078,-13.333785102952554,-19.611133523467107,-5.939465194721938,-8.073140655337589,-7.954641385316253,-10.675786731991822,3.593011765576835,-4.6901647736397925,-5.2696341629844285,-4.952890590321634,-6.282361163953659,-14.076117791598897,-0.00012614701238522485,3.444117649980797,0.7844394836887141,-2.797491161203829,2.2167602613136705,0.82197841194958,6.755368572756334,6.141832630490745,4.348131836971221,5.649624205472672,11.759661008036,-1.3137088030826578,2.809070227034507,9.808003387890945,4.083978620494101,13.63955379008292,1.333394467137846,4.806977600546368
15,61,5,0.5971499853227973,-12.611098241004184,-1.0199705522007692,3.241836504238407,1.5526258363161323,-0.48855008306436076,-13.319563614704252,4.446666458417184,6.552921367207224,3.241205686691968,1.3322192736178724,0.27830837595435454,-1.8649476301294126,16.38105531017545,16.381878705377247,-3.3754135940064907,-1.0860852045716887,17.26173226237751,23.11739548495631,10.119362494032316,11.093733952494292,3.181790191952775,9.994575921377933,13.287449009103208,12.128802394494414,4.664948533993307,8.042427021510353,7.297292397198511,6.830154238690387,3.5587526847858273,-13.57667252305532,-2.3218612303877837,-0.6127193208639052,-7.185970446384488,-6.08713767726951,5.707121086660377,-2.6700023655302654,-2.4180189461969763,-1.2202067319190184,-6.344266490640248,13.123696060692216,2.9268191248269346,-13.351764463592415,3.9616419231042097,-6.82146995556797,6.269846000640496,20.006812340205112,6.630933791796519,-3.739323189879608,5.729495674255304,14.525867607424642,24.677782787555234,4.586816591460532,13.424219729912632,13.774644856999926,11.709852580435385,16.42079179706734,3.385910382627782,7.584882602027455,26.101140601060738,10.604294079652616,5.15446136570422
15,62,3,9.701355460894906,3.5709757889314324,3.388386934149509,-5.8947026199013814,11.409142995344057,12.035698723945229,2.853699951557575,3.315632911074603,13.598628852170007,15.016064230364005,11.922856295231453,0.13710927623664854,11.407496441882572,15.474730601715974,13.675373197692187,6.986484418322169,3.156507541743537,8.871496227706176,16.671407533559663,10.557241096229458,0.1030958271244676,9.606665000875998,19.322189010598787,5.312431481780437,4.33847165943646,0.20010341226872838,2.588139145663462,10.080396135967991,1.6844037271150156,1.59115396798929,11.753220810924049,3.4901416611647575,11.641527076547105,3.0914750845148817,-0.8970230251505243,4.5298442608682565,14.127592703918136,11.524335797149224,1.897194966787425,-1.604777943206634,-5.442463118719254,14.221838238331046,-9.006925665296432,-2.441416059663269,5.030750259757042,9.264705270403853,23.526691674641004,11.330048420716354,5.053968025973381,9.812524820973236,21.96013637386807,12.640251610506187,-0.774161791787398,-0.4927794747991572,11.411858474154307,13.624236819459268,8.743662077229375,-15.27120131217851,5.4829100671269675,12.04344692729234,12.845407640612565,-0.2756393629569196
15,63,5,6.604628696569194,5.663493810692896,-5.862634572223189,5.7237393038557505,8.535226282050337,4.177480580404448,1.8150197134066426,0.9020357250531259,8.308565368648713,9.371466037658294,4.543879922655434,-2.1448694093652616,8.1960615726733,6.2895515855663,12.307998441891582,0.012375770125357288,5.150710098116045,8.365411506483063,9.385089887158449,8.941601126522922,7.4287914495756135,9.428498062765131,11.96639052424126,14.687449533427015,7.675642530819995,0.3707679872423775,3.2369963981497976,-0.21073969746599086,9.234137591985393,-1.077148639835508,7.697406338479532,0.5310618810173937,5.608314194204007,-9.06596278244766,37.588680936069046,12.042895752527729,7.74917336521463,4.450411098163074,-9.988646905596664,1.821964471010354,9.706846199997864,7.792296001038837,-0.3328108600761013,-18.778120505453153,2.4201170188905787,12.15397880768131,1.4974528310320734,5.132896755140542,1.982928932553564,4.540832455291286,7.722722228554006,23.02575912235715,10.124441574304928,9.58241815199485,7.512055600987653,8.866158148478263,16.9319489689135,10.588578832790066,7.464922825373547,9.681563606587934,6.551666592270495,8.033052198475273
15,64,6,-3.3569230400366576,-0.5044579939198359,7.341019154333218,-7.299881779037917,-5.095012554268512,-2.8693555188478843,2.4382092921835605,-3.767898969306814,-4.662438833779406,-5.837637450415409,-1.4870091359948794,7.805986348857602,6.202888082974113,-7.512739431957016,-6.149793233336288,0.7824809166103055,5.557078317693644,2.3570099920488725,-6.743716496747082,-3.4569714275449983,4.462182634532812,2.3877568197686494,2.9147355129896875,-4.704173818185201,-1.0880969585169373,-0.09093922215922845,-3.797191735408153,-0.8524530142454836,2.1884434577418346,-2.967491832919555,9.949189288019225,2.855200447460135,-3.6692979841424918,-9.442009145450756,13.718050915111858,5.763276675727405,-9.495236839145058,-3.2532561406402323,4.583888673882294,8.79995053302406,-10.128332247179591,-4.54684107982349,-1.8397048198640698,9.496923191160555,7.033577344704013,-3.8130598474384807,-12.596770491871265,-1.7900159169590406,3.849456725074208,5.586915583974437,-1.541843540444062,-21.220565648431478,-0.4346186481870537,10.815651325173912,17.46952403241358,-4.320552021040721,1.0750041070121634,2.5264064285154575,1.5028306884867175,-0.2450717996874061,-8.395282005539118,-3.7048317500412806
15,65,1,4.568226390495537,0.5644976158297013,-0.8738981207162593,1.4035857506692646,0.5134942246737277,4.35970425753422,-3.8345778838663196,-4.8130790561028745,-2.242793156878976,-2.6277893544969757,1.1768650184385478,-2.260135173161582,-6.151300351101358,-6.29598515089062,1.907638666640239,0.2621349124890955,-5.77136340669836,-6.948294797526079,-2.7373187076754695,-7.408687436044577,-6.346716419738299,-4.342408761291241,-8.978051186539233,-10.937257691904787,-6.803072297976853,-8.373372150249303,-4.756047074756832,-4.8088033526267004,-6.76719988035265,-8.286755152478268,3.9486619128686593,0.6689745125008677,1.4686579961079798,-5.040968256752667,-1.766705125536225,1.6587293530564458,0.8066215990338348,4.07558650083388,-2.61392636802729,-1.7715983583262511,-2.5327536188770168,-0.7921411894125563,-6.439634189327679,1.914211658953983,-1.941711858995316,-4.6330065347436,-2.9533167853270004,-1.5057121779678795,-15.03762888798644,-7.8668426449138025,-11.921833722034423,2.9898664298262925,-2.4261189894182844,-7.665384752323804,-13.48977672410901,-4.091560751578783,-8.398960153322397,-13.497365501232258,-9.381225834577913,-7.486666667388705,-7.915031089742738,-10.702994747643878
15,66,5,-15.670385758290996,-20.413359885876318,-7.804605366900658,-2.295589329965878,-13.647222237840365,-13.471770773083831,-11.01679046466243,-14.227222902025234,0.8140244459074619,-10.426392728678609,-11.992835081534507,-1.9242768770356373,19.88403745340865,3.571559921724768,-9.235571694157157,-11.87455503057642,-4.166399516398087,2.8263125753757086,-4.5079544701091,-10.005889326157956,-3.5118456668072784,-1.3077731910403043,-8.211976097873984,-12.549843591353975,-10.807219269659887,-6.566485586117606,-16.314920821204407,-13.446972782632756,-13.186723374136985,-12.309850875742544,-23.17730901250475,-8.775086143908728,1.1233253249580533,-16.90586960653877,-16.96863137966977,0.29347261538865455,-8.041119020392479,-14.810762208977295,-7.704417470746058,-7.338157645971851,-2.5077896494228145,-10.658690362509974,-5.310731795898969,-13.804003911547175,-4.094382433146211,-1.5122453307423456,2.0774932324931745,-9.218316095688088,-11.445546662616662,-2.298683287734846,1.439185817760029,1.2758577899303194,-5.403244525483786,-3.5813929038576617,-7.38166534994934,-7.903525096648254,-23.04969401507662,-4.844954613794956,-9.384831003413147,-4.149894092831103,-18.00875240200902,-11.323189946709247
15,67,4,-7.548638371841576,-9.366021705994385,6.2004912947645305,1.894877860828008,7.237378825433552,-5.039912619287289,-7.828626573835381,8.340799485489436,3.731203277626575,0.30267473421536617,-2.2819719829755614,7.954090363527767,5.769491126510972,3.136808606648318,-4.035112942932406,0.3370267846167261,6.782908553814109,-0.7204626885770876,-1.7351349894207246,-0.6620363991838187,7.584324926501374,3.9356355924704465,8.402611813323412,2.0656220833749632,-0.6097183454037847,5.870004279130115,5.69759357009344,7.09684373656424,6.714828714864645,-0.43473152635709844,0.25443325328027405,3.5380976527202415,2.2923427180546105,-9.867412330457798,-6.6569800056607935,45.59317723425422,1.248603206127882,-4.844284029847871,6.608745098999913,8.36163374511298,-5.045569264988708,-1.4099130061960494,-8.95399014587605,2.9062636832610105,1.254591960369085,2.2900122596751666,12.452935561197016,-2.1947641270519114,9.843444325098002,8.34030145877211,-1.1382506634875373,-9.783391351732083,-7.945950547096937,13.344268721778223,7.51234107881376,3.5054387246690157,1.9211896229166214,8.511444064129783,11.233817608595436,-5.027968427484354,4.354618598616157,4.083440827001341
15,68,4,-34.14423800895853,-31.0939599471848,-2.8167918033489037,-12.80353966132714,-14.50113591697158,-20.95196400809941,-7.507441192359956,-22.543423475652197,-31.59416879486386,-23.789032338175733,-19.012171074202875,-4.041446913698141,-18.871045013480806,-28.351807886507455,-23.048784421348003,-17.05266573916122,-19.937915939383398,-26.978836036128232,-32.052297549640244,-21.35537767747599,-12.83945203885981,-23.876266901449448,-22.77854967376264,-21.409906781482974,-11.262267327333637,-1.682392023117622,-8.889555253361056,-7.559673016572872,-8.393542436928279,-7.739586190553382,-33.175383910900216,-21.656319828726726,-23.81643967875619,-16.085285410762022,-7.231981123456872,-40.82341335695694,-27.047181799598967,-20.10035423016767,2.712381332760631,9.998705497670283,-51.75267075183912,-23.92413658766849,20.780868096901784,12.756606266037394,-11.213946017686553,-26.18577219155142,-37.57508355088349,-16.848870827112254,-10.813307684550923,-20.636960000254025,-28.557362328306215,-21.457982490520646,2.586512482157204,-29.85544198097251,-15.758755483914445,-24.17152562098033,-18.73675732509936,-7.8500451217519105,-2.966303381614568,-19.94590959046036,-19.068997248939084,-6.327907100774163
15,69,1,-8.186620464298604,-9.89321286309505,-7.084448040656107,-3.4451732482852004,2.838256868374784,-1.662699706534424,3.464872254899178,-11.794988969579434,-17.563059236218287,-2.355170815092762,-1.6525613966443373,-5.408469633392353,-1.35925470129019,-4.338863365897318,-5.191356250153085,2.6433121728733524,-3.3940370412225436,-4.657565513580312,-4.062321053647507,-0.5723387239750749,-4.741427207411062,-2.355170880616129,-7.755713169854823,2.0639754854442223,4.282820595431189,0.05077777108995353,-5.350979528185434,-7.425119866378511,1.0290464974163245,-2.086781719779005,-3.756625317176235,-7.03255486797269,-3.4215371930665075,-7.904839628211382,-9.57889257852988,-11.62021471796239,-2.24153841196037,-1.7467273460337662,-6.741060775670606,-9.490004944013114,-3.8777736292743143,-0.8905231047694283,-8.190019734425283,2.6922309016099026,0.7180725100291211,-7.3752252491781585,-15.91373109115607,-1.4362579074620114,-6.6868570738631075,-3.3254325198600183,-8.481806059862013,-3.947672648400796,0.700093183075873,-0.30298015759212993,-8.158921010099446,-1.3404321367625234,1.252952045408963,-1.2502630838851732,-3.2726762813101407,-1.6894960982566034,-2.443148937894078,3.0503376451570836
15,70,5,7.461722643716578,2.5958341166047703,0.8315921691473488,3.787378838981456,11.732194091613612,7.4507013586599635,14.86594844784406,19.002530631904552,8.101649987488623,6.543832123921277,9.968078273371223,7.528780095739197,9.317302238468717,-1.7985540872089096,8.881893450233848,6.801053913988784,16.59308313857764,9.18051153589494,6.081819522575045,11.549910573652252,13.846714888838488,12.66823642560076,12.043891702284576,14.712818355052496,13.124745133719063,9.573508094919548,12.96274482795014,3.2811945605818646,13.839285504152413,9.107379072587147,16.275562645946977,5.087596426159996,5.289313236671704,18.15331758852911,4.101672472295964,12.956663187366074,7.728883521001015,7.440470026896859,4.794024138467204,4.601004916197825,9.263383935801917,7.614341327165987,11.28130894622243,10.700843667169954,2.851409381133413,9.939754734338239,9.095448244385784,10.940869518351269,30.613576582292236,9.911570627151468,12.929096645153152,8.839275395604867,13.92052460508421,8.327474252434401,9.290651858364024,18.77119549717073,13.884306894206418,12.05944100105227,15.249576898928451,9.096596763128552,17.017065481873367,13.784012888873388
15,71,6,-0.573162047061842,7.044817782996688,-7.536906679115467,2.7896899410563236,-1.0462026321442737,-1.2865670974956962,-0.6072351818552181,-15.843925037943734,-3.4228452380019707,-8.199553885156428,-3.83160349750386,-7.632905056688747,-5.814851145123747,8.49438096169473,5.674946743472503,-1.0402404477865224,-2.8885034487537338,3.3522555946667727,22.2894284083258,-3.387251604530145,0.04185446415369293,-1.1418889676016255,2.4292262148782138,7.374554609539131,-2.10322738187842,-6.316414388214668,0.9927359016430453,-0.7643886887718254,-0.605933824054353,3.3555487124362893,7.151976961277649,0.6011800865142995,7.111782333296843,3.4562676148205185,8.287512029271307,-8.03617263761372,0.498064314537658,-0.7683987750149348,-8.162791803501905,-8.011527397260979,4.642268510126486,-7.549840083981794,-2.2755318506189237,-2.133755131124904,6.251335461907902,-2.8003925752503753,3.846708088224503,-4.076329940430273,13.418649295344949,-3.302639637153776,-1.235789352391917,10.665449255804823,-2.8432562414346614,-1.4676289138406877,12.28397731289903,4.647646352614658,1.992542776314643,-4.709292788490105,-1.3566787141253156,20.885816116431137,-0.567080378327974,-2.288784017519478
15,72,5,-5.745171126128722,-2.0924516918489777,-10.565208315485853,11.868294038173813,7.561319540958946,1.3451062881518385,-2.5262536897051446,5.982308912431682,11.835874206409224,8.953027476806461,2.9827490086758104,-6.468926969290956,3.273990899392559,18.142024123041733,16.251123278288215,0.22974820498791645,1.1814926515500874,14.715885828919241,18.847946486367686,8.977918360927484,2.9010849353266748,2.73632278503487,13.545115608074584,8.76306228674721,10.753699631884505,-1.7297305920411166,0.8302443779596098,11.439073175986907,1.7981823381127384,3.012905015462509,-18.208178516931643,0.9031378681794173,-1.1188637191847108,-0.6192723271073537,-16.517580327509737,23.174759402235093,11.42592070887729,0.9339709969680396,-17.67416215742507,-3.15037943845013,15.979334690131058,5.159859108852175,-4.0834407967290955,-9.909193791415001,-8.33263968231253,12.392464244783643,17.672927261335868,4.167335685331193,-9.458308733123774,5.928058758889113,21.35579597886378,22.14860119379875,6.638994012141553,2.386860473126901,14.111379469494983,6.302000337950432,5.920144715914272,8.311108336624946,11.028867460418173,22.029477965540995,14.026933393827294,7.628742142807598
15,73,3,-0.327764912860514,-1.8554334339015655,-8.377926737504511,-7.857859561191417,-13.05322599615448,-4.429663136737739,3.0786478453338497,-3.0998539258839504,-1.497970766353806,-5.5006836554399,-2.0280698949425675,-4.685942143769707,0.03928508525061136,16.31464192535865,9.783783051821333,-3.4109872840174527,1.0779984743993087,4.678605587605003,9.705564867309016,0.23219146111003328,1.9170997434000425,3.833728144828388,3.5562429467710204,13.292335588553154,2.75331289402959,3.963567294180393,6.161113320770338,10.209677665011686,1.1842745767974445,1.2080833105478297,-7.814471408418122,-8.43397620015937,-0.20311108535928185,-4.5161605584321585,-7.493883666267235,2.11836505517727,-5.268073919774372,-4.168012907796699,-4.687927263096068,-9.901704549431662,-10.722467988854413,-3.7429150828137656,-0.9603027005043879,5.5666854541476205,4.2489067588069656,-0.7057432552924525,23.026867924965128,-1.2337046031699612,0.2618760129453892,-1.7209334534751923,13.650090528038753,18.642684449555308,7.483891443644722,-0.176507204197484,9.45694099096212,12.321217498316134,10.539567163441236,16.361243516195376,9.027195624757285,-9.012011435652363,7.181668047451067,5.8198173922123155
15,74,2,9.916158440111134,-0.2440891629312097,-1.4144675630973889,5.375976675667052,-0.10642884657065124,-5.757374342485538,-6.639199862969338,2.2564436812975965,-2.1574177619597923,-2.305063687656755,-4.559409358046053,-1.6832617230531643,4.7229896288382145,3.499702365949703,-4.490957688608363,-5.994213251079002,-3.1199313908497373,3.6454161723008074,-6.050893412687148,-11.466175031132725,-4.110423217981867,-7.107606088560887,-8.288474663819484,-7.475154117706638,-11.131817396855125,-7.079156525609108,-9.860427741915359,-7.867898309205825,-7.091711530535733,-9.845973841891412,7.241734365285256,2.781629744190269,0.7097202367717169,-11.280180268171362,-3.979581423356514,5.0615767893813,-3.536198828818002,-4.915331751517043,-2.04671985001826,0.6281226033503858,-2.953721799863586,-3.840765825336477,-10.491099837815343,0.4863923226324173,-2.211315994957328,-1.4668122027977968,7.499792710741666,-5.432105753599188,-4.4969264113844005,-1.0207739316449518,1.2927748759436193,-2.8484548384887347,-17.719429324156746,-1.0530809907742342,-4.77218062280701,-10.249042324063065,-16.417040589265525,-0.13943298338208032,-8.81417865884879,-7.791373111364408,-9.038668472172194,-11.07726180555708
15,75,6,-10.992842369894616,-21.65373034906437,-12.91372652769815,3.1179461457124917,12.741249527782202,-7.9611480113164275,-5.176311464298786,0.3724344543340373,-3.722426053201896,-4.907802721198718,-8.748794290989567,-6.643435733915283,-4.91324699902907,-3.7526815448598008,-10.688454556239135,-7.638834024512593,-5.302571958407943,-8.434719793592219,-11.115225530700853,-10.450659513825597,-11.476326652938821,-7.316812097106314,-5.457136115473812,-9.653260025241202,-10.678462371840602,-10.622764860905939,-12.25808382177407,-13.488853718631157,-9.098024299251847,-10.2268601931836,-15.41116550731722,-11.337218964833022,-5.792476519351687,-17.304151166684736,-0.10330831186800521,-14.936909873833555,-5.617064873000792,-8.281695924563019,-8.314308491671774,-15.151155151790244,-18.93644254581956,-5.181344052793728,-27.19703194317296,-3.0533718134208394,-12.326947161768821,-18.56182358507635,-11.20326334851363,-7.295054986243835,-15.279945208895485,-7.532478201407486,-9.021645127233436,-13.644380690251689,-11.992828489592158,-7.546394265807664,-12.717095416198225,-15.742854290312483,-11.106196021905356,-8.64915755520598,-8.957429370672513,-19.28950335991727,-9.048109606612568,-12.360197128251007
15,76,6,-2.794974853872416,-20.401448867306488,-6.041279588826001,-17.038995210717363,1.5107249219549765,-11.987151704365152,-5.198128323490226,0.9624471931616079,-20.7028424168778,-14.76589342760968,-12.075056902371442,-6.283211003108764,-11.616742364517068,-36.9616273772426,-15.048902321516024,-14.614642315606657,-0.30517122200008734,-14.870091394589446,-13.475024020322035,-12.028674269958234,-6.862886184281333,-8.288169310269192,-15.520382808657688,-12.105763804430147,-11.35207778323305,-8.0434493857504,-9.247110908090068,-23.566633839432797,-16.499773739984768,-11.833450741168653,-14.345529402492614,-9.745732929148687,-12.422341472991718,-18.41233875993185,-5.736579751334631,-19.357590106293184,-11.390174424889057,-12.609564457270436,-4.26399799363074,-9.976370775311183,-8.25238992550933,-15.757859245465113,-14.882931970786768,-8.698839866134568,-10.027314482072205,-17.03631964852898,-15.490465816564669,-12.931121576213974,-5.113144637596584,-9.945451304180228,-19.185624102493986,-20.401090415240066,-17.07591672122432,-0.9322646651417017,-13.275531405696599,-3.2571600625609465,-8.840463883016353,-12.38104469678933,-11.979928192205541,-19.39660959500001,-10.506396894752072,-14.28971896965692
15,77,4,4.153612112035838,4.175156862009317,-4.589200147129478,-13.021310652264047,8.131075641106266,-5.948202531160105,-3.1218899338912203,-6.981133152844337,-8.348381596344817,-8.79023715481162,-6.577374116313166,-4.148433413671714,-7.4000032609555735,0.49658379276714726,-2.984847062608093,-8.56780559592312,-8.168554762775848,-5.426595086822422,5.774510374860608,-3.958860028609663,-4.098080592695624,-6.045017534367193,-4.438453540748276,-5.663354417626466,-2.705668861835789,-4.040557278621878,-8.785636004719244,15.384183165743645,-1.4439794721263581,-5.406079501562425,5.2472130996742985,-0.06582256054744241,-1.2653543245865082,-0.45138307005626865,6.932984523134445,-4.6611507818466285,-7.977301540898113,-6.573005489119121,1.8132138092989365,-4.543069889132934,-10.392532070780668,-9.657363182183634,-4.3626388313089715,-4.864985577852989,-2.992913922340406,-7.457592980890744,-11.584521526198207,-5.856061616594473,14.68153379917736,-10.380846798283661,-14.48802317706186,-4.327324175207716,2.0686495944548104,-2.0108474590247734,2.7985069927129143,1.2367719253752294,3.739867573626703,2.7943774128400896,-5.666813537705596,6.218417518635896,-2.504908171965081,-1.6845830227816236
15,78,1,-0.37224196383258235,2.9359548916307694,-8.082395826344284,4.02533315379945,11.76839838857143,9.454165744515727,-0.04311592373769946,3.7910835685807585,11.63735087280355,10.663205063924561,6.382110823581855,-4.255280582594869,6.075412569158687,15.228403936378752,8.884004762850514,-0.2529792699894713,1.4350428879261017,9.687180550723548,11.573725960654674,4.875548740144725,1.4173490631609893,6.1893306006904565,9.062702980823815,-3.114022412564513,-0.8625050449953982,1.2510930362679966,4.748418453655623,3.25390018067442,3.3565644700330046,-2.605932583385033,-5.643502747696801,-1.1238963037002385,3.8668252733286166,-2.760058483013759,10.125284786380126,2.5385564573608845,9.160693123209763,8.52153594137692,-9.923594523082121,-5.588694957039528,2.3208587370094524,10.583917984284648,-3.1083589715474265,-3.8235765669279083,-3.6084947109495005,11.957321168082506,8.893538819961016,3.761013944122212,3.750251499981416,7.084560907934221,11.729797178833957,10.831951006633671,4.780360377847963,3.57426223004373,9.22736555519628,0.8676571814789107,2.2067548334371416,-2.431171515399998,6.240559839633597,11.771804436632408,3.23074869592617,-3.4610280944545533
15,79,4,-71.83470690686526,-36.46640483362648,48.245007837401324,31.719745627309152,25.86949340463048,28.88671410465384,42.46384482137385,-47.1394360094536,30.575061597384323,29.59264326031976,37.26630038890289,44.37800333311034,35.21865115139815,38.19439574440078,34.58708294018786,-28.94699272640594,48.465919068418245,35.71055425861394,46.658514647835474,45.53319067021311,49.22570653836717,38.05580579484356,35.39006592287602,29.598200372715525,47.83557206892026,51.268363181319934,9.8723851921741,57.12629701087548,45.553294944099896,48.86069463347878,-7.450116943295404,27.76141017645871,17.029587356600818,36.881902110195014,-103.80922364752463,34.556176755577326,32.10041955458681,30.029194016282165,27.99852149005662,-9.623741511005637,7.382229665795447,34.81146635560366,-9.551080299223338,-39.88751696304576,43.322180053094286,29.59237746051625,39.9318477801706,44.6897537587977,15.332462656788717,43.10431649956408,49.16212121707033,34.11162555230805,7.416760949852375,24.318155567019755,18.49881636001533,41.991275518382984,9.898643876289624,43.596026730587404,49.455494208522616,11.771226702266514,39.20086184234597,52.05207896050886
15,80,4,11.982822943558329,13.727777547180283,-2.8410453097213333,-11.469136254907374,-0.4393657910262758,-0.3866227683547335,7.020816532179444,-4.4628864069264855,-3.950082709581208,-1.3341779041745725,4.086541384662979,-1.1278135443458377,-2.5562237646592587,-13.885575080245015,-4.995667925626947,3.5943130513244297,2.3813232759399923,-5.4677856766545,-10.132302565840861,-1.411765342010412,-1.908973169089976,-1.182548334941314,2.0300085870378717,-0.4937686607718637,-3.6326686035637286,-0.9590810264756043,2.0357250550352934,-5.0856179018567405,-0.6290387863054787,-0.3592420804268883,20.459403728384803,-2.0371326341963836,-6.350972236814152,5.054452757101235,-7.7140047276597,8.334658097816494,-1.0343580143753355,0.8254175701877101,-0.8337964654059674,-6.298773623963181,-23.206814294032853,0.06776784289423954,-0.6521902527183128,7.756848413111048,-6.122392599030804,-0.6272727823347726,-0.5441945281970049,1.1406274873240883,-1.0184899371106007,-3.5358734846742577,-3.001013903356181,-0.6195644866788694,8.251108515746438,5.911945042972698,-1.516202358449469,5.025943349910584,-3.662021193880493,4.592161287427966,-1.6469046317222644,-9.534767482974907,-5.306482575680468,-3.7708136221484807
15,81,2,-5.567993369634924,-13.614988207978916,-7.3494777146318,-20.586248640697917,-43.63684572025044,-11.464223095383376,-13.510776941914388,11.88566926039937,-24.460948206575164,-21.197175243108475,-13.322916484000626,-8.268423868678278,-14.662113621194917,-23.244997235151335,-22.224469068210286,-7.2606100114176035,-11.725840096049598,-24.188894015487,-23.834903587973344,-10.79292484534629,-12.997462064339405,-14.690749235985034,-16.48328143362773,-8.288541107418633,-8.975574656991606,-7.608366001851671,-10.213090204383906,-6.120971778896066,-7.947889173357957,-9.390222187613974,-9.1068545429408,-14.78370680499158,-14.258939067850166,-14.24576655169949,-6.767525192561688,-21.035746161712378,-19.717973936394586,-11.732213905058433,-4.448406029356325,-7.042321413391969,-10.35758903895209,-17.026851901284815,-15.332356363560493,-1.166228827020926,-6.325470484208268,-19.704668766114768,-28.827198809966823,-14.504927041894968,-7.309356161143361,-16.113695355336645,-28.33872178056072,-15.488792718774292,-10.281568512229663,-16.321712836804917,-12.294095645465587,-22.472946675539752,-4.175482165318256,-9.833272760401753,-13.88665064799504,-9.356719907464049,-7.1850674479444505,-9.271503920269362
15,82,6,239.7705623580187,155.12770155581038,147.33420371427758,136.06202348848672,167.72319051405273,153.38165120089923,182.64827587546372,21.490309329658015,160.77342767540998,170.26494738532264,147.63207810390296,158.6411471599486,154.9082371868738,162.5269013672341,123.22387938964664,180.5996236219638,162.39800492437882,161.95735813350223,157.11816576922809,143.55789268889075,157.3496477051479,144.71031170065814,123.49589406571741,136.48042267706336,158.7538171279721,155.17097689175023,92.16058008845263,84.23682488610106,118.1262446990827,147.69375144853814,247.49884789745994,149.59566033177268,154.44346227296964,174.64195365731305,-34.59680280820807,106.85917071307583,162.72163327438074,154.69643568992615,202.15663904678522,106.67021390577645,80.70133004246689,166.8580563475446,201.00674316941237,171.9520997128836,116.3762968400629,166.79665552116023,130.40670992106925,164.62489703806443,150.967284220021,162.93873392081844,163.2634114841136,119.3385507130042,130.6856418731736,55.2538002278747,24.09669991060184,154.10678188103003,69.73808565808505,96.62914299819523,143.175240310227,93.19167123189789,189.17409542711783,156.7886084637991
15,83,6,-74.61433823370356,-99.71965505146404,-71.37364400741534,-55.7977559115829,-54.12382250806178,-64.38632245325465,-77.0404571527388,-40.4142965012934,-65.03519333862681,-63.0146725192303,-64.51189257022814,-73.17942796538514,-65.95524817123645,-65.71694216059474,-67.06884014170348,-58.554302429280604,-65.15747027862359,-69.78483335710149,-61.76128848442222,-62.30216353404809,-72.57875921813455,-63.79182150451151,-52.345737765475,-51.65143367430057,-61.081253258920256,-75.60603818660826,-59.17845455902376,-62.42993131352636,-61.39567977916907,-68.33461312985997,-122.8226905101683,-68.02685203057965,-41.827515969189186,-66.14146887093055,-12.103625840484725,-65.09207247233968,-63.18153258940065,-64.44368039689408,-79.95276942776474,-72.0626162610403,-41.407404211236184,-63.25486412426317,-81.50107934416793,-107.73036602939052,-65.79231839209069,-72.06422260912451,-57.23184941600011,-68.96832568325651,-79.97715596891027,-67.11103332333454,-69.83601616359334,-45.120554919649955,-42.09953685286566,-47.93214142758668,-36.68165235730205,-49.51341623067855,-29.208364083386215,-69.39213559394926,-68.26174594425578,-56.68873721942669,-59.44117376280996,-62.27124396911478
15,84,6,27.176941278867613,9.416606918159058,23.298238158771174,26.571246503875038,31.263071101415814,17.35409227613269,22.770110901944886,16.67260927370773,19.370071891240965,17.78853842146729,15.888860212570822,19.905641996460716,17.56424767462674,35.41299149811994,15.351643659106292,19.83883012504112,12.671390185246196,14.308767345780089,14.85837301122956,15.834490570154529,20.46085109470822,7.919625504532972,14.569939599552752,4.863896758102521,16.50981891715173,18.406774898127807,15.668015399618401,21.934223072796417,27.570395917427263,19.968443562889966,2.39068475005603,20.69747100516064,17.594974543104275,6.141228466090269,19.813427978717712,28.220269140969126,20.23970765788563,16.8653363728805,19.47800128483043,22.146390275240368,7.528713681235361,17.329559879843146,11.290398247880722,6.447229576737213,20.48756133174389,16.67938137517832,18.048322908103277,17.16267310133525,42.981720883671855,14.033081567085278,11.995703186851184,12.311736485600004,13.948974195021647,12.14340898721684,14.966919682430168,8.947954952330667,2.4270351816468474,9.602236620212258,11.29704416190025,15.687674521515424,15.533654849453852,17.88468947234314
15,85,2,7.638004129958374,9.565580792952236,6.022118488269881,-2.265871595318724,0.926481755291362,2.6755262262574044,3.1039703444509597,-0.3520649902227281,3.277476573817252,2.9299330257742477,8.087873316165515,9.184720930867691,8.231336520609968,7.975064209276217,0.8393204057384751,10.79449163931394,12.479114507393142,7.289072911345924,2.16282885094605,11.192076054435766,16.769962016038786,19.021612145608614,16.393045951281508,12.89339684908528,10.746588731593476,13.765701496383034,17.00509470178485,11.19925321025274,16.364954930571162,13.492764396672483,22.43351559843953,-0.1504476816370744,-1.2961477218323587,0.3083580913612755,-5.725126993280217,-4.764273216629903,0.3132978367800945,3.9244216559341236,8.39448525426659,3.5041572908848178,7.667881187477442,4.034681370640855,8.307343743060054,4.008050978706195,10.892946564676185,1.709321249458124,-1.8696549448480004,8.477888829642676,15.119246444801192,11.21555935099108,2.3109129068282668,1.7378372201786896,2.4764054507108,18.736007087477823,10.669486025893471,11.430628012763568,20.04800957358419,12.675433564113405,20.060571200272534,8.032467940194739,20.880929683768144,14.1809598306739
15,86,6,-18.02462707512172,-32.196995414157435,0.9728709823933213,-13.41249471384941,-10.913203229173645,-6.828003039924285,1.8925739817616591,-16.089508129227,-8.031352478329357,-6.830884588132732,0.6662988698155414,5.292891812715226,-1.3301610671347242,-0.48615331720651533,-1.6626930141185468,-2.414998075765808,0.7303154879113338,1.2526134475384174,-4.934878043966689,-1.0837481371084488,0.7872214329133684,-3.1221555306053723,-0.02430662605343703,-2.503467430133463,-3.6259163943596353,-2.576759262782772,-1.7125412885145082,0.16519377819012637,0.3140280792921228,-0.017946198219206618,-20.75964862866919,-8.546260859581595,-18.70583133110721,-11.849431709954278,-25.49887157513239,-8.9352738268946,-15.354359150148648,-6.126807757687373,-0.8023923148469244,-0.9433789751549224,-2.367719203716418,-6.673339354799965,-13.084152136634033,3.3174919239245355,4.344971529875382,0.24195793561819046,-8.445800881991849,2.007255497729271,17.280807101962765,3.960055145162453,2.000503238778923,3.914595438002768,-24.536809399746737,4.529811152234313,-3.5268971417553554,-1.5014364234847597,3.7607749272251456,12.18100104167513,3.040192722456483,-6.909912801580504,-3.4298762365275555,-3.899563948532973
15,87,2,-163.6809870179107,-111.26699696517565,17.27536295906345,-6.64575287199966,7.213304643950809,12.596458447052212,17.710227128936026,9.95191798741764,8.402186919230875,4.115542065715644,11.531672317534685,21.122077479742746,6.036791391613916,-2.689143590901682,-3.3273512860561327,17.105229586377046,12.761386594178571,0.6105216784323221,-5.814705106730736,11.197513686771295,16.175700249879412,11.77488508920481,9.737413783142452,0.7245392421496145,11.510957432490562,17.75945792560147,19.730263550379654,17.191242301802546,16.635395676408685,21.500547163052158,-248.96139786883117,8.264898380537224,4.18986964829993,-104.27549969277736,15.881443996788793,-7.641217529745319,2.109733881746849,12.705662421836728,22.782811949985017,45.373461171257766,2.353843037129903,6.462752372793083,40.82120928051314,92.69032721984681,16.537810481673038,-0.6962622968798002,-10.203861470230603,10.36738885771313,108.55481445571276,12.251437831420176,3.8107559546919134,-6.736187515314668,26.11742680315384,15.56460090785674,17.87588571550371,0.2004221144768353,12.428496186570383,24.19664228121499,12.630890139492182,-10.221654980579713,7.907800804812275,11.894054789715103
15,88,4,-160.39463891924882,-170.8991241571381,9.00178018774093,2.637695227545209,1.8686059362641183,13.754819671731301,18.599375959497134,16.598268431497786,1.384869345411993,7.682560756030238,11.005609811283648,11.594473902840262,4.5790086747927985,-3.8345314701167292,2.3417195415851193,15.944856460921743,8.629252800638447,0.08021000422900865,-1.5140910329887751,10.318164643116024,7.477776610883094,12.298085872294015,5.678697969389672,15.340927702965356,7.550789561804115,7.651110142208182,13.51983307492805,5.815116755971001,12.550792936871689,14.105722675486122,-268.78005170822144,5.241968029806184,9.807014146899213,-163.00171425284407,16.164506248993476,-10.850268832589618,7.835372081026435,14.66413202820765,14.227289226241172,42.54959188292666,-0.543895755328023,11.41458727378489,58.446837549529405,130.0648031729024,12.470317319762422,-4.764186910061142,-7.514439098306979,9.061136013442058,119.92083433343134,5.867541036216496,1.0058552750170497,4.423295973379892,26.089023519307375,21.641294803561223,9.957568118848451,10.56548048641033,9.20392197267743,31.568242328650314,9.581873717195379,-13.495015016833623,5.138347668845842,7.802009388940724
15,89,4,-173.4630370169152,-265.3785314501784,-21.650636408023725,-8.696310227424489,-12.561887305082266,-13.278797960499444,4.376315954425256,-22.20668879369408,-15.302479244552835,-13.032956014830244,-10.795580573607142,-20.1124114175043,-15.277814009681155,-14.01142389727074,-7.040827514808171,-3.071862432719545,-13.882228901853974,-17.20626039862088,-6.622780668787753,-9.164922367838187,-7.685030620408861,-10.692152719762989,-4.217841195771702,-1.0155354476925673,-4.693278571005864,-17.55223043536109,-1.3739874115917918,-2.8223422271790106,-1.8098807825860217,-2.6593727875932522,-270.11840535373244,-12.960919073101415,1.9938241080522943,-308.2675939187773,22.2950187176466,-19.020576490248313,-11.057921264661335,-13.416139632906393,-22.075169930474466,11.318801334093711,-19.78868976128059,-14.235402540689915,66.24231384730916,106.08860796544606,-19.872903329978985,-11.260567623525622,-7.557807316560656,-12.269868752237693,98.40615269759803,-16.145657106189105,-10.981920717590748,2.181445646366649,33.52481297894223,-5.332103841745001,-2.67020813646306,-2.0466069458109324,15.183289545338319,0.4227872879766851,-9.544062586728389,-9.767782216278343,-8.447301392277378,1.5349253670017182
15,90,2,-53.90935119005236,-72.51115741635243,-20.438781961253504,-23.209476727719707,-13.487877904460202,-16.747713634153687,-26.002048154622788,-33.00131330312025,-22.836743438389245,-23.78232004884175,-21.494319506353005,-21.648233002454916,-20.07398940697767,-18.201884616813736,-22.421757366508245,-21.427647051503644,-19.865267971019463,-18.957841177539127,-24.943217566191418,-20.17285587961172,-18.176601870585998,-24.823217903831736,-16.789574774055993,-26.678770783130172,-17.175214921669447,-19.951094914346978,-20.807159787418744,-20.35112916699628,-19.25564921999397,-15.243077024681169,-64.64153244971614,-21.053506280318278,-27.33835064492575,-62.83700325394552,-25.818430277450794,-7.998945849340003,-18.233036424192345,-17.844793551964923,-28.006289447635037,-24.01346251259489,-18.436047918185963,-23.379231673097475,-39.87858046136979,-40.51467698141821,-13.691062001304184,-26.98108039469253,-18.0060435287291,-20.882463321089745,-40.721227210832794,-21.806634732862793,-25.602843745452596,-14.036049371789677,-26.356602820160333,-4.3318787607841385,-23.616781131850647,-19.03734070251174,-21.686980239047514,-16.906699604763674,-20.241121790156047,-22.286374282983424,-20.093980494971824,-23.88940623666091
15,91,2,7.290686250323571,16.941596008644137,7.031240317425356,1.9664899675209626,6.748483540376696,11.773995442043363,14.971693501626023,12.275299666449428,-1.1685392516778723,1.2115025642191632,5.302777853544536,-0.06657277683659368,-0.8360471163263052,-11.82898248086979,-1.9409681999056434,0.8577180154985058,-3.9850057936046372,-10.208037681423312,-10.601512283467253,0.3907059729979494,-5.732689129904184,-5.954330780861398,-10.7785240960103,-6.414670194249329,-0.05423027569024817,0.7840809542685747,-6.267143743339831,-3.8714197565937782,12.378289317155673,-1.7500668943223596,16.51720854743859,6.831648151515193,5.062307134646887,15.589677721148403,11.684842124081616,6.546076238967431,7.735097999843517,10.947893979879677,6.394851680538374,1.2454429820134514,11.701819027509984,5.591596246492571,12.00961939261362,10.183438897501997,-0.24202432788953843,-5.436693650704424,-7.454399398670009,2.422427517645875,10.672267889331394,-4.513332204075484,-2.7839137161159093,-3.204954875985208,3.652400753347251,-3.419957087806812,-28.388370975125106,-3.2068073455267005,0.9949467649637924,-20.251857744234556,-1.634475751893548,-15.685204801036091,-10.225226969526314,-4.339002785477334
15,92,4,7.3648213045217314,11.004268654791078,2.5774497520405695,-0.20062793218871633,1.7981490895674535,-3.8575567877127384,-1.619948898745904,-8.201957382162375,6.8211778087950306,-0.7643155997772365,-2.555181356283222,3.6771057974178056,2.1821361104503443,5.703595500711991,5.335363780846819,-0.2064771645960813,-0.9112112741213205,7.893619146947631,1.4345316997240882,1.8658174264426464,3.340517188217945,10.233838219104747,10.310668841912973,6.80046958476305,-2.706678087223978,-7.082921004898148,3.4643344306954877,1.0779387052398086,-2.966927461394268,-1.6969653775052356,10.952335709864956,1.030042401912461,3.9760360263526557,9.788576680928374,14.56433597461479,2.4299499353098635,-3.3397735768656527,-2.9729161458416504,1.505937965427776,3.9815532431665166,5.847842136397957,-1.8900178085910397,3.244206722575898,-4.2215194212068345,4.952943746488901,4.935581739128729,9.04941093274278,1.6830559664224158,-2.892599915983382,3.823563321503502,9.709575042173986,-2.143813763307861,-2.220013552447554,8.592650051495607,2.6990627587841076,4.0662715160742176,-2.0517258711085407,-0.4529033960467892,9.199513323377912,-0.6367936564109669,2.7218423480304317,0.45030080828043384
15,93,1,1.6870859902516804,-7.153364526258398,6.613551940441004,5.051571286891062,13.327324907153427,10.124913048034635,18.586190080224743,1.6364410610332882,8.931920915154928,10.360364367078036,9.145263265114183,9.878659364199498,11.811056223534699,6.858882695459189,6.34963770827176,6.019748241541247,8.98780431507564,7.701336836925046,5.591914985521989,8.173388181372813,13.470821367451782,8.387912282220473,10.88045803398439,6.636510881317055,1.0559093576810525,12.608966945000454,19.44721448063714,3.974933913636317,13.152782997376258,9.179409474043585,0.8453953511127067,6.722297951144667,1.1929854209614326,4.4439842225188695,-4.151467639044287,1.37423972558321,9.159405059842731,10.319738174152631,7.352445520551469,7.328935595007797,-2.597075659460842,11.282835943959418,10.171727093697596,1.9720603283040397,12.08129781230194,7.404969450393006,3.8581476490490307,9.478824367454253,10.790302193451039,10.525279198676667,8.136234354205069,-1.1489532403988623,8.821999794931338,10.622798119921514,4.027331594673054,8.467916465807345,6.597544520054152,8.3501807996299,13.226871615281423,-0.7646077873594146,10.083357274486891,12.02143737045685
15,94,4,-5.421622192788098,0.9648838524320515,2.774538939717942,0.2028255647037004,-1.8609374933535365,8.954322067782188,3.5852171256456824,-5.758038211267489,0.5979732470913438,3.563333879713329,8.089586281376649,6.599509769840526,6.046020188777732,-6.276817314812298,-0.4248654566160059,15.315817652514394,9.530823763817688,-2.518459119595496,-6.700759889540922,9.900323568536653,13.737464393375488,10.920606157785027,5.196959832069894,17.843605086477133,11.295138637955514,8.069761170676292,10.56646316967586,-0.9290645227131505,11.627033334719481,11.608794997843749,10.90457214183379,-1.8098012033449602,0.07521063371038941,5.854959452751929,2.1830589163440806,-5.316395181083553,2.0206205681784133,8.959998725027566,0.6958439966391131,-0.9321916325957617,0.36299331054778583,7.472943151324268,1.834021488272744,-0.7966625282559378,9.878672697611158,6.098710078453621,-5.715904861445844,7.047739073872661,-0.40462871145729595,7.851724879361875,3.061837015065889,-0.16628921897400395,1.9966856869556584,13.373329121324163,-5.954343923841741,12.633286961536042,4.63580175257067,12.29388984792479,9.222352795007568,-2.9548637267236213,10.934389466950789,6.9216312560275535
15,95,4,4.354220144359802,9.54502530305124,-2.5757301731245246,-2.1818506266040143,-9.800261928756699,4.532553144015102,4.600487011692079,-2.09154881011672,-4.030100229718699,4.862044322042493,1.932941213085474,2.6907370477487476,-2.7561147713908825,-10.57927711171711,-2.3647514508537397,4.864155621551792,2.129758210974836,-3.66945728148538,0.10115719395803299,-0.17775540320747776,0.6521570324420753,0.5028845155838791,2.1573779086423346,3.179472990334034,-2.5915583307832124,-0.3285815609496936,-8.219365676867824,0.8598360102737279,2.4714060305737013,7.389964525985372,2.0117836169211367,0.8184330019725083,2.627231584566577,4.428195813738903,16.62158589037817,-12.470197880413478,0.8006661090341106,5.310353350723394,-2.7266758555523714,-0.06760191224038437,13.953349554979408,2.6170202993870184,-1.0471254768213487,-4.769544892580953,6.531821555071851,9.524436714726772,-5.192059947336774,-0.3375314031528851,-6.556041961910609,2.8398834260793895,1.671237865745418,-0.7149254910409346,-7.256971679082732,1.5957219109120897,5.64585978311782,-1.800545946899347,-1.543788842856884,-1.7512620246469457,-7.284465240360027,3.2586074578589996,0.8377667981719543,0.7291735413416134
15,96,3,-9.268874688636192,-13.483449422379536,-7.944695713861683,-22.48507691610879,-30.766693068531943,-15.106073989532888,-7.710539036390662,-7.164213223862694,-12.552837843098118,-22.968999455955526,-16.504905795610348,-6.623696915010307,-15.946303909099312,-21.675786243785723,-19.47928934560226,-13.973406987667248,-11.992596081208163,-11.204949803763954,-14.071490268154838,-18.63836216801642,-3.0221602195964716,-15.77684110439406,-14.855312176980078,-26.5054241439282,-13.343272738931029,-5.976977480984316,-10.50795716222762,-5.244637054024926,-16.44254235546219,-9.33322995842616,-11.235889128136746,-15.26234439416311,-26.5274268139726,-13.146249981642487,-18.753767353573394,-17.06369366260564,-27.360492930088846,-14.958514357621711,-7.782144418667733,-11.923652947948478,-6.779874438101927,-23.40488614428151,-17.520939262140917,-12.553568170564924,-6.841149022041749,-13.124579107695514,-16.21270129634296,-17.27319841818576,-19.931362855009642,-13.291465859383157,-14.47161739579509,-13.25049439178235,-8.011175565387505,-8.438816176772837,-15.921021281491681,-23.80960779802921,-17.075870202701655,2.7714450013619385,-9.603305528371985,-4.751731518052647,-13.18090728477279,-12.63750957510229
15,97,1,-1.6420579766173216,-2.8375729565883465,-1.3323188617246289,-5.57692333911802,-5.214388084257164,-3.472779765337561,-5.260604644069307,-3.0508090564753987,-4.435047648710817,-6.13761002806629,-5.351842661818384,-4.0256917491532525,-8.08580180735714,-11.507465167754775,-8.77468116316808,-7.707611045331647,-1.7475174270618528,-11.17194537002388,-11.110319040125095,-9.252561842398038,-4.124206434662752,-11.007674734778242,-13.2363326531074,-10.492474123880985,-5.011622250420838,-6.561904464399001,-12.072009344744245,-5.5921872011549105,-7.232977078727829,-6.950923949985472,9.222133706108007,-5.310911051792713,-3.2409401154699258,2.564383512453701,-0.8442533995910786,-14.570072344845018,-1.0862313214257893,-3.076782205142081,-1.5689520107301105,3.5566280549363705,-11.721079777734534,-4.794734560839112,-8.92466415158223,-9.522112855131216,-1.7060081086053325,-11.101628167262277,-5.540287366886504,-7.413215483220795,-3.606363505315286,-8.008367062799014,-12.49526147062823,-6.399778184549117,-11.456986223785462,-7.068407397106768,-14.125102892512361,-7.33019039591366,-8.279020279555057,2.5415308417542257,-11.375388566268288,-15.939445490517254,-12.509111072868109,-8.611565499769512
15,98,6,-1.0153959852518382,-0.9266012885505572,-2.293630731840074,4.560159620618807,10.344635706781062,4.436136463628627,2.959504645067924,-2.1212200302880526,6.86007110347472,8.071759591901268,2.4488786932353572,0.6065048172519103,5.56185867837005,25.82760586139816,18.10839577706349,-0.4891741691248086,3.268320898373505,10.44189561817728,13.006989564014066,2.4793931379142,5.842371235170018,6.538713252166191,2.965712437110881,8.080125248821302,0.42279398157374765,2.68371922604274,2.9935977134467446,10.190224311499088,-0.26382792087998763,4.481250922434126,-0.39248531061883396,7.948619572706974,20.537894259729413,-9.383058308151682,9.889335520764273,26.24117766775009,7.288462075109522,3.2434631231263613,-0.37914687243046086,-2.139239206438793,14.37008174923363,5.567050606194072,2.7285216235841014,6.470619979053282,12.356631758054954,11.446237115836821,16.518144785085834,2.7885214847834825,-1.183318524621427,5.032124598351551,8.731498812007997,16.357764562625967,4.545626078419985,-1.8441930247879612,7.144328409732076,-2.560167563783868,0.6579199322022329,1.1776020453288787,-3.3363343856479157,10.357296995046301,9.42933455500298,1.306604670167604
15,99,3,1.5463981494852685,-6.602318221146647,-5.3483769229340705,-1.8948778302249747,-3.7251149561347034,-6.770101265095896,-11.020276089471466,-2.5347388034073135,-7.874551006340106,-5.3007926579292235,-9.92171559246575,-4.942851882791377,-1.7556439591912414,-0.3957518907491031,-8.063055423518536,-10.027194975758903,-6.805781181447392,-5.3593450527462165,-8.144984986065186,-11.456096538268714,-11.522317394250768,-9.034651610125765,-8.670230791892674,-21.251119902312027,-15.38234403387008,-6.567421747472356,-18.918350239170763,-3.7625144551530822,-12.528849906810535,-7.4937973481534845,-6.882737914905255,-4.046924358188378,-7.643992796915058,-4.886337686750314,-8.280958927236497,-10.965229245129878,-5.370187185233364,-7.546859083288326,-5.9211803781430845,-8.298042044134403,10.672852065584552,-10.191658343392898,-11.562770934730048,-8.85934615349851,-10.426990237129601,-2.754415068201856,-11.407934753316532,-10.496424572814892,-4.483488385304354,-7.884476749521751,-5.1432673824587605,-0.5734740209470433,-2.994115603267124,-8.309249269971959,-3.751214280508732,-16.867832831584106,-12.997727628115834,-7.779568392510816,-6.9230188582101,-4.529917307754571,-14.533927683241476,-12.51237106691229
15,100,2,-8.724129133085464,4.634268000540205,-6.1764701252360235,-9.56273248644046,-10.476818561372232,-13.112156863074468,-14.286392723732606,-9.51645614345921,-13.919688099177508,-16.6816453474869,-11.479759184007603,-1.9053879136946512,-5.5994174592367285,-1.5550560139846488,-9.971358076555703,-8.487655323464423,-4.948880397146796,-6.1817883196167625,-2.0733701977538073,-7.246215932207498,-1.70832528360188,-3.844311222717982,-3.815210889843177,-4.165821937105914,-4.9079355351206635,-0.9485443618784594,5.302479048540651,-10.016565325261071,-1.462543132760358,-1.5853047474491884,-8.050234803566477,-9.472848850393257,-18.918283834553712,-13.970406030918038,-12.178982556502264,-19.40854038233392,-13.93979202435783,-12.498700635507703,-2.362533936075435,-1.344907059924814,2.810285240320895,-15.388963446009718,-9.04149684877839,-6.250704757403582,-5.905710628879452,-10.311047347911307,-11.995716515655927,-11.179421423593675,-2.672512016259134,-4.316999889785286,-1.373868017309776,-0.8131347836517706,-10.295278943893381,-3.81256180380403,-16.692089161801537,4.373122363703374,-0.39897202097288254,2.2912737524205062,-1.8478247315463858,-2.950375562903568,-3.197352897779016,-2.3924109751994656
15,101,5,9.760113780693398,2.5523596572030978,3.0110260953263563,19.005538236846718,15.066762395066817,1.5430984511153727,-10.476320674483924,3.620299520521855,15.551547959458272,8.850396325990628,2.9244488566984677,1.9205190645894272,8.548597844226693,14.124193417016274,7.285195500623984,7.09665118584909,6.9691623330241175,12.599413075279909,14.178144662771611,2.586333227849269,-1.213706808937032,7.439208615944638,8.62133866948326,16.32822607581436,-2.575789945063796,2.6504760119700568,-7.669275473610204,7.304974128213921,-2.534054924495424,-3.263208563007963,1.0604572982169547,4.634341079389629,17.522831533029652,6.802102964144292,21.567909952843703,14.274309075715738,11.036987356943774,2.4130859624412726,4.448598565851769,-2.33193315283918,10.163919235250296,6.253858445552975,-22.362467941532792,-21.067004140054753,2.4617855455726385,19.64157498013314,24.297912310570386,3.895673288357524,-11.458128159911162,7.930314919990822,9.527464243469806,12.146536183611655,-7.681445365181052,2.5489005497429638,18.13561045632572,5.075811504164892,-9.106369945408057,-5.868749406347736,-0.9878161779161917,13.386740561869997,-5.547511015882401,0.543470886649518
15,102,1,10.203011737286014,14.685789617119216,0.6470514257756498,-7.7182672669991845,3.8775412332189902,-0.7571119055061077,-5.018653379355719,4.03948820427787,-2.2374817373276477,-0.1456740169854065,-0.8132542940083805,3.8097202141269504,-3.1422926482613898,5.1354329271650885,-3.6671733335569163,-0.283599924281944,-4.645840421228145,1.4202571220343878,3.6067087122284596,-0.7078944046487584,-3.4931293438961015,-16.87988332291588,-0.9688076968531938,-7.72418944496468,-4.609084986468276,-1.501443086884826,2.4630403705168433,1.5643177878270598,-2.32984179953431,-0.7314309102324088,6.721786628772575,-0.9420643666441115,-1.2477733700922347,8.158894422305066,-4.756963288252493,3.441129920277291,-1.5025917251208207,-1.0374851669752734,2.429996385656456,9.648433208036822,-17.628224505906598,0.5940892606655636,21.656273213283306,13.254637381036346,-7.2242595342828455,-0.5428600296713176,8.17360062666646,0.5778427944268749,8.171250327865069,-1.178113197567075,4.14670715970839,-0.6890984046267263,7.635056212614011,-5.265066326595843,1.35827872118481,-3.023600928479711,-3.681487790166926,0.842932147950662,2.7723612153693957,6.7943415277205945,-2.159216995964328,-5.840499010663933
15,103,4,10.20074102370616,-1.5327410056062678,2.517396807443445,4.317763452247788,5.789004186526084,7.592730336856645,-30.605131120761715,4.096261391722847,2.054833133528206,8.199115696595982,9.056083491918196,4.993623007293337,11.398393953219056,-3.7860708116019897,4.572024101527724,32.625293503174696,11.138310602888831,1.723496175620979,-2.332464291964,12.225318613178215,-0.02009068016053639,13.62345340186958,12.271462043554227,6.866265709443789,12.502159739276628,1.7126873559602416,22.8111819459449,-10.045758690775887,10.477655062065802,6.440902316670227,2.3327896987519585,0.6523694863362619,-3.586106842918968,-5.138321070937532,30.723457726036617,-11.285743982650388,5.730883261171835,7.757213637414507,2.488821053741179,18.39514288124515,3.3912020187211622,8.949880381029596,8.171077707827813,-34.27082400192032,9.567990805578939,-1.5925615247248146,-9.874801954050074,7.6729602604599085,-34.84258504166756,10.635565590580484,12.287144226635377,5.553227460914059,17.37101601046033,15.222587919867854,8.510507975954836,17.042434434803972,16.022988335706483,-2.803420131240983,6.802395137072335,3.4174473183002414,13.67526694396283,4.636771046352095
15,104,3,-17.41164224564166,47.956634247448385,12.645848637946488,6.850550273877696,4.319024923447769,16.313387065944145,45.166233619061735,4.947479509762008,9.413778554988886,12.16269623601763,18.13092973392184,20.264532141796323,9.669433452529693,6.6622118054457555,21.222152437287843,21.395379727570013,13.033600025642782,12.167655915213556,19.715218620596264,22.005828525632527,15.038286154575811,14.159687375399939,15.633138932151397,19.10659579478386,18.879417192479803,14.267278059987675,16.345096662793893,25.508691162893125,13.169666987207789,17.82846068877091,-11.500892264792618,6.846248001961897,13.856740268674212,15.673951009742726,28.77044567897371,11.649374742753709,7.9732913885651735,16.326871558387833,15.30100539727306,40.36614116408478,15.276293732316748,14.734256953757022,82.42456689113529,129.45511125645993,18.37060373219685,9.981177661920013,12.680280297324522,17.19372537356755,81.08553609433694,15.62985242875975,10.90303187961576,24.78923759779256,66.84439701059972,8.961266881309262,25.946370428723334,21.37141857259883,31.97005597933582,30.594600978580022,23.18957859804719,17.57913984475294,15.391645772172508,14.236770236319519
15,105,2,7.626398499521265,5.684892416954401,2.152803409765134,-3.665553289692756,5.424590022303164,3.588038860712335,5.40639820167363,13.730187655903588,-3.252612151265168,0.6302073597396927,0.32316385406614534,3.9222971061017504,-0.8878142248424585,5.941078545889116,2.5335171625001074,2.479685299453418,0.4712944418169194,2.2469029455934066,5.131509047132216,-0.557194395450785,1.127182790901649,-9.434592905136324,-4.32851923792623,-0.12581574094549863,-2.5053596111446095,-3.710541562358965,4.924414361892386,-1.5104061871449022,0.12882334321010402,-1.275910994651297,7.714575723188404,4.25119067892069,3.1903814746623453,8.365438095342208,-0.43067490198172464,5.651602791315623,4.813908995856054,2.652979024475803,3.718820809159522,0.22277018025790069,3.937368433226879,1.2635019870912199,5.289851023929146,10.036264437636952,5.867368430126364,0.03693470594731588,0.8852580793588085,0.5237519471542675,0.9501444874331355,-1.747962235541242,-0.4364975608328763,-3.448864789861373,-0.7530154157429934,1.7008228728110448,0.49514295962048677,5.124000033869115,2.235177907113143,-2.548555325103422,-0.6475426584436761,-0.917751136349469,-1.2482514027278953,-0.9817278538745391
15,106,4,15.463377306010669,15.350720790010413,11.94918129770313,13.776922002616457,13.329615575034266,7.860907049502514,4.363077083136176,8.362071969001217,20.6954128175247,14.763496656895756,5.694499553009449,10.141398539403218,12.904331857497546,13.953442528071552,7.993866776310688,1.3372584914890808,13.063284663137095,11.356924512622339,13.143554485965197,2.9569419796873864,7.7342149568750065,11.785521303654207,4.600898691044165,0.5794826739172375,6.063727319467719,4.624262536073775,9.096404248314748,2.4640961097689655,0.3924255909670778,3.2410530454433752,6.5534791443269835,13.865159066848268,15.649279206741317,4.017339443083758,12.822694324683864,24.81465977612064,14.244186367510212,8.541254823675333,7.254694358945441,3.2837374199397584,18.263384786684345,9.273243380017673,-5.0630839071804425,-5.270583576647704,13.773761715796752,16.350706835919084,13.985497243992029,6.401876129391722,20.471155485138297,11.581327929638515,11.175092533469295,5.093837397990796,2.352123428079323,18.272274897286167,4.808896413390954,-1.97575175062549,8.139673568853512,8.983170075007017,4.453465170721046,1.7432017592349787,1.3477487188491333,1.9076253695444694
15,107,4,-5.7877891817607185,-17.889456533301598,-5.068614468131802,-8.741477743847435,2.6561991234278715,-2.593908761741548,-21.62364744304158,-8.29994089435786,-2.9761362156579447,-1.8647883259513836,-2.083249557343107,-8.325177036816394,-0.6443757401870156,5.859500822293142,1.594938445098772,-11.975280611855323,-4.406086800642672,2.469719632855255,-1.508089055738798,-9.374108460663654,-6.627062940799702,-3.7998009918303,-4.631233844350988,-3.5978784316287555,-9.987119811655186,-10.38323026668371,-3.7454247676267687,-0.09105210779689088,-14.75857689122602,-12.382153411935333,-17.492011593972762,-1.0732911652047754,8.962070258834013,-8.209639090419998,-1.6105674874469087,-1.9535099540172696,0.3576552687076529,-2.027067344686834,-9.309248635636232,-10.10988812754499,-2.483356836763007,-2.281188566569898,-13.554424107367195,-23.8633467198872,-1.7473248984982699,-0.9717754775008025,0.38735976949243395,-6.730909237501826,-14.215816426204471,-0.5125580106878932,-7.759119156838919,2.152305446610583,-16.646231062346835,-8.810938636272601,1.1269370901835616,-8.526774378162637,-5.730916458948675,7.757598731144355,-6.518522923573758,-1.7797315035060775,-7.075863436579974,-12.52502564700865
15,108,4,7.1567705242962685,-3.270213040318794,1.8497368750757275,13.157151792470996,19.745746396981723,0.6840059832192791,5.044646423133998,1.8131142292376143,21.64683202163474,16.197689679451287,5.310393137874353,9.001886445415641,17.98854217015025,39.304993324890354,24.476842731964314,5.156851529525652,14.448319912865387,25.858392477035522,34.14369347328092,9.8333856164678,12.057595299511426,26.155171499383176,25.964256974255147,19.902388637306213,9.01439499039566,9.251267101064823,9.954115648333705,23.25256614932199,16.455037656762613,8.166669134925142,-7.445237128153479,10.484201549824961,12.28661310571819,0.9782023730619672,8.73831743639099,10.479673484238099,13.894578034467086,1.6495006663565797,4.191469735806674,1.0499339448288083,20.153482348817153,9.459191751598217,2.649606214046884,3.333452906584501,11.059886459329329,29.961924086983597,38.80167735858662,9.7637521580952,4.8457977926279066,18.446704011137893,29.19559652485498,35.32864530857015,12.177926898843092,17.461032280743847,27.22698213305417,19.705472115092217,7.564838419827386,1.1397178995922768,19.508993774107314,33.423582920940916,17.293189543674185,12.446807342090231
15,109,2,-28.81982896958547,24.854170437817036,3.366012294981175,0.8399444820086761,4.788075242645848,2.6935587591128183,28.898080605082214,0.004694023646594131,0.9760114826125665,3.439656001583836,2.933996287333528,12.185163879099791,1.4079477551461348,8.602217298921008,12.518671742719953,8.076413805573816,-0.9036025864231158,6.538819435279721,8.99167516074574,7.264586797554787,2.5371622222237162,-4.589040787958699,4.1768631300457395,-3.416079661513608,6.793797181954715,3.5608507481562675,6.4085287462988045,11.131438825603157,9.312794024760764,-2.451919573836209,-21.553854547054843,-0.3080127932949055,1.5201262562058653,5.363375153420947,10.498595623804885,-3.3682365931752254,1.0355133124877018,2.294261352465737,12.181067348122832,47.58505607814323,5.59971617529078,3.94748678452495,69.5774664239186,117.92236960224997,5.574858504935263,4.483866726036925,11.99841883183433,6.1510679602918374,53.86885806820466,2.1937948207870663,7.998481113469324,10.522577055525506,23.215153413756603,2.023223128510505,4.463895621414225,8.468454251213497,10.280791679817465,9.178274146213033,4.888807565354312,11.517158628872993,2.0668901864371105,4.96031337112143
15,110,6,-22.24354386402341,-55.99051602075741,-37.97175831329535,-18.120459454997285,-6.448988978762363,-28.852813471438033,-25.46722167702504,-23.918446755354722,-20.216310565200875,-27.36531302932557,-29.283116536896394,-33.69492651740225,-27.132616993494143,-5.7901726407730045,-17.625190350704084,-22.860784449410165,-27.627872837025954,-21.93711123158927,-17.14992559837496,-28.722191065913304,-35.42998827376017,-20.24173922645973,-26.68211036339039,-27.475320504205992,-34.97519280525241,-35.075659394627664,-19.57793674170516,-16.96063767275887,-29.77272247450379,-22.20988230217566,-55.86953393133673,-25.416603387855922,-17.79673801323899,-71.09522894388289,-24.763709316268656,-4.6089987123793925,-23.538728810097197,-29.32142568568178,-35.66605057658217,-30.076140827158607,6.480917636726748,-30.36872381880516,-2.659193464941003,-15.295029906692308,-38.13695870448903,-18.948566019705435,-1.3335870295172403,-30.590119656266218,-34.60067345383689,-26.816756602285853,-14.944392376215895,-9.042120864086714,-20.45690729278253,-36.14913647858109,-12.883550710430955,-31.53440813284097,-17.28113909104339,-23.99185806131219,-31.90368224026225,-0.5217336168421839,-32.12768072107942,-33.83021653861534
15,111,1,21.70137427783595,78.3510060575109,14.664298074274537,3.943211061300757,6.749419746602455,7.889170864369815,23.787678049542247,3.420561218157231,8.037102196274732,10.600370341684764,9.039325674496046,7.510555027461634,9.426260694134523,12.10454878429088,17.307138838419103,5.879817221858876,9.00263010437896,13.103339884702747,16.507090084436467,9.910448669478662,5.39422155880346,-11.053067882658867,10.4375269173122,19.0742755036165,4.4956516544575935,4.8211791791567,2.2522211163191193,18.82861278349784,2.2560652120879325,-6.618066726752172,108.46174425117262,9.476347741739058,12.541099408380223,128.70953136119172,0.19313877543843058,5.795205283183151,9.96896125703324,7.21920031127406,8.985075603171088,6.274420498342182,4.053490697360801,9.800905779004097,8.310935671906918,26.035304584199704,3.8422264404049717,14.653595425733714,12.195693883227138,10.001334547269632,51.24102215032754,12.591186813101542,15.50096941430394,13.560545535755297,22.58268858462846,3.090771253509644,25.938635605046667,11.86654808644841,3.794675497295585,8.512313879980917,6.653872717081044,14.551289556593423,5.443293038392209,5.986591334204851
15,112,3,-5.609144126468268,-47.89979495585149,-29.954872917909178,-25.490844522489283,-24.948110716871728,-32.85172207057247,-38.380496561222024,-16.40273958410523,-36.69455287950794,-36.57303266159101,-30.839878693450146,-28.616120688760613,-29.441790454555303,-27.140982659261024,-28.44760057739006,-11.008099609224987,-25.86703029265856,-29.449724470208402,-18.567852180275835,-24.168976101127075,-28.971856958195897,-28.194827071186626,-25.917462845832663,-24.663030156918243,-18.8949930420736,-24.89693457911517,-26.920317095658934,-8.756263540376251,-18.247682728892656,-18.778777943135427,-28.647584472334295,-32.88521088778452,-32.37669625914679,-48.713234862955076,-18.37532440711539,-36.6673579379553,-38.7146554579731,-34.032743351454506,-18.21269338780719,-32.667041923850775,-18.340441228276713,-33.92971383911989,-41.62006925857374,-46.29740031947177,-29.550410359177928,-27.361097018949973,-18.276676769073067,-29.365955776251013,-67.90394429753468,-28.200018949681752,-35.19526753955939,-20.225127525945627,-10.078703073372994,-29.616319108683427,-23.958150076850266,-17.273132016706263,-13.362912054883505,-26.529099906919665,-23.810145624936002,-0.7301694315562897,-16.299696811196608,-20.098568242940505
15,113,5,-25.714856333122036,-18.213715817773622,-9.104205545316239,-0.4356610575469378,-5.477771244733022,1.753014786946928,28.21274009346962,15.631113960089664,-4.976712524425238,-0.941081720273715,0.4173961866351708,-6.0158376570836385,-5.07354091278209,-1.2038208484740518,2.089444049253559,0.6461218736622846,-8.545258290787439,-1.886386173277549,-2.4352547278920205,-0.24818560277770538,-8.048143425104543,1.4617464399091609,-5.319635171579517,-0.07272743619978428,-0.43896741450696064,-6.8360167983692275,6.97802593478388,3.450683944688248,-5.443425824019557,4.991219544669661,-21.212186844235784,-7.035203974102704,0.6851015008599848,-44.513598549656756,-2.317233665505557,-2.1286295343746957,-0.3876651799669726,1.642018074202408,-9.957495083544039,2.680724879911328,-10.114051004110765,0.7232047556274822,14.748909930630424,20.538332335469207,-4.735013582970852,-1.3616515468215418,-8.92874733113297,0.5454559966058631,48.52378096013535,-6.527433003094501,-8.35952242629932,-1.5262875332008672,4.394932733030943,-20.727454471878897,5.9660624313713395,4.5216912001530405,1.39391876229159,-0.19808509538699734,-2.5484822366284443,4.352347860215001,0.46498037527156394,6.24806896468806
15,114,3,61.79902692684317,34.83715395429512,5.960525210742361,-14.887074877837348,-17.45310501527132,-4.746951125272573,-17.066668080422236,-4.875097220331976,-6.891714263292843,-9.45692770551073,-2.5883117171668832,8.987193564566349,-0.4992129137603246,-11.466234860685516,-6.627189234873029,4.786800538257854,7.047035299559554,-6.5355861293188875,-7.441950660357937,0.6907847978319515,11.315641005409928,7.869192951919642,4.164673336012081,0.7170168879192048,7.212766771096878,12.23292732347802,-5.667676606170108,0.15992874721428585,7.276524535164506,10.452385802514756,42.11958763374742,-7.240087762157002,-20.78815135123526,57.34598663885415,-14.725984265755228,-21.085800243983126,-11.628879052655003,-4.552743451265199,12.8846926803746,-6.753502872056988,-8.664613917992428,-6.709749573580466,-5.073408136655369,-10.895084478722024,-3.5073641158140645,-6.5884486015888895,-13.20601745181512,1.625804794282175,-70.02277448689621,3.2685930332078073,-8.96724231968202,-6.728552241982869,-11.567816842682426,3.3592003817512492,-7.502846810904262,0.3580337395925623,1.0689955628817749,7.084959249807209,1.657388214995834,17.84912242068025,9.749265053195925,10.935836858047939
15,115,3,-20.893066395346715,-0.2699029761843559,11.266815260271308,-1.8481102446122564,-12.601411400942085,-7.066455378219845,15.330782899769348,-0.5894815457002378,-4.144755282672122,-6.982553928908774,-5.2182920900423335,15.028572724268937,3.152988647319457,-6.188354568237941,-5.573696542258669,6.179597286774393,4.405934088011611,0.2919787891243191,2.2469361557613885,-1.5526988908489476,8.415658174683168,4.995701130756412,0.3488780895656937,-3.5068130623236873,5.367245883783092,12.12702967360525,-1.53834460554758,-9.479315636338805,0.10047993402383021,-1.764587194661655,38.39907357272218,-4.433221841040748,-9.09342318237191,35.19645595841291,-1.5279009399215806,-5.376315257353022,-9.676311924508434,-7.310657391551787,27.555928793622225,13.68456203663131,-4.073023621719784,-7.654011537025612,12.264484200938949,44.368137287294,12.334237150030164,-2.8992525356844405,-5.611295244826866,-1.367308257919987,73.50172927466836,3.1061348007969207,-3.3999725219782273,-10.17954160345764,8.001136757399339,1.9879416063791375,6.422398385637232,-10.703320105633951,-7.838990583314513,2.6203399817288915,0.2883338227459203,-9.61430029581278,-3.514401810493595,3.5743817959389634
15,116,5,-120.81335617856291,-33.59077490225617,19.552760310434145,-0.7566604347354396,-18.226343953663978,0.3158804608009211,21.56015543648744,6.664163737580538,-3.315460253688622,-8.188280246061526,7.439334706958419,23.61346802442824,2.3002368276938796,-7.484090581536293,-8.698368459224428,7.008473959024542,11.024996701446243,2.074585235569763,-14.461445911617089,6.057984204434718,20.2056742870226,19.24343951972394,4.215311602553032,10.058300418472603,10.408858213278394,34.09912368309935,24.794827869184694,13.3973236780148,18.483705045734876,-1.7774011737144584,-83.5786527751423,-4.399971981532872,-4.6931125851143625,-23.86217170108748,19.127695746129238,-19.465154146366743,-14.421543490868526,-0.3659877036229663,41.821752920093765,44.04957427338855,1.831657909720044,-4.084449978727032,84.30999076657186,103.03294517208894,14.524791889613867,-3.4305800517521265,-15.575642174507328,7.801557818166458,246.65933553183936,7.472664265518602,9.484620468366588,1.3383673017435673,59.82585754990578,13.12300544435999,28.742387756344673,12.02117180063321,10.9217281905656,44.237076321389615,22.96147038798961,-11.861083795566389,-13.078873813742915,15.212197381902277
15,117,2,34.503254389640226,29.29405163396606,-5.353064280673408,-10.263801599875459,-14.966926357163699,0.44467066695186813,-2.192128324199741,-11.990259013354502,-9.756681192405065,-3.259045706929854,2.2399515646869026,-2.3802211343242603,-5.575482581969256,-15.504760357744361,-5.004312386111605,1.876851999734689,-5.862216277258112,-9.872199304356453,-10.314101318101873,-0.8383709595896442,-4.114154450549948,-6.2057762524707965,1.5944604551215185,3.1586852204004883,4.96656103209569,3.424737328226911,-0.20655687235113973,-3.6828355854717882,5.6090378756067025,-0.5374887973501725,53.79020132287973,-10.697271590700327,-3.085605861346535,67.41246014372972,-15.98076879163841,-14.381554606240007,-6.539045153566206,0.46870505855214295,0.6489435759218265,-20.966796414936578,-11.198655634130374,-0.7630607882804206,-8.510069804436457,-9.699270791760306,-4.7963479364109105,-6.597796770634714,-6.976863935680654,1.3188011562906032,-65.00647142184219,-9.197123262985821,-6.868556268888001,-9.428205871143915,-2.9801795988729802,-11.943710484337526,-7.778512738855198,-1.035287478779693,5.568046512525169,-12.047264500682964,5.436945825531264,-2.598782001937763,4.260193622979139,5.015838302717333
15,118,1,-137.97547846114858,-129.62545063328446,22.688924887194855,24.191430376433757,21.97089223154797,22.99841165206419,64.52330596381574,16.193261202515615,21.283360746575568,24.120037304192042,17.26188490519347,18.594496035176075,17.735144685317827,25.013488400636664,16.3391809845116,26.444793483469542,15.436494521387829,19.12095682395669,18.951892291990713,16.544091353340566,15.138792673171285,15.92791290826551,18.56287275545481,10.561908491773577,13.443925371078379,11.493456196664583,23.640775736989216,20.181341091602494,15.763363194346656,10.836810935402243,-140.29815598886185,23.290749026326136,21.341468255330863,-169.57927403072034,38.94371974577264,27.411748603463362,24.270398903002082,22.882681123912334,4.913014595714828,50.70705229916227,33.38403215486463,20.753142041676668,72.25833069914728,86.05383626326191,16.573928599313998,20.405824217865838,23.2535687009009,17.17060711029235,192.41180834174156,15.629653273740924,20.370516119388537,28.22131822694366,48.98384815170541,12.581134800140447,20.086192479584273,14.348178536631167,26.814452552507767,24.662399386862152,15.779629616299644,-4.2342006257712494,4.349678861976763,12.431410742122189
15,119,6,-17.13019337414811,0.48886216945219163,-14.415269231128436,3.48180263087426,4.021947074329433,-11.087174331769347,-8.989982090487215,-13.569130263154998,-4.33403649935272,-8.471793885751651,-17.009569766068065,-19.745467527889456,-11.698711748212201,-4.949066337481953,0.13553576357662672,-19.62028259384196,-18.487927789070152,-4.974508332020438,-6.25000097519128,-16.276465594291498,-20.115438813479944,-22.183882638448612,-14.219660590158586,-31.953404402224017,-19.128851001060056,-15.945892214320788,-1.5607656785343742,-4.6687196641677735,-16.02551803206343,-17.45103345402493,-15.988052068391768,-4.740159069903459,-3.1263648792256618,-31.697742822054778,-13.724803064875285,17.757246971402953,0.7827331609115351,-10.946851526568762,-21.635100414209848,-20.30818598156385,27.09989161782604,-12.114985855330318,-32.2447060317528,-45.91527211811488,-25.8394570112024,-4.646099364430431,2.7914493807091794,-18.407292777587223,-19.44383512709926,-15.549801890120753,-0.347065555181628,9.214498352145823,-11.70900936408832,-16.87940521901702,1.3610407062550651,-28.913171895802396,-16.329122343032456,-18.525446741864457,-29.034160759390836,-14.57585527927319,-21.6323449737506,-17.424183994818414
16,0,3,36.957542860176325,-10.178557449906345,4.711764948590228,-16.783464622519144,-18.281488274655697,-23.102359098518598,-17.145659895204922,-8.355800087467152,-15.073251255770867,-11.003396017704064,-12.995010394057843,-14.165535086084432,-11.41412638252738,-13.186096822979254,-8.20110107449497,0.024282641140971034,-10.971300987231475,-9.422395479206632,-8.575215495509529,-1.2223857552886415,7.836416746307978,-1.1271186698137257,-3.065702981565422,-4.092132058751304,10.143162362459233,9.253866266047512,8.527474150936143,11.312112470537919,14.606186420435273,12.68188952336588,45.195160511443866,-20.41809128520147,-10.166047275838691,43.90302842180812,-5.439166580894733,-17.62557584633369,-23.802799123907224,11.914554749950533,-4.644309323190187,-11.32811248388777,-18.200560447918928,-14.88485251389807,-1.194518318944951,3.2387315467760955,-5.3814946674719115,-11.751793103247161,-10.052575742269347,-8.258876503479282,7.171665253231255,-6.768380523068691,-9.762318236094604,-11.049260874301561,5.37138303677074,1.0764395509869225,-2.8992573474420307,-0.5695706991728665,1.235025374769665,12.86041834518858,8.86500283141007,3.833836000355915,7.1930058588069405,8.64611798801414
16,1,3,-10.579072629760317,2.393255571051071,-24.061336965041743,4.6975594735363595,11.501266178515998,-0.003502875475619782,-23.494043947776735,1.8018222226159324,9.952360632216065,12.385838545677133,10.004113954264765,-10.306277696592682,5.444860841988061,15.679701151644325,9.554489921505859,3.378552087991522,12.309052000503703,13.934907954095351,9.186872148295725,1.594826404005289,-11.669351152899653,0.01750131560171614,16.850419956463853,11.949462359634838,1.0634764960240122,4.535419132776286,7.284709689593536,6.6044714404156455,4.27862421766196,7.001130155526195,-23.998479800457822,5.233620206814073,1.5269134924974188,4.843328849085966,-3.8253634645910233,12.872527235119438,12.579780742707781,-8.195441274154117,-17.820850863182496,-1.247022193788392,10.327467330527021,13.425532672429314,-2.240238944272988,-4.877861179116113,0.818268525857115,9.55330790579319,13.817657489602144,1.6798567288078197,-12.22156713957467,7.123125784280828,15.767129939503779,14.337821725301634,-4.411986869646284,-0.74904848086625,13.124210300242039,22.647372952866828,12.331669581224906,3.814652220141596,3.3044358698946477,7.397607563835818,7.631513193067976,9.566068255439083
16,2,4,-32.74319526625845,-24.632728052393684,-25.857016237770637,-13.795479999128265,-33.86739334645793,-22.345843437968245,-6.881908200573314,-19.153800610543737,-22.107524747256097,-24.086063952798522,-21.640062880861326,-12.896589890531288,-12.533238579439587,-18.74809594520526,-21.019127125840445,-15.817011029414115,-19.225406320617967,-11.63228213717798,-11.273240291717933,-24.628086361170897,-7.127694134254056,-12.93024229963606,-16.59645486494708,-18.405477078688314,-20.47411521220943,-6.032950949761444,-4.133652847565116,-12.084529012873231,-12.8873237834011,-10.86069381916781,-30.94652362608509,-25.893429455233786,-24.527120632187614,-44.39234866056497,-22.806454839866323,-27.111462556007417,-28.012858989762094,-32.23818122849958,-17.199798727396686,-18.33385403781403,-21.580380674905886,-29.800074582056286,-34.25550629707371,-31.08703003732898,-20.831129508956185,-12.22889638910207,-24.228132061115133,-19.098548905833113,-14.167053565405682,-10.095222479504782,-18.391029910252588,-21.90601601088191,-23.305437953688394,-15.908982351229223,-17.218041941455404,-19.469216496513287,-15.258013565769046,-11.195250219006724,-15.573403480349155,-12.469846444567903,-13.576448516942936,-14.234461875166744
16,3,6,-0.6321689914798421,-1.0477437705210446,-0.68237784106239,-1.2036809507166824,3.167837736651121,-6.5297426372743805,2.1240841944264717,-6.746354062337334,-3.081703016489016,-3.4819119235432536,0.2943556203631823,-29.050327122938363,-3.503343152041296,-5.282565094485153,0.5349304690934354,3.444722244970321,-5.705935136687647,-3.1275204706414623,-6.97907336324449,-1.3700403018468401,-16.93459176381186,-7.9498321633422515,-2.1121865607991173,1.594468388888169,2.2660357866879215,-3.6474689133238156,-8.091926114537136,2.748112954202156,-3.921139621380263,-6.104828273928607,-3.4448862022311446,-3.143037402029179,-0.8964139676720998,-6.861710724807006,-0.39177959126124995,-5.727176484720009,-1.6573082367281256,5.503153907237344,-8.842178148456012,-0.7368662071857257,-4.621579646882482,-2.034425137825764,4.261627585683925,-14.069595077143214,-2.9597979135834014,-2.711967139309997,9.154772756621242,-3.807542989984517,-10.777173328253143,-3.545075336970934,1.0226027423107034,4.003788723973784,-9.371604170493013,2.0202023645312086,0.0025667651249775547,-0.6991674255241818,0.08953828179765835,-2.6790438458982218,-1.6153732577520543,2.3460748927077173,-0.02308771418543709,-0.8935064190726081
16,4,6,0.34343003314101944,-3.035428391565091,-4.519104108009942,-7.883256515595922,-11.312090905315078,-4.1838401755227235,2.295887581209039,-9.132806630532555,-6.891083758029084,-2.1498550399342826,-7.105495064587497,7.769388121961639,-17.600124142473422,-10.872643186642623,-5.841873175498647,1.2623104955773887,-1.95916134793107,-10.502432756693798,-14.521596073013992,-5.629234841615869,-5.271866801490147,-10.01277187960108,-27.264060617947017,-8.149520368156267,-2.9609798657560185,-0.377923504040553,-4.697046160828556,-5.038047458613056,-9.605708177405873,2.071588926448873,3.156034979485146,3.3660073627401204,-2.864060608201613,5.272677804343402,-6.052591907581673,-4.193723282118034,0.10552968450526531,-11.851973709775278,13.234502468167289,4.629051250047847,-11.594380650956113,-15.82322301470288,11.690061879594152,19.774085048131834,-5.523092567761676,-10.10246553453731,-3.029988605937944,-2.624516772404429,-6.060391321960022,-16.41457440821659,-17.85215657858588,-12.080594792416901,6.228355465848679,-8.373624898175278,-11.663419530704246,-26.30697686025281,-5.115916763432324,-0.9821560970711986,-5.919181643391061,-5.366020952919262,-8.601085741799785,1.1426787613749099
16,5,2,-6.7065975990078295,5.713117701160472,2.024930308800101,4.796316509083962,4.2280614729204045,11.161433918992197,10.336819736800926,1.0989190686917185,4.077469313890593,3.0393884305546925,9.071920983330774,-1.495737242160319,-4.440660984323518,-5.17974018237394,-7.175219820934442,1.7589468977686658,-8.288827525406354,-7.714852425928518,-4.297773349666738,-4.4146873575476215,-3.557011813691977,-10.396782253210139,-17.543651513937043,-7.904126934798028,-4.9307274106526515,-4.273119607395149,-7.539050080609031,-9.96487524151439,-7.3780656721806395,-1.4639399084830416,-6.463818327819069,3.1309240577570683,5.499724423819469,9.619633329288312,1.598346523554405,5.905864855183696,6.971804548611456,7.0009618440597565,0.7422023946419358,-0.727539620339507,2.415648744873157,9.44610442769737,12.009989981107955,6.735672900024464,3.2602792454474594,-10.419615509987974,-5.23791678607032,-3.3384073862192616,-1.516538645822282,-10.281740503521952,-6.752660925176402,-6.602629414816364,-0.42346486533287864,-3.8523682125861125,-10.675698637235449,-8.262737409279845,-6.5577050307084095,-7.903592057707838,-11.692960727687293,-10.80944092099259,-12.839949009349429,-7.419366616426349
16,6,6,-17.617685888456652,-4.20724290984444,-1.5133723287116259,2.8197659907522534,-7.3047130778659,-0.16767505940231472,-6.365134670240119,0.32059246736646746,-5.7534521730026125,-1.2513187972079152,-1.6891703334744903,5.396084109309877,-7.296313958583258,1.2353531933764401,-3.7618464155622413,-5.4106994460268725,-12.610452238376618,-7.649549348345145,-6.292221995729313,-17.96627512071622,-10.450381804879461,-13.56324388581987,-15.319261626198468,-18.340618145901992,-13.983719253776272,-11.38119445310724,-18.879914159500384,-3.73251645530506,-17.339507122592227,-9.324311493609171,-14.077170218159326,1.3998835214027547,-3.8128706256563674,-0.9674371559223975,5.393344875995819,-2.9872426014257303,0.5988272316867426,-5.536896901483438,-1.5416237474987047,-22.085200496290522,-13.83884285405141,-6.655577649612246,-4.159855205919554,-13.127113466787081,-10.342281086415772,-12.899730472371171,-2.2197265839317746,-7.378126183024991,-15.364004891973407,-12.603416312213355,-6.920348859389265,-11.114417304563124,-11.74000767193644,-18.26720512240399,-11.79532846479064,-25.10766152189989,-15.29791233207032,-18.060299838336604,-18.07777959321875,-16.83557607678743,-15.791684395020324,-14.384519117114854
16,7,1,-19.045988994536966,-9.93433313659199,-3.141320469857351,-15.124323067368893,-19.10822489248907,-9.906840918290358,1.3066784187628917,-12.437242363284271,-16.686648904005207,-17.064395456086466,-7.093554292919067,-18.14800042622699,-15.703992378966117,-13.036052432990187,-12.597601203429631,-2.549783591868176,-19.973479950573388,-18.596658220469223,-18.086717789311248,-12.755634819270997,-14.554795496665479,-17.573033101674987,-19.409883889119786,-14.006763766979704,-16.9611694696473,-11.412525922855039,-17.113202399687797,-12.44510230367503,-12.8833680164705,-11.979348754669285,-8.923986103521976,-15.695524322505038,-9.669876775920116,-4.835011753043519,-8.88059735443534,-15.065913463102229,-12.90111520363973,-8.79369475733398,-5.020485748150724,-8.519933510276418,-18.887951075667278,-12.547047176057616,-5.21334938898047,0.38172836716445807,-12.274644795146472,-19.957492629929295,-11.430023046573861,-5.152765696550289,-14.080280423573242,-14.355508432928008,-16.6345289823849,-12.279795561258378,-13.334588190665611,-14.778559183747294,-16.87509515431777,-14.698205162475746,-11.875203729402738,-15.986290854197463,-14.997452716274953,-9.125843964744265,-18.497719958061115,-10.674141360537666
16,8,1,-4.149972213205043,-0.5952510657016102,-0.5755324673089316,-8.226587315726025,-13.23199178332963,-2.9860520214069535,9.603879207904205,-3.053123741558322,-8.722731903831404,-4.138669906184077,4.3612559725553135,-5.741847880661671,-5.532104174231702,-4.403268581994514,1.9377517286516328,8.262284403008119,4.41072293452737,-6.396198732432025,1.4876789060171385,4.4997435636227845,0.38991176387545046,-6.346464367492532,-2.7797248226295177,3.0241778709232943,4.250299386452978,3.518549493678687,1.9737119338554687,-0.9543230517131335,0.7776664944121443,2.4488783379244357,-0.1561009970013753,-4.868215431226417,-0.43746765489440087,2.4840060427636534,-3.7748483114126254,-8.413239055483531,-4.884228485068535,3.7327278810553253,4.743363969959319,-0.5532729861563606,-10.015006381223298,-4.073625687470025,11.806906836970544,11.270660575785932,-2.805236968200473,-6.6739675516217245,-0.32096353952386897,2.8659845225331253,1.911036011169485,-7.3404058337257005,-1.1735400092651722,2.7607223187436927,2.9275950470643997,1.2678149924954265,-3.3922873477837654,2.90522337034089,5.018514290997162,-3.614480868493003,0.7830545567771112,0.559713547617743,2.933884606449638,1.4966777117905865
16,9,3,-20.178754454563784,-5.875491032294547,-8.519726441287226,-3.9334211395826335,-9.881863726268913,-7.20240147916101,3.0711168545445955,-2.1415595658188806,-0.3996481384525481,2.351376621529641,4.945122781345939,-20.709453116966085,-6.928601301116187,4.000307455136463,5.677368826573578,2.839001459506818,-9.353434240377343,3.6929023519226494,7.97311840516447,-1.123891940238181,-0.0381430387383388,1.0784627716170565,4.300391942989535,5.6973116747330765,1.676711967510239,9.205141211610016,6.713991551432851,2.241839402059955,7.197289473110263,6.529337132542689,-20.87867248003803,-7.942196689301914,-5.750553301081249,-18.902902689580696,-2.816789422757789,-1.4850129814841195,2.4071548263337923,0.26683325911644984,-2.074824321549386,-6.10275766289248,-10.749047070525862,1.1603051805868743,0.5797038701215267,4.033731156238925,-6.173988016262626,1.1102645399912099,5.7821004600661645,-6.778034941475026,-10.251711858572763,-3.4840343677120793,1.3112338350414274,1.6342895695167359,0.13103757059292465,1.796645618032482,0.7371336219877724,-6.882908985927343,3.8366571063312103,5.7089849812342095,8.278090341830138,6.951037650700751,7.1573476065802035,4.294072012212582
16,10,6,16.564493560118645,7.031296860773069,7.9536499406619905,-4.301349572065037,-10.940008381813223,-3.518661644988375,-3.794860246920638,-1.4726797044731508,-7.252545648595178,-3.003919992505048,-0.787515079433299,-7.2194799346985645,-11.915585619959659,-24.11691225104308,-19.447819900721683,-1.1106009958879794,-9.06653295670886,-15.800834045631857,-20.092895981787546,-3.2079436057474364,-10.700015802651919,-19.818452970828954,-12.986136799837206,-13.7624401897192,-5.232541693397228,-6.099371294104832,-10.482028280566563,-12.798618081093927,-12.327817241729399,-5.21435461000244,17.430287834892916,-4.746746013395306,7.149936319612778,10.372818802324382,2.9148605495958178,-2.195534478248348,-1.2342359296545913,-2.2558378151152283,21.129151855663547,1.863527587952134,-10.104833789351513,-7.520884451251931,4.7704031570110335,20.783832465003186,-3.3290290543582395,-20.08165834939517,-21.163490166069895,-14.87955077146976,-10.31116526700533,-22.09082142861061,-20.211880535591487,-15.533811099781866,-3.189622692059634,-19.229146410370387,-19.53250060675712,-27.584816984923133,-10.317709405929214,-11.88223535651569,-12.152334187963486,-15.227130570085485,-10.69144848102658,-9.124649231526544
16,11,2,11.022592637571506,4.567678113265329,11.063151454598433,0.5446107402648329,-14.855315547930545,-6.695420312899643,4.953681509214931,-0.5953157362925643,-2.597283418125628,-4.4167666386517626,-0.18464141148255994,6.013693896430707,-5.17416243579965,-15.353681757023978,-1.5879069983323166,-1.143252428575623,-0.5302456281908853,-5.288263698812669,-0.61179035120621,1.644172602696571,6.243798986811296,-3.926894370352897,-0.5649807579451935,-0.3854900859637033,4.419902804318997,5.847045520177146,0.6017994706024894,0.5084606495049846,6.966382022790906,5.180313925463253,11.104624872572906,-0.5444123254579267,5.01876026210829,7.461400729308766,2.8739868401366624,-2.9412354546479813,-1.9880167005907334,6.819046722225297,13.08823272366668,2.019369743849582,3.0878933697495956,1.1957175502434336,8.605563549483877,10.258329211779659,3.6119098855954825,-9.66235778018088,-4.216120770314661,-0.44502983293950416,8.603665434959822,-6.499925267791782,-9.396784122794772,0.43151023836306723,6.300418387112144,4.665943290464719,-5.840660986149823,-7.720257643767469,0.5072657640387361,6.94602922264986,1.5037092684438773,1.2316390342226748,0.1777393012875459,7.589819717516263
16,12,3,19.500548028273553,4.713369730025212,-3.015420729067268,0.044389589888431336,-1.6243116026630675,-0.45584468075596674,7.727949292012828,-3.981921813240637,-2.905693556908972,-7.712276976777053,3.6937220284442702,-2.1660536313656626,-9.688611836149926,-7.654631079907147,-5.7994766429679965,-0.4850364891278396,-3.7834673464161943,-8.518911082070415,-10.026321625836738,0.1691935319828275,-4.608871041944751,-10.055409946751485,-9.10229914615154,-2.7222039600743386,-2.4677255608300426,-0.14511794044363613,1.543017090076761,-3.538436332024726,-1.3990725045739787,3.0244107706047787,7.645502974052078,-2.568945781946773,4.964923354257583,6.856788639637934,1.8256174674166772,-1.2914030686157145,-4.594712946694569,-4.293075551706929,5.109756578307983,-0.06301673083202669,-2.2237211772149834,-2.7146806164485646,4.125801674930785,4.254259535991705,-4.186445787844316,-9.154673509932937,-3.219280358403921,-4.454857906103048,4.746301739558961,-11.224157252598829,-6.933225739077187,-3.260749405766722,2.642626358309713,-0.0075492337346078076,-7.55257831561584,-6.688518256778128,-2.0334976366068034,-1.0238235462684098,-4.3055210625298495,-8.93848055433028,-2.15274104659968,-0.7858067895626517
16,13,3,-7.614011841576282,-6.12393870431839,-1.917636206737015,4.307621807995729,-1.5776616409420967,-7.0437207365221814,-10.69431724526533,5.622828775062797,6.180579509858683,7.403474307641746,1.657032190117895,10.807176146599488,5.695236784655868,8.354514571224772,6.329916460303273,-1.5898223513163776,1.8793896354916626,6.14989926684194,6.367063012519255,4.214584997877839,8.927993688664234,4.230891364013275,-0.1395747087350696,7.139846270585934,-6.963923086018999,6.343194420460799,5.603899633034875,1.9751786501998656,3.2157732580175087,-3.337902702584228,-9.6336577187048,-14.014062824017344,-6.368322620202405,-0.3961063961998176,3.6134024127954385,1.251883772769716,-8.527439630303602,-0.5984950705158814,8.510637172997544,7.814631753249047,4.017843256409209,2.8894001463564423,4.983257215396252,4.860545439412817,8.970006186174368,7.463622312175063,6.4695643831680405,-11.066123647094285,10.98469977219384,4.704871474640302,3.1077025323742764,2.56450684350438,-7.060216900563182,10.201968746736835,11.754161509526217,0.7161940968618132,6.1388170816822,11.319618495016524,9.758569487029828,9.381543276087594,2.387418877878562,0.8288978297950533
16,14,4,-18.3695123346477,-11.438948314108815,-9.460448061047892,-12.508308835940923,-21.095322709053566,-11.474002577455298,8.247858949312263,-6.426050601998439,-9.412822971733776,-10.73050187641708,-4.9230962378290934,-11.704862729373689,-3.6828769579495693,-7.103092335982295,-0.46219027862406703,-0.7473056480095435,-4.35784803353613,-1.775805438209959,-4.225270467310595,-3.0393582339648466,-2.663056775257445,-5.202862471952557,8.232786332961265,-1.9450852346674732,2.3841446305216265,-3.2579324925091244,-6.550656136874922,-8.3469178852875,-2.74978666357333,0.3842993974572093,-10.340395894355886,-8.295656452534674,-12.206917405293158,0.23188245305564315,-5.555183286983066,-13.81133775260844,-12.756726264567465,5.212309818692143,-8.645332823484773,-4.340333791313373,-13.205737768672407,-6.4439573684570925,-2.3208260167185695,4.174794053851922,-3.4971269258502393,-6.593229511207565,-9.675389915886454,-1.9153067493220688,-2.6706318770557975,-4.500041221265634,-7.113320374327547,-6.93189705354047,-4.384990741430621,4.285746372867058,-4.456203840479894,-11.361523370099512,-0.20490797448948686,-4.175695739731915,-3.1135694435229757,-1.0435766855527362,-4.875764675938142,1.9192279748300585
16,15,5,-12.32476739179934,-0.9502680579245819,0.1333626965933945,-0.9050502957798892,-5.751541216414783,-7.9894679322747955,5.43277343955436,-2.1299337656577912,-7.624166640311072,-6.94148678872053,2.1165910200897313,3.2944060717822916,-0.8070827097881863,-13.322651789182938,-13.074298967153021,3.2596753213594383,-4.30412767001814,-15.46761496008441,-8.734892735677981,-2.430829188048206,-1.0757580057820069,-8.933010596770606,-8.107801165636175,-9.118182684465241,5.543268477660604,-3.9976414989157574,-3.9189352038566283,-8.418053368072416,0.29983424388508145,-0.07987093780098972,-5.440309739132163,19.973803321853655,-1.0559185734416194,-1.53116258784061,-4.039360711578188,-5.7767901616171,-0.5013514694945158,3.9977234639454498,-0.642241826894261,-3.9649941911693776,-3.8157609152698484,5.250983446728577,4.099086001146268,9.466163794078476,-7.019571785394825,-7.901965744634403,-11.69178740351983,0.002722004814664336,-4.917552968042426,-8.499516043658708,-11.347404012354326,-5.89976079428637,1.9648340736379524,-9.295663143667133,-10.397273962454104,-0.40906095890918936,-7.382590950035107,-7.115252977100819,-13.964509733543707,-15.62348732218237,-8.817080205084944,-3.317964066944379
16,16,2,9.986082060898584,0.6939994010040771,-2.469835045684991,6.157198411969062,11.792938524801082,0.6953582764438521,-8.892620061720836,-0.3843511861646784,7.174300950224989,5.4506283544526415,0.313862887915314,-4.1527761410547015,13.863358466090956,7.469027662439633,12.550243780505276,3.228714789241189,16.28272573777088,10.309849484846358,8.469077546035917,12.439200892294876,8.969419585029804,13.127057389606064,2.326093233803788,12.357867611594862,7.625201999754983,2.8730118622458183,9.751460448429897,17.78145693212452,13.466712745837867,5.792794473730481,2.3879020173761356,2.2464120528183695,0.7120399407480945,-9.083076619577206,-2.4127714024720435,6.767539324284326,1.2446840558564525,-4.368503282823391,-3.9351424123046987,-4.771080439314016,7.625417681842496,5.089852473149846,-5.647719674834575,-0.647021579798935,4.486858035274497,13.771620215603894,9.756904324880102,12.578628981031665,5.144987845449091,12.888501521745106,15.399400107744269,11.395145355746514,6.857668677452815,8.256120003347435,13.582565508328566,21.026443415162397,9.290607335954544,16.713877916245206,10.33514595790426,13.161387158603196,16.445172553382275,9.616855299740214
16,17,6,-17.314956928580628,-9.757555802517407,-6.349147587458078,-9.963693193091846,-14.292884293898222,-0.32675696619809,-13.630833287961876,-1.1795104094780984,-10.700658551485441,-6.8844749441643,-8.143692384757916,1.3677712126873522,-12.500138360166506,-12.390596674891507,-12.795054741788702,-2.070933235887289,-13.825474190980007,-10.159201253932428,-15.559568996972798,-8.068264726748142,-9.67044623548211,-14.22274546445739,-3.4981838275746635,-8.91118254652247,-7.5660763409602,-4.458451389000053,-9.313518091871568,-8.907019697342685,-8.324356439957826,-6.96174025957518,-13.01236500191253,-7.345025976483781,-10.475816308975032,-4.241421468131436,-5.570337845955228,-7.541306152985223,-8.623220017600083,5.059793561912804,1.4198307453047077,2.5456897979602218,-14.62775131410966,-11.101350590734306,4.196311582947467,10.013492236322747,-14.047577173062948,-8.554474498227624,-7.004844301314906,-8.953057072818185,-10.74851212296465,-11.560939664689446,-10.703492856652643,-11.289628669470137,-7.3341291788511205,-14.620633466487263,-8.340865480622684,-17.997477127466258,-3.7397508554376366,-5.716611985014987,-6.8901519428714275,-8.443108146578622,-6.714491906666722,-6.243893920718308
16,18,4,2.6766971261070167,-3.231078793680882,-6.007374120592259,-3.2407073286793624,5.932744409707258,-0.47837587021200484,-7.2272836813112615,-2.1819502020193657,0.5808902183865633,3.871180917931401,-1.6832474375586601,-6.669610584046831,6.259751623534387,5.704002479136714,8.334541410264535,-7.771471688115015,2.8192655587250863,4.612214254465227,0.5747904678350227,-1.3410555236893364,-0.1303386883469444,3.0075048083757485,10.913758478831594,1.8528551460221068,0.7965871127572189,-0.23798657080340208,5.134393005790869,1.9652568442742058,7.119420221978345,-2.498332299791823,1.1178438931521841,-12.511375932108123,-2.0976100808872666,1.4408132953160413,-2.6269239118413594,-1.3853285327076743,-3.475475674926685,2.938332203593922,-8.280553603681119,-4.72867104014177,-0.15183894823322164,9.424090797308738,-4.46061689107361,-4.997372135399662,-0.8642714228026738,6.252495721913874,8.807261896206112,-2.372790637403364,4.3130530354725884,0.18189783787309413,-0.03522692973975339,-0.23653707912237168,-4.447265538398358,0.12255648766621619,-0.16203690800679532,12.635826273923504,-1.1073138015799053,2.0812649199648234,3.4195983416050186,4.684941435051036,0.6287523887529071,3.167574538633501
16,19,2,0.37132766044403387,2.0434971219191334,-6.626118382166434,-4.18996155517539,1.1337577258194118,-4.97192046164376,-17.56955616848497,-5.9080045309553775,-4.257171337072534,-7.990796544009867,-7.068723847518149,-0.33082492015801535,-4.563316756478941,-6.028874242292125,-10.059361444104734,-8.206502028928346,-10.985661725706718,-7.0335659759528,-6.145611498626973,-5.252713297016736,-4.341317383095439,-4.027010182219715,-11.159380531370099,-6.038873845325188,-8.840249923126004,-5.760682258289307,-3.512669702730619,-13.528116161658891,-8.419541618718604,-6.716118321041344,-11.879923076110478,-4.76133114631038,1.6478134660368293,-10.972625297244365,0.3490854540340052,-0.47567975702241233,-4.840856972315191,-2.9257314440971043,-5.255724444803664,-1.8927755100005188,-6.520791413943945,-5.409836707051797,-7.289830226915049,-13.940446936048378,-14.273372803473984,-7.924509836849185,-14.202681609565714,-10.199233751687244,-12.142343345507072,-4.107010514146037,-12.354632206090795,-7.381620390658697,-6.847474987118889,-6.608737839737954,-6.158233744858925,-5.5448128103573895,-5.216688268170576,-2.6788669489778405,-6.485823378830055,-4.223091926652845,-5.760237905503498,-7.295239778917013
16,20,4,-11.164828952947044,-15.32909294817506,0.0593068034376773,-11.976717294625399,-17.586695142635488,-16.810607296721336,-9.393095806967924,-7.979218116575256,-14.711720385384279,-15.550100116104607,-14.545585325691944,1.048140684714138,-14.074918311361852,-18.231244775943647,-22.251055238813898,-8.342345171403593,-11.983093134150277,-15.250744865253195,-20.385987549458026,-10.687113020114788,-7.660139866309556,-14.701022113264514,-22.97131728173075,-14.185913603934578,-0.3806973297898537,3.4650145848168123,-4.531074993664446,-4.813351867777272,-5.335897291209779,2.70415047891211,-5.539644763373387,-20.4665271745563,-16.121055592214926,-11.008840042325417,-10.514852351531752,-17.809173326303316,-19.881167826492618,-9.77548421896631,3.753766522368009,-4.420644702395519,-14.4874217470699,-20.310227711389715,-12.62257412094169,-1.4440918141839705,-9.446289871978317,-12.064935537827461,-16.411688462626657,-14.32364197911285,-7.046106272191088,-7.184706037137204,-16.532747954675344,-14.896616347974586,-2.4944239847735434,-13.329644501118409,-17.30484100867336,-26.807400723873826,-8.677833415215789,-5.014260855662386,-5.990045308163844,-10.720592918465055,-12.239952765632326,-4.954910927020561
16,21,6,-23.301326970501652,-11.378830470758054,-7.705120388940885,-6.201756176288899,4.355484101194435,-2.647272358852916,0.5173860482939678,-6.96543294939542,-0.34046640403202494,-0.1495008169213397,1.0935051707435894,-2.684138546834087,-2.9198818541836085,-1.187253808382637,0.4428340756084488,0.5379070782943104,-4.910888035986119,-6.0352113443858375,3.2944234021603593,6.451730933721842,-7.27953740939066,-10.945840601332302,10.110437402575537,-3.2818829932352296,-1.0060935719811823,-3.509287716011608,-3.1629501029894476,-7.748138048663376,-0.9104080385437641,4.641444948331523,-21.444900017140853,-12.216563031560081,-11.498759847702223,-14.377228645834977,-7.058991774428277,-5.8223314428951864,-1.0925647485830887,-6.942970749376933,-7.773132545064297,-7.092467275209631,-9.932038172239029,-3.703173686216428,-1.3040814908567757,-12.01529605247693,-9.76611014720189,0.007225672896133517,-1.6376759153677192,0.5067394676947645,-11.543183838959969,-8.554681594188255,3.127770653312525,4.6956742266136215,-0.9802967809231546,-9.282014135216295,-6.662346052028598,7.14983280825644,0.7245241578486632,-4.72975375497623,-10.384703642824983,-8.727977543335303,-6.471302923133096,2.070480275376724
16,22,2,-14.003355903391979,-12.163554446044845,-13.1651228630302,-13.15226325338206,-10.082056672863168,-12.82498437084439,-7.338891691025685,-9.827168431837205,-21.877380715819402,-21.293328552711287,-9.305123459905527,-4.7378335945910175,-12.22737352270633,-19.113203120031734,-20.029197538044397,-7.094861432827625,-9.515906824662187,-17.150448213263253,-14.744130399149123,-5.699343532528275,-1.3323587710435318,-16.508918285097295,-14.965478393181062,-15.188664079530211,-5.8333748652792865,-4.874975245843481,-13.189056057982684,-7.2211148906215215,-7.904334019852536,-2.3795676549851192,-11.174034729236503,-12.849228161012338,-13.040538857168542,-8.343518622225245,-10.868463045803876,-19.986322166886556,-14.700189429403448,-7.573491863270361,-5.187625906523888,-8.036769250771263,-11.041193910601846,-12.505491877951448,-10.947221041134583,-12.209203622780928,-8.636200433733258,-18.358934863674918,-25.249151486176526,2.9259730212208694,-12.639795033579203,-10.972694300342257,-17.21899536488259,-13.548908914393957,-9.952757498101768,-11.978352245397678,-15.671422881687555,-4.679005641615153,-11.834084006881044,-9.428620303719779,-14.993997313332091,-15.25084824714719,-13.593496885207458,-10.396877105978152
16,23,3,3.845388408949052,-3.2293790360776415,-5.034302974469028,-4.321132855080976,0.9166804128212895,-7.844190149954184,-17.781633671827425,-5.395156641967777,-9.753910606954152,-6.699578995021372,-8.334886621439644,0.9054644032858481,-3.5629303845372524,-4.55210083595863,-5.377573350643192,-6.796325678914426,-3.2292712947762583,-3.408076142392505,-5.559924175326784,-5.767424711622528,-2.543321481664529,-4.268193261629746,-8.973629877862809,-4.467644171743858,-5.7364987676236305,-4.7627849497082755,-2.6518277745103362,-3.136838410458551,-3.8045104090507644,-4.435311915716387,-5.405816220837398,-3.9327611791923984,-3.5415466369652195,-4.356920541059679,-2.713878214770996,-8.495957095857442,-8.001775273133257,-10.02493260564601,-6.5818064962258225,-5.787035541790655,-4.067715631207318,-5.997659299613502,-10.41182032908972,-11.182416522920851,-7.025227222137338,-0.8971213538017935,-6.0733889209606335,-5.556852739576888,-2.958326889224713,4.439828393807658,-4.346744153762189,-7.955026117766778,-9.800651199388792,-5.162877306117813,-4.224584586793425,2.978865185866086,-4.597948315303501,-5.7525074304161015,-7.0496608904994424,-1.5982214770756826,-4.05074075166499,-6.624893318106444
16,24,6,-23.509560856877318,-13.98544907987844,-13.179250709712505,-6.799768150007502,-13.386380358488394,-8.87608064493028,2.5143712135258935,-5.293341140330928,-9.29814791546073,-9.831922273557609,-5.383267697298946,-2.426006299817632,-5.766540429418589,-10.20268914603242,-3.5147144780607835,-2.41202943274899,-1.6015646766712208,-6.884820049702444,-1.9218421990006433,-8.863074467926308,3.2793938993765974,-4.537955664711573,-5.454355632341126,-1.9935211112677322,1.9744582823136934,3.1221885173144983,-0.14647254147907696,0.5954279186510731,2.2352391410528156,3.620382230547139,-14.680151675504122,-20.912458605882605,-13.571155502937922,-13.077228122663385,-4.898882573107027,-8.67585332825689,-7.53469737569188,-3.089075426173554,-9.154160181435236,-0.2596765875407466,-13.492828823546535,-7.701328517335306,3.923343990384258,13.985362815420798,-1.7711205654816635,-4.769842425355597,-13.223079394367405,-6.492811743170023,-6.512573487511497,-6.8205005237491925,-13.413229672101936,-8.997248244767146,-6.924494464859006,-0.5418585378494928,-7.5739879294343995,-10.027831532034837,1.2296976622637028,3.742748969115269,0.011500748101529734,2.272868851129828,-0.344120209076919,1.8672720301532877
16,25,1,0.37559407088542063,1.6319126312155274,-6.027506892546651,-4.85897520283896,-0.7725546635210341,-0.0626586679278347,6.370181929683545,-4.641505309954148,-3.3036334140442007,-1.8197333668812943,6.301246547912493,-10.37826723591765,2.801604756741878,-1.9198578668462987,-3.03051487395395,10.07365756868044,-5.978479935089126,0.03710772507403726,7.579639076959437,3.946837229123221,1.4251929102351961,4.864764359529788,14.247847693069371,5.142874035388003,13.884108147061454,4.204714924153849,2.649364569935685,7.827564711173181,3.4791251893904875,6.647661752885255,-30.73264283692557,-1.9170193297038898,-0.9798783257705866,-5.3728713146964555,-8.539371726949266,-3.7894765893252904,9.811263276604793,7.217206570138105,-7.977393386340364,-13.949531957597987,0.028963205131997155,7.858029180075738,11.145364865155257,-1.7161707334879144,-5.377633809606067,-2.4680232413499263,1.9120713123333317,11.537739712881246,-1.8455733463349868,-0.995231295390645,1.4136015009624798,8.652204754007071,7.30597700823734,1.9778058167842265,3.3082708071565183,4.148949831042713,8.061185660620113,3.6168621291190695,3.693894590964902,8.032524460185572,6.383585085186582,5.441957668049214
16,26,6,6.352732364451742,-1.6871816633530439,10.381782915306891,6.920883860984223,0.9147046762518585,11.904684513171274,19.413481582637594,2.7439112564685137,-1.2007690483829108,4.140451544066664,6.194107737423422,27.740512625109872,20.124615569303664,9.54643157684023,8.499701544511828,22.600032752192384,26.75637683767554,7.101811155676842,15.723283981265524,16.559282498843057,25.267360279291132,19.523303617019113,29.220599220293334,9.248202176952013,25.736379350830852,8.84143627830213,23.277941468921387,23.92383714358709,22.65694543137783,11.718654097097629,28.756536825105737,24.86945504987636,-1.3467066225981914,8.197352370247245,3.735445642344108,0.4413285287914861,4.353465210271592,3.162428138658357,16.880409746300195,16.622493267513626,17.824439984269254,16.506166023798524,13.80892630941349,9.896194319455123,9.139277456737146,14.256699727831132,5.3536962498910725,29.88281426833169,20.853104255684634,23.14486785978079,4.833169668958318,11.42208539655932,25.84860413348894,13.180941756996443,11.710354249846695,34.528348661459425,13.244980905386738,21.77732099588142,9.829804157997232,13.295120681159013,19.56089878924441,15.141427435389744
16,27,2,10.187828063237951,7.37651284887432,-2.227681231571408,8.459638777438819,22.55626876052561,7.395273667283169,-0.46855319200492496,10.401911503112897,15.133308663220358,11.870238548462716,7.513637159474007,3.5601436148692907,5.326273002639053,11.182649406808899,14.033721055653759,15.58503370959221,7.603753532169434,9.177476503772708,0.780759556264413,10.395910861106907,-1.7256223716114363,3.052481041857745,2.9094509584885992,7.411023565752592,1.5508294589561995,3.2006316042573357,19.583171183141186,1.3896510385391418,-2.867761912037297,-1.695101921605627,-0.9703705674264493,11.449569007989433,7.294316667682922,1.3013810362757707,-1.4075491806355915,15.180252200037959,14.582391298625895,5.034708519965958,-3.8919434895875207,-0.7485092634834893,14.186513280359703,11.896656436436785,4.9880024617560546,6.317703933977499,3.458505065498373,14.895033194887915,13.28353813290596,15.866961085805432,5.450952053024638,11.244876754720035,13.778802708699931,7.020434522229002,7.743850151451711,6.59787117532261,6.724362017484607,13.981174083574249,3.3392140634482868,0.1410283581694448,-1.8269115929923392,-5.792048103653082,-6.291941562411947,-2.0180799682147628
16,28,3,7.293311520093456,12.304237825228137,-4.05146541391931,1.1735702391923972,9.41160653642217,9.015176517207445,0.3097992084647818,2.5440203221259288,7.290188292132283,7.757619903046315,7.798666246794735,9.032966869905952,-10.098457905080563,-2.012627135644237,3.488978063483245,9.287415025710336,1.7331715916601447,-4.995689724492503,-5.6595870927941645,15.070119594110224,3.3532599745454585,-5.583784053880125,-16.792394349283377,0.7626802415314422,2.70511683987499,1.1682426412817006,-2.2900078403082014,-2.0401107261479816,-1.9437694807321106,-3.2629883228574066,12.331194983397776,-3.61404088659712,12.140535720942049,16.3429514244142,1.1306991955696997,5.498499267405217,6.796075444907043,9.523490599311165,15.669183916446356,3.1270545465394686,-1.7707927175683973,3.1010032092311945,8.12431878974752,14.25473261370165,1.2767014883049737,-0.9534688936092128,-1.0332147981062865,-0.21970445681476802,5.145354501477147,-3.358630762446852,3.2901310993176764,-0.4944838188736283,20.006705173245834,7.5185333872441085,-2.904999031503566,-7.924285586378202,1.7650725894420205,1.6094158408459192,-2.2869579635657065,-7.1245492630888005,-3.8329904489673505,2.1115308815113663
16,29,2,-4.150373365911771,1.6940234521994506,-3.941479451420559,8.303373879832554,4.95772349978116,6.879061028111458,8.094479957574176,0.7170310753011495,7.175879863976712,7.945337180638828,3.087971045158624,-7.11869974526656,-0.7174236122518778,5.323356957560999,7.977432179196574,-3.044677252421247,-1.639487737767034,5.070513398397899,9.867964522890379,1.6726051829102246,-5.30106720574223,1.5550009960425086,19.69191480274652,5.122598972004025,-5.125929235304682,-3.0728165100260467,4.529647157550219,-4.372989650605605,0.1174488714101116,1.1543175181453458,-7.393168535038106,14.173524340875915,2.3715310083565946,10.731808846180398,-0.9334526434860174,8.7713749310138,5.5792373151677435,-2.2079152307052894,-6.9061994549169565,-1.1649857087077844,3.8910893502804225,8.909853888357555,-2.4003216522041617,0.9567259058992302,0.5813302438160985,9.740403935858392,-0.47103800748974595,-4.179690307290177,-14.150371974659222,2.440457654946553,2.1778175454336854,1.847954495764541,-7.761368657473662,-5.0359811583284,5.374363956791231,0.13051559826609016,0.9435298178776543,-2.2945848218621068,4.6432049315331945,1.5566359178344835,-1.3906518377607873,-2.2735850137953695
16,30,6,8.294495990908727,-3.5526246476475483,-1.8236503294703161,-0.38356175864251574,4.906958045295965,-1.0668498462509026,-11.206574070744404,-2.0371299375575505,-5.929836972383782,4.360212133124064,0.053120828687965194,-3.3039439824081844,-4.717528379760775,0.9488747328883278,-7.888705068336032,5.897043063373467,2.9258781338065196,1.4156119297144927,1.5264001301966847,3.8486539895714356,7.529714837670326,1.421202551755242,-13.314455515818624,-1.1500208806927978,1.3730685432873155,2.0797723589419643,-1.9146897748237601,-0.2442244353261186,8.157263684972405,2.713451123222849,-12.507778135696192,11.64337306529875,-3.3727801935520114,-13.620876851866436,1.7786612044451995,-0.3090442184177107,3.597169433331405,4.78864640676667,-1.4326040509452165,-6.117135697922869,-4.903843530612748,2.072658775624154,-0.7542682510755229,8.051419095068077,-2.2495611793157186,-5.588960731810914,5.541745589194233,7.770531312903247,3.3144439888164063,-3.4491957042638837,3.502497742469303,-1.5231387940485337,3.1859386168056867,-3.7019614961605924,4.916746360363392,25.032363212326683,0.4942854302935302,-4.468187698912692,-2.6271007825143426,0.9839333425753058,3.3804286513477564,-0.7569168264091704
16,31,4,10.307985919096119,-5.9380979064352255,-10.333476436849708,-14.191832332531133,-9.1591858917268,-11.423107785286335,-5.3144488379234325,-6.947957582453767,-15.483485645217055,-12.972725162401842,-7.68450445443301,-0.22318567758108043,-8.527543195048079,-9.978757073960788,-17.997938832336267,10.171758808831614,4.086696576099936,-7.953511926118379,-3.8077974453988706,-6.101204754739274,-12.589348841095108,-9.098938622829937,-7.183247905906023,-2.79064759439448,-4.810780823866766,-9.214196064270938,-9.513525631953112,-4.351247826875069,-4.1629267290320495,-4.263573120274331,2.3402167610119937,-5.883294807008762,-5.960159009526961,-0.8466882232076871,-6.675261772987315,-11.09521201129707,-7.044432481523698,-0.49366418639107046,-9.36191528081673,-2.5791394362089846,-11.789120863362145,-0.6912816910118589,-1.6631276344017283,-8.030350233655328,-7.051015460886421,-14.629938425764903,-17.058653880407615,-8.343458214903924,-10.345166998157255,-1.395388443318265,-13.729995852756527,-10.492640281198312,2.994558898504917,-9.451500993596799,-7.70480541594145,-11.928406501677252,-4.079419181250582,-7.8809745446282005,-6.600183491095352,-4.016553426081902,-5.838982961168966,-3.5812340707478403
16,32,3,10.583097505610342,-0.31120981759868727,10.558124639616326,-0.014028664405752705,9.935799825482258,0.14208528762910233,-4.361208512595424,-0.47206468830203135,2.0558778244729443,0.373596766918169,-0.5044444998408227,-3.2799244864230435,3.7361012059377456,5.7513556716191365,6.657091827745119,3.2900619981129022,4.116962528991991,5.9087983041820005,10.794148338640595,13.161417200434483,7.531168600487546,9.979292280335981,9.824437844680574,13.902778411113728,15.68995090963023,3.1564491275448057,11.172938981252468,11.6369195371957,8.423881294387511,12.654880647910996,-2.3982251143926296,13.577768667351176,0.4807355936173697,-7.170151110847482,-1.3947844900213542,2.691692056997523,-3.7170771504184463,3.190856422686651,-5.127456309319265,-4.6443654180400795,10.606659694801921,1.7801323244348168,-2.0391574174324734,-0.2555870635537207,1.7984100053223155,7.7098225880777695,6.721368185874841,4.111333000210687,10.09593857309168,6.621873557295009,6.899042803476134,10.119013450267463,16.688391619157517,6.048493759116016,10.351547211363194,35.9124391078949,10.399146266099878,6.997929245551547,9.867835052970161,17.04768808149709,19.214548293955435,10.752463572953898
16,33,4,-7.100227808897814,6.5752321916019065,6.160727164566111,8.448970648284048,21.592921189418654,12.29479908706939,8.336340292197896,11.872084792413771,4.7944831542852455,5.7810737719622995,10.878617893995305,5.691561359366992,10.098483762363115,-0.8433363611508933,4.939264559164284,7.112177257471509,13.95192179992432,5.647775786156513,8.49373122768068,3.1996997680128905,3.144767197326006,0.9193032814967793,-1.3894698894412323,2.260505408537006,-1.8032760336887192,-1.4751299797648159,2.5341200724953263,2.847810366349975,5.939366253206459,-0.5667623990533384,-6.1377084780109605,15.08771129861111,6.3152406658159554,-3.23806289165485,5.945940543204641,1.1408065793263478,7.261393341656053,14.072476743493324,9.412227718148193,9.117445056576551,12.18254409403335,12.179645151445055,6.520152949614498,10.608523335035255,6.864713206359114,4.426869616940296,0.8117460008801486,14.56557148785852,6.573567063581746,8.337940786397319,6.288166983620966,16.214769665242684,0.2754221280004602,3.4313234061729636,6.537429864830673,4.581042384581139,-0.1667864243294089,2.1821658621746587,0.09059517608001494,-0.34186838119412877,4.905310260995133,-0.6767051382580926
16,34,2,-8.186697087829886,3.737559414894616,6.041380173787928,0.9351264704984215,-6.381095984473638,3.5828129106212594,2.043035538321952,11.16714113814438,4.125094170807064,1.7996135619241842,2.085617581473256,13.865847548112134,7.6792372480494775,5.038724773813312,13.342227955575938,0.9040494746096974,8.290738552422601,9.414652135164593,1.6644174721455436,6.09730496974988,9.7759975335538,6.098469667593809,4.772573009951087,6.339251565269943,6.889664474386362,8.148601527578514,10.477183810912258,10.273565785882699,8.038304976664667,8.321224580000713,0.6716795180663012,2.0038657565260443,2.7360600624886544,8.210242144172872,4.060295825085899,1.571061434723982,-0.2312785203500507,3.2220584602526783,11.449146256486815,11.720987875872042,3.3780430623489175,6.532727777140169,10.65654078274171,3.9212776614443925,10.957500907433467,4.89845122385411,5.368717120551481,3.4567233974159466,4.59957895273479,7.916481827618554,9.721375540603045,4.871938323670226,5.660730294411907,9.388165050538305,8.193034137741138,2.7098792925840476,8.59580980943198,13.550444603057166,11.124326131658675,7.898225543975108,9.06532504548114,8.32546510497426
16,35,3,27.547450465400054,3.921601207699721,8.184557464064623,15.505227433290427,24.340844376058122,13.485055175678038,51.71543454833143,9.469010993474859,12.42904607915296,11.59439354735177,3.7927507680454644,8.866952649703842,14.764168213416893,13.646181863073892,11.950057627269764,11.684052702141692,14.84508736311209,4.442869771612668,13.5061414243324,4.620341567867773,5.186763111002197,7.018941874877072,15.143403204430527,3.0352816869754613,1.977460640664326,-8.973306304792215,8.692811067960017,6.894478758479037,6.112140287213573,-3.0779154954092003,18.06650315016145,30.30988977740449,4.416020328315295,12.951302467004911,9.0796771874515,14.236428839404415,12.051213174513196,15.963392862868377,7.765069946555827,4.9235966838896275,19.05730409047953,13.009806918616336,4.6114679921695965,-3.7403202584075794,4.561422957698025,14.941031786817593,0.9024489921767547,16.15732210601976,13.012175214817608,11.93954915439188,7.248542369252477,9.950130479461397,5.80928641554286,-1.0561083919573158,-0.1584649555294253,12.61331657869969,-0.6481043957173824,2.1543673911790653,-5.716353042153404,1.2758990336300395,1.245831650386496,-0.3696237042852921
16,36,2,-16.18313182938118,-6.513557080635534,-10.199941227053545,-9.712696086615324,-3.8051617309172894,-1.0206484863102998,-5.996701605095551,-9.433689081689296,-8.234464457059824,-8.872897042165983,-5.271970321946754,-9.034735521983084,-9.098360534104307,-6.390737397005643,-7.0181955899589,-6.53011794174204,-6.588247114156443,-10.390242532632103,-13.945886703526112,-9.433456176335403,-2.6835733890169995,-9.861208995122732,-15.046552904313668,-13.508759906015753,-14.897198744799663,-1.498165966488602,-5.78831240296273,-10.287085342124424,-6.215500210542462,-2.6934003702921387,-15.239153371919414,-8.483360703509277,-6.710756147956117,-1.6918535535280559,-7.620698318282909,-8.421676916070282,-7.259719609776965,-2.3015862143422474,-5.32242083363235,-6.83860137645246,-12.813267948105931,-5.371922222806547,-2.932361757087451,-1.2396713801795938,-5.2780657943065625,-11.607037471289305,-8.71508351532549,-3.929245369425102,-11.422598817317583,-7.1567910239441215,-11.989732146990018,-9.997194558870412,-6.529380334314053,-10.5013888545516,3.3951862661576846,-5.356051592662056,-10.526672307401896,-4.629206533282541,-9.659294873294302,-6.5400916057207255,-11.91592647226118,-8.420878853531775
16,37,5,36.333997422630524,2.0554163076619556,6.332090622664178,-14.115149350774404,4.025733255485937,-8.318347259265627,4.857987301696731,-10.244468793568272,-16.729645126976262,-10.20152445161352,-9.985486757214655,11.597948156637932,9.003602473667208,-7.114429093942768,4.480473589498502,7.900563717883988,16.28237644355551,-6.385487521203549,-5.381766468232569,12.452724776673692,18.76061468062782,5.212710919591214,-1.9261086648461405,-6.2793365257178895,0.5253624304697451,-3.9645628934021904,6.90086755118469,10.535675292022573,-10.255706411286642,2.4574628684942317,26.75569499174571,4.640953108077731,2.3617687344057012,19.998331967922965,-7.026965708163054,-13.63505218391556,-8.877038391375146,6.954096129771728,-1.3805445079157916,-5.150285217218195,4.252723796134134,-2.518201931129868,0.5304526762764257,7.601743261148103,-4.732596543995186,5.71746169037481,-8.883172704315767,14.157718389703916,22.295354051560896,13.32836763261499,-15.052143615647777,-1.5980316346011514,18.15666266887381,-2.9860303723139756,20.629685514304132,17.795217917232613,-4.889469838201452,11.544452108669931,-5.192069247132166,-0.802397881293806,5.183031635478186,0.11731088161078018
16,38,1,-6.117243508013279,0.8049387375188132,7.559756580285913,12.89262554596928,-4.956334550319835,11.518534452586273,18.921655039643728,11.222677681867665,4.434807158600562,7.229492410534724,7.481529164037142,-2.2090756705566013,6.898637262241145,7.938219332136214,4.1618913322937034,1.8083146321814418,-0.4833066435871511,9.50456141680479,5.083618987351656,-0.06439717577645465,5.29451017457106,12.002483872747861,2.5500640271646087,3.9610599965061524,6.704522662148692,4.9754922955421845,6.419118258548423,2.9838692227651076,1.199694950701442,2.9754226672883375,3.221795359149394,16.284110504588696,0.9583867429982785,1.5422966699229506,7.211331131527339,10.232666100395233,7.92721899212679,5.7876869229736165,4.456570536943106,6.565366405630254,10.02285767545947,13.74508996285135,8.937704130882258,11.022769458478363,1.9093665872081533,7.627177704227856,-1.1499130176039536,4.729378476029081,-8.002948670012016,4.481409690729003,2.37768686839902,10.85370106322737,4.820551682490761,2.0495580583470074,2.749652972961661,-5.020403826529756,4.586529595313151,4.86773658686931,5.491532359703828,-0.41638583308880794,-3.2634887103695553,5.562270930322259
16,39,2,5.620067963395096,5.017897403390124,0.8931656899612117,-2.07453527072127,3.418826161066025,-2.86837016733749,3.282478302739923,-0.7236830036996338,0.02517998897152561,-0.3620744226500392,2.724429884022556,-9.06671409127188,-5.529761764856915,-8.443725028007126,-2.389558573185311,4.538408583336759,2.5305913241761853,-3.946263543261983,0.7404078250955317,-2.3932598440839716,-63.57100569874775,-9.09424086713528,5.591954597578632,-2.1074543028456545,-2.9994422152593057,-8.93586639647952,-6.647933529928421,-8.96320757967783,-4.192381631969132,-6.835788848679277,-2.373562873934575,-0.40958288640192675,2.8810787443980215,3.4973468917035846,-0.04598129400983489,0.5879045979960297,0.579609083943069,0.08385691238657986,-0.6412927900418275,-3.7151057942111687,1.981127470118425,-1.934550846796256,7.979942899742502,4.2129845748507835,-1.1989228445071203,-3.4212419321737846,-1.6564885552790827,-2.7465642698438533,-2.658169121004462,-5.898574517199363,-3.300160779867593,-0.9559062366784156,2.7805271523822914,-9.70849871276537,-5.666553994237517,-3.1354665133062847,-5.506902693577753,-10.796080962141485,-7.94805484778453,-3.024984554410339,-8.153264832512546,-6.387799700154227
16,40,3,-6.132510245550517,-6.761668224273844,-10.28212444510357,-8.351076482846285,8.047152704008424,-14.08891682714655,-17.62204708927311,-8.327488326092775,-0.7291961207349857,-3.8825738106821603,-7.030567817889702,-8.592298408879374,-11.847323300101138,-13.232833013330326,-17.08743583456408,-10.01547665744112,7.18763080239296,-2.227551919450733,-9.917487531264383,-9.566564361439877,-6.049205505607149,-3.9530405696913076,-5.453756063866358,-0.8499926208155002,-13.016441608551984,-4.610113437605521,-4.932228674203518,-8.050910058414294,-8.98828400308039,-6.7297025228759715,-11.55168220278148,-21.954231933168145,-7.279593494418357,-15.563468699670025,-4.557842482420863,-4.957249028222042,-7.869383156191697,-18.225218422580273,-9.375400415067306,-6.594295119429461,-11.713002890465553,-13.219214227561627,-12.31151962487407,-8.043831033425242,-1.135155380849028,0.28489967950878137,-3.455830427091115,-15.359936995113772,-5.437078681692097,-5.387999971325523,0.4550638457748857,-3.754771643817972,-5.551404329331976,2.294062872099259,-1.6405402881167161,-1.9846950565669217,-5.748059877273966,-7.399281340662577,-1.2080379029928998,-1.59814808449549,-5.4658693252756025,-10.45119290170047
16,41,6,13.245226820607154,6.244700637532445,1.227432968333453,-4.529250283994595,0.6308619054431865,0.08207962564306204,7.105430377056683,-6.694652512878261,-3.3817572889000593,-3.3858727212631834,-3.5605146617106156,-4.9063585094834945,0.7113972202727079,6.29698027560215,-5.319625407037114,-2.4128231576121397,-2.3769017403899895,-3.389138248067619,-7.301352559617243,-2.474455183735344,-10.677031610388214,-4.119154078474198,-15.092284132408462,-1.6904731299160285,-7.574419323127812,-3.076660121751316,-4.975807217279132,-4.044977357446373,-2.006242748065965,-5.000258096862903,9.301780186832046,-10.853187800220379,6.540816314336726,17.58167811882932,-3.862479887198564,-1.3921444954850313,-7.2803052564992115,0.9984839565870233,-6.02673031037628,-2.664678750343895,-6.599652973389849,-3.9017488494765256,3.193013318794461,9.93442802285639,-4.754873358934162,-5.313236648716581,-0.9492414003556069,-9.435492279825779,-4.761262155700155,-10.325539016656762,-6.609919876973263,-6.318972228912684,5.989242983368656,-6.517331634261981,-3.7503586033005663,-2.771274038942578,0.33213201360549993,-2.9494403546431864,-5.247842936123513,-3.1925303003546324,-4.198343400798015,-3.9369412681950995
16,42,6,19.186249508181728,-1.362046724838408,-8.45519122669314,-8.881248770063046,3.9804723315940413,-0.5414012507194793,-1.319732152756799,-6.0761282020617635,-14.203682513930273,-13.168530851602554,-3.083057611294819,0.6609811759667417,-2.2680632887953305,-6.444997073560045,-10.365424868679135,-4.975203287537873,-0.24311144434188164,-14.19981294404147,-11.534810734004147,7.2634985207227984,-8.784752180743054,-8.333652749748493,-9.6234122401053,-9.114188056149542,2.3669022426247692,-12.609257287459402,-2.1504245563410223,-1.0890317240207474,-5.807720421041115,-2.99290241588407,3.3483637555207078,1.6070001403369567,-1.5408342399452695,-1.216445611744391,-10.064844366123264,-9.84731409509053,-4.791847344465194,-0.7442083239225992,-0.21582628788267433,-7.985257566787255,0.0851381497128256,2.584937179998477,-8.264268822805453,4.365004711457891,-5.971029905891953,-11.363559398692244,-11.573764767952074,5.006047295204865,0.9158737274659131,-1.6391858058635904,-15.233761093607637,-7.865021834939312,10.719561884929309,-6.873056163216328,-14.57896166505213,-7.482482525656318,-7.85786518677161,0.2920391009950153,-15.789687072131315,-16.80674658252336,-7.3621518777728765,-6.2147754231104395
16,43,5,-24.236099668937488,-9.695488098100192,-2.294006786522139,-5.590436082070681,-19.76744162662681,3.4745395892504134,-5.839453196141686,-2.7419570606576684,-1.0926682103039111,-1.699929155750063,0.004952308795665272,-0.7783007051614003,-5.709567321509848,-4.027230205786664,-6.5913271736694385,-3.6668726336778836,-5.107383938097372,0.4978270134093563,-3.6320986722754998,-2.333784741508524,2.4700636647914247,-0.7819157201887633,-15.41296274596597,-3.392464214708749,-2.746128556750168,4.978736322343337,-5.377633792539512,-6.353961812650284,1.0119561463617166,1.7395259366802323,-18.608266737857246,-12.754375274985934,-9.605919681330466,-6.2057292821828485,0.36169908520561056,-5.237023822815588,-8.029284763127206,2.0924507004802284,8.75033628338772,2.3871428404775674,-9.193329977825645,-3.138792508508918,3.162285791934335,-1.6130524381325113,-0.9209597551933963,-7.286655255837551,-7.796069326447091,-4.762444151201988,0.29951929299319835,-7.0358652265333586,-5.984286359732788,-6.019970516606074,1.0094929193288495,-5.820144302961299,-1.4067381916385957,-6.069627282459557,6.2989645537795385,-1.0475238141314152,3.4317246101194687,2.6667623635290596,2.0658643772575727,5.856876755405857
16,44,3,-19.998314636645883,-6.604182455660322,13.41803094644735,3.2915934208488062,-19.31694196103277,2.8030714467196254,8.900540296601632,5.7198817652491165,1.459975461523821,3.405863124014037,0.7746813603018122,3.1926423668770525,1.7394094394020188,3.733232582743256,5.769102911981638,0.7080668849201889,-7.329880089907931,6.530984972206102,9.860876821310873,6.713150332681835,8.759727587741681,3.1512336818183337,9.214433356710686,10.489750045987707,15.950943194216164,7.913488029856189,24.097430818997065,6.214671866979633,13.042428335566745,12.295506538133276,-5.570838182410738,6.5807841261678455,-4.906138500087989,-2.0675209424083647,0.6792071816034444,4.2906986691693705,-4.0599291771650305,8.444363443849596,7.60845992169002,2.108075488949331,-1.2908509446353427,3.17200489345052,12.445891666708787,8.841910735136134,0.06759805870583191,6.213360483917157,12.957324616199289,8.965679470597333,-1.101981912353417,-0.763801856045953,1.4583103732978266,8.952470385174196,1.8604776895798096,3.7869875313623287,9.447243298770905,7.495143649122888,12.388724484642756,7.708247836838232,15.760861921339949,9.988842926692312,10.407329732824754,13.912152421467638
16,45,5,-18.660943116992712,-7.707203925425397,-15.424920759379587,-0.8301445689483917,-8.141539723044495,-12.603696683296791,-16.492957044737114,-6.691149652208679,0.8291782425523444,-3.220436489709269,-3.2754467329636445,-5.884705424013476,-12.140522836870092,-2.3012324831811948,4.242310155114931,-11.724818519850427,3.3184859714152792,7.254702531448682,-0.8669330539215914,0.9433573627753589,-7.716107784997577,-3.597337673412543,2.184499676271183,6.842876508718404,-4.493074353502154,-0.6537425572041247,-2.5666809630091887,-2.9139502941823854,-2.8911472693789873,-5.1320203878439745,-14.106219674665017,-6.2037147170716445,-7.348921360663801,-7.460330904302438,-2.0583971770957286,5.059142185517063,-3.438622442505707,-34.19170008708792,-4.903450990124129,-5.26214337690021,0.9724887253676833,-3.930630127984529,-9.183196737778816,0.4450815705378057,-1.9771372094812856,1.5566013918865877,9.865346052678207,-5.787794715974749,1.335991038872701,-3.9675911714936167,4.893951921655636,-4.4872592519060115,-4.099784845429496,-0.13845300903861962,4.577945006277667,0.16343024407127288,0.5296588998469642,-6.462127317015722,3.7058223912197117,6.324347200553593,-1.9658133087327645,-2.8238943434127317
16,46,1,7.5767358270950815,-0.9412564682978665,1.2115839568034925,-1.6958611315491083,-3.4987359145860646,-2.9806208646481456,-1.139024927655644,1.4879119100685172,7.821844622475751,5.38826748674236,-35.1816382051968,4.534439861638153,13.01806804392396,8.943519148407738,1.5772905752656223,-0.07062207401457654,12.07242449114053,11.140917265106264,9.30924745747342,3.0819532219547643,7.5026152852650165,12.962134594779185,10.083234300064603,9.895473894822159,-3.0677002219528675,4.281221142742877,10.279579267132933,8.184859428463911,9.839605315327184,-0.014244381466840317,1.2446495439720968,-5.947338181320673,-0.408858171550604,-5.672373379239951,0.33796438127301554,2.920826612392487,0.28668553746737047,-4.35618722392991,-0.45062489103435127,0.8062156213492884,4.6585665990927865,-2.0080287370308314,-0.27556019837445644,-5.306679591025433,9.462440966742067,11.775976567551858,0.38477391956328677,0.022807297069669497,10.352522177599008,8.55415536708585,13.13457649205697,6.262478009059385,8.280816743252561,16.06692971349922,13.333781553659493,11.800940823968405,5.940992549970387,5.237912437446964,15.860304886475205,12.904441116786586,8.91153195636665,5.428951396765878
16,47,1,-10.96137908562201,-7.861104896133076,-2.6195472120875256,-3.2112911033852987,-13.658196024301391,-9.670178715744417,-4.563843066086808,-1.5321332326545039,-5.22868083881373,-0.1761991861162734,-2.4827593449082954,-2.221007819361304,-8.445489305838171,-4.6944837111798,-1.9723833688796022,-0.012514484262593994,6.778190261048336,0.005060152673139251,-3.4454296735774084,4.87579924701259,8.95567991381807,1.560505438547032,0.3747011276654816,-1.11834441926813,0.5265098106025193,9.972238939735343,6.585296365432441,1.0274774041310768,1.7881387379929068,3.838093704316859,-9.00855478362703,-5.316847344951298,-7.867329843978326,-8.743977673272264,-5.625477473001656,-5.039609138107084,-3.9585837708649834,-9.770307564227727,-2.587512574913888,1.9184644818873844,-6.5771302714597475,-5.3021112104378085,-8.884065679376711,-2.1716530224898962,2.2233588665400106,-3.1256740833973384,-3.2474757305732576,-3.36853103226664,6.274116768251837,-0.2759786233328636,-2.20405867089313,-2.8423145569310093,5.087022587475249,1.5438625764715046,-1.15477909324634,-13.073000582548351,1.8311650551310388,10.117973787047786,5.615732509506551,-2.6884739443932375,0.976108014697162,1.8572509312127687
16,48,3,-15.6368041768352,-17.25063312824683,-3.876668144403614,-10.958393976291104,-17.782319546376197,-20.794630028954806,22.48522839279527,-5.324500064189523,-8.338419612860541,-12.970481841947047,-12.330427203753333,-4.563001873195967,-14.967065971617284,-3.338066586066133,-9.236649653590401,-4.298804396138772,-8.023029678921425,-7.968688023119034,-8.909651152698734,-6.114732928528663,1.8896608981928562,-4.115469987494957,3.895308258551424,-7.797725814769451,4.012770161123539,3.2013002701966844,-1.6817332644288143,-1.9201296224576823,2.945480228174569,3.5268795152830825,-19.13794731064813,-12.118496267443033,-16.981893250278617,-17.68697913214793,-7.070432108503241,-13.832398007544342,-8.733499349821818,-25.64788071551109,-3.9969339876679872,-1.9493861548842517,-14.158003003115024,-13.34713287628824,-8.019910746009833,-8.026679139970467,-3.819634727293219,-9.133043912847006,-11.807881803047376,-5.782967554956173,-3.738417853195243,-1.5258047761741265,-7.610974872039013,-8.784299212121745,-5.461115469145961,-3.500327781978541,-6.197425096006156,-6.603116925031714,-4.9088864353508095,-0.003192236916753022,-2.47908392209537,-3.6561440710182755,-0.100460966012621,2.1669552306014275
16,49,3,3.136346619235486,-10.643443931484736,-7.241079401542863,-10.131579592778559,-4.301798132202791,-4.64283829570816,-3.8716812616373177,-9.256920430084143,-8.187495164147284,-3.068921016222547,-2.1369610483269788,-2.673875964496557,2.61108775299735,13.30462843499987,4.121768216625216,2.2057842254104867,14.664250893881782,7.433037197898807,11.640474197386599,6.796135885841864,4.686999143601013,15.010678879746306,23.96996954010752,4.414920450710667,10.435788104810364,-0.31033414910070434,10.144081219247104,13.979004178605066,8.961654661677589,6.432193539326823,-10.508856091875488,-2.0217769357600117,-10.057588466942855,-6.2455461209685295,-12.4936244921736,-14.153753955101761,-4.482000720443024,1.5213874410837889,-18.94257301401074,-7.88579740173115,1.1392708219795078,-2.861989991364592,-3.6141789460770495,-10.83566482718743,-3.1905328210034383,3.740902614393609,3.919793728602731,11.67725402734629,-3.021231484235969,10.647718964053732,8.629418994566969,8.68352763268461,2.4855159140368013,-4.54088903915864,7.118376149137214,12.779770809725465,6.0168559108974415,10.537659726809805,4.223506114195761,14.369778741423668,14.832754109009382,8.360338255308756
16,50,5,-6.186524028231098,6.865304166596964,10.99462587380975,20.744287487937186,13.793858067212044,15.99537144960244,18.59228827822499,21.210692375262326,11.629400552625256,13.772858151234686,15.281606014198973,7.639351427009926,14.55477384087152,13.60778001714044,16.123764753705128,20.63832627927385,5.624114310914054,11.858219983260613,19.562874454914084,9.992488130972509,3.765629639667341,12.198962625047958,26.56077790369349,12.188755933286203,7.980710790352758,-3.239037812994112,7.133573897887117,5.048991683657599,7.614736550453501,2.0625902758229797,2.356958848344752,29.306871865944146,6.7582128229948575,15.860175424596152,10.256961739837852,17.80385437635023,16.92902708448833,14.67157999953118,7.903303011551231,10.6754656767518,20.567514444201638,19.414676508707245,14.775802616166276,3.693929058249766,11.754208850787906,10.594731934834272,9.350617242272849,13.987101299915368,1.6699262955566736,13.641104556483823,9.12791046245796,11.501995176531185,8.928299853260194,4.932207095323178,12.019993832562024,14.77803293824559,6.584731250251762,-2.375240937610748,5.921010875966544,5.599568523778916,5.362384303313924,3.272452918142534
16,51,1,13.040853728653817,0.5171790508235365,13.182335164579682,6.943065612009027,17.18469165674434,12.369622856174129,24.605412817128553,12.129621742361389,9.37571955103677,14.150121703198764,11.8868123179347,15.023991444670571,26.545049532384756,23.87512521865983,22.363185132172244,1.4554890943009666,23.37307067667474,16.483850452163047,11.295702490308205,17.89642519167648,11.988601934244267,20.619056249860815,8.577726076061767,9.427434067923304,14.078891483203673,2.9781447346975307,19.551973560380628,14.223638368884055,12.411549107898487,4.329514667445724,21.661636491192553,6.965023166590894,0.9332455881848579,-8.327138999613318,9.218729975928623,11.54923619990374,6.8930250286329064,11.98040555677626,21.849974881766787,10.925254896328573,17.189165092550407,18.749614341797823,11.517727832241752,1.9220234279225523,10.662252297636309,16.714028893084055,20.51962631645544,22.063312035553704,12.25863606189718,22.68931225914416,9.168611624232703,20.230736273817907,9.889546689216791,11.825232036775212,12.294639526298505,18.89435281045735,9.072559392352295,14.291870564176913,6.026907199812005,10.08240172563393,14.955616939631172,4.341334659151913
16,52,2,-39.16762375507914,-25.260393406786953,-19.198293858247514,-16.423202001637364,-9.623024012302837,-22.962016742047577,-24.571596507437338,-9.055942457691744,-11.746288626857963,-14.995666766431325,-13.424648443486818,-1.899824317181256,-19.46505792825143,-3.8232238497244295,-26.12818494043881,-15.287904243461977,-7.969943352543367,-11.170139267234275,-14.736447356959319,-17.76889502024846,-13.98516433006267,-10.925587064893238,-1.192702234123559,-9.74603785942423,-12.50110470154891,-6.401289073068916,-11.329794874866256,-8.267180609198784,-12.89228467794885,-10.81321124113079,-39.62698406676147,-27.57687105901721,-25.081394302249883,-28.83043288593976,-22.117153226519317,-13.666508771729001,-19.418291550084216,-25.999420693462206,-8.963272290043076,-8.877728557009707,-17.919974546752815,-20.387419731276704,-17.830854759460735,-24.132390200728313,-11.896699640332027,-16.626479326866612,-17.255550956293924,-14.632095357528097,-13.683121387937618,-13.3329921364557,-8.957746293225396,-16.759100035787004,-14.62356259710179,-9.999308329075575,-9.285353076757817,-15.081762673392916,-7.6105391898692245,-16.41695129104732,-11.967006815983565,-11.555952846561,-9.855173983815597,-6.1643205950428515
16,53,5,-28.23557440827532,-10.931026827419036,11.171273833322457,-2.9122549527830155,-25.1398040305187,-6.27158459063574,-18.15733560365511,-4.604440685770498,-4.571901348408131,-6.679752471033346,-4.273296570939171,-16.997147024972598,-6.7600677750221,-10.38617015413928,-2.931166878373293,-9.90812214786505,-4.744774605397407,-2.0398648735788854,-2.5880690776209168,-6.657902815191798,-1.9848934649773757,-6.536592996145438,-17.81338795869635,-2.626268186947195,-2.634339433913003,-4.9602816545563515,-7.047585960653634,-14.475291142762615,-5.525702403423877,-1.976524590185231,-18.713710243245824,-8.760417755602335,-10.92019040976288,-17.59074153315003,4.0526991571958515,-6.99258434473787,-7.403306119498891,-6.617956558833035,-10.776521979739586,1.040177312849955,-17.13815383169027,-17.484672498321398,-12.348096655818024,-21.40667057182732,-5.542276218760666,1.1318682644561662,-9.646116106316635,-10.123111570126191,-15.673174320555457,-6.704423420312931,-14.447609301835369,-9.967416067908681,-6.406340584732454,-0.877890274155795,-2.7380487006895886,-14.713527945540381,-2.9341391027484827,-6.08036011598845,-3.08193599252121,-2.8533105785027146,-8.566005382590312,-3.6797279087775507
16,54,2,-2.0187486333136517,-4.985664393843675,-8.486988672305168,-0.45350652686093185,3.8520403685525277,-2.165691321443131,-5.188264407285649,6.472562534672138,-1.782513452920973,-2.7053324924668343,-0.2242469079906072,-2.479256490165959,9.845364311982577,6.494425155313279,7.793084074226327,12.430853675634923,3.2051870510799865,-2.9500616709474565,-4.422995809618976,-5.335228623277169,-0.41643762160319514,1.1012226652422181,1.4852761301728776,-5.028677748243619,1.9289427929807736,-2.1126999270806954,5.597545262017264,1.3499679283761405,0.563829016349302,-1.0881818716028118,-5.086500581671914,4.10286063705457,-5.15864969072182,-4.818429299789232,1.3424272838661944,-2.3749820565941135,3.0907491781498937,-0.25830905634637347,-6.326793192211456,-0.5375360199065718,2.9704315235537297,1.5377972910362416,-1.3376087136169121,-7.460624225801089,1.644297644723114,2.5747134207588847,-4.951636630019581,2.848789595135645,2.7596826971531248,0.12411809434387155,3.4741642460704067,-1.6911546349225188,-2.1629260446331116,-6.994698011825676,-1.2828185443039521,4.34644654477242,-2.0910487333937295,-0.0026314846558007088,-7.74321599931615,-5.9681999229985045,-2.328306194644694,-0.40531644068385686
16,55,3,-5.859585882050964,7.950621660435338,-1.0681440080629607,4.589212784225622,27.777357081814525,2.30279846425827,-3.5980019614827365,0.0057762311317199055,4.76878111832207,6.022990190355877,4.428055953064071,1.163631143320988,-4.738493647267363,10.794648708048747,5.296619701733043,7.16050964296318,4.877330618390884,0.3885270305454907,6.712097728664695,-0.8576194872737513,2.1346099902666302,2.6105615018480814,3.6458857657491457,0.1225996664270942,0.8595520930773606,-7.746257242587637,-6.689752022395047,-4.884564946064862,0.08235572405704676,-2.7996332975183966,0.3919263423488637,4.59199095063093,8.425158200830943,-18.50577402515223,2.3445176658697604,9.252744633613565,7.807211982222588,-1.345274409476211,-6.111143790132566,-1.1208722582115325,5.161285530957505,0.15268447263189036,-7.954357471399755,-3.8250572312362023,-1.6629464457311276,6.542602211526571,3.9829139549500945,1.1987674435112274,-0.3556339115404134,3.9405390073477102,8.358716272655668,6.686840198860255,0.40793501526662435,-1.6834416193433284,0.12259532391979609,21.182074284396787,1.2224116316121971,-10.856630124242562,-5.5788749594968285,-2.686002089255831,-1.302127334266537,-3.04524669383522
16,56,3,2.068737498916138,4.448382870782526,-1.2537215919710867,7.347631534379788,3.3744538866165215,6.153160663276191,6.802170954417532,4.231866334790711,2.2295448849625066,3.6126604201045023,8.110695657274896,-17.56142891784448,2.9286950115695145,27.88489714358002,13.52444502370569,-1.580163603546325,12.217788198304062,2.8835161019843545,7.738444862705537,7.078283315467672,4.596278900269233,11.169423156576903,17.86926964943002,2.852572876240253,1.286351581422111,0.8680287798889347,2.6061225008196773,3.80381578193387,3.7641931132118147,-1.278879975786479,1.7571954402232137,20.046396881932534,4.912380687369988,-10.844012138888054,3.9056183991630102,6.406047240717384,4.604147316933397,2.6412761115253276,-1.530839093402525,-2.3610181511129897,8.746574594707393,8.967512842040604,-3.0572175709814644,-1.921557501233153,0.6582290072664148,11.649157915536945,8.96239664381733,2.5222914552361493,5.3925640244638915,6.993227123214699,0.7249728702917356,5.35011574952358,10.821662021931495,1.617189455368532,8.625963605940342,3.3002168505179985,4.040607424248464,3.3308796608684275,4.120939944121172,10.569771956039093,5.8245660406878095,1.67283374236942
16,57,2,8.75408502910059,-1.3909451676896079,1.1177101734934782,-4.026186291128397,-7.87857593227995,-7.467936189572617,-6.324321342649207,-2.46474467685855,-9.134514933542869,-10.275476716680263,-3.4150817844357984,6.467109779293486,-4.32941543799257,-12.052934388323429,-17.563844730259802,-12.914091250316872,-11.768026072668231,-12.562861834747839,-14.02777656376725,-12.329055443440172,-10.833904851409725,-11.28116485862652,-5.311618924762048,-16.64873445168401,-14.52908921295921,-12.415177080110176,-10.122335071590294,-8.698595931669754,-10.424567827443804,-13.423060966632892,6.709561247378588,-0.9338193677547506,-1.7775741007815067,-2.439521577300097,-5.071164924197081,-8.581750943166448,-3.5827999120583893,-4.150761541251727,0.7368014995917314,-0.8174747743987391,-5.500984017752823,-8.322605000354539,-6.125741832690862,-11.215602935428121,-10.429261268085305,-10.156962311020262,-8.15372205618769,-6.248423493126543,-9.368662151212733,-10.520283567066093,-16.55888122917584,-11.93859578197731,-16.050636318131794,-11.261325499315452,-15.799069647631821,-3.5209566265253756,-15.40087535433797,-7.818816172776791,-16.800301716072344,-9.79480595297248,-13.828890812236864,-14.794416964599277
16,58,1,7.02996389567852,4.934640100929979,5.204143626615405,13.170709319526283,12.95129386849827,6.806044807521311,12.025550057702675,11.810073205179016,14.971168360513893,16.78577689656124,13.77746107724563,10.655686665394507,13.524677883509963,17.30866313207804,9.530064864610834,12.211817792594063,-1.359855283824046,18.409307722990384,23.66146025867998,11.548192286523202,-2.8365986713935167,9.786493143888059,30.982859205522715,21.571783256149157,15.037800115601325,1.7171197508698857,6.18101091219344,7.276832609477163,13.585356706548946,8.833904214793959,14.256867923103737,14.336130662616807,4.653299354970817,10.702871571204106,9.192954750140991,12.788816953765041,13.561242150335874,12.241592025815901,6.392519008095669,5.708752092561777,14.933435114168725,17.964105301036888,11.592111578256612,12.157342554865082,4.125051022018876,16.022333156862643,12.53619350977142,7.086600427913317,-2.0260476879775524,9.686407377332921,18.377091831991535,21.899679048214015,14.071700257953351,6.713486773620652,16.246493685536272,29.068881098791497,17.479327673876167,3.974730576456682,12.589737045499149,15.734892507282483,17.948937816954235,12.916563073820553
16,59,4,21.803290295880288,11.897074942318044,12.96131054289276,10.698769036884887,21.733190232797018,9.650162438066994,7.977276927723388,7.7148006485729725,6.729620644391131,6.074010067187798,0.6833571204205782,-5.451189293060452,1.6578043873490005,17.52641769408861,-0.6205863440778429,4.045249151463463,-3.3390069709545585,3.4654589200210637,15.312476018296069,7.1567091003469185,1.6085573905034054,-1.6610396809467083,7.6316943438382925,1.882543047049607,3.408692953721962,-3.8954377110774914,-4.966528070877626,0.3624842984874437,2.5898895037599,3.162734432165829,15.083091317789583,9.269206280184049,11.594216716680211,6.47379200249093,10.0327623016712,8.14574566682824,10.538285246118903,5.58397391567393,6.616610633822659,10.44868223681455,13.785868661803264,0.43150162746811654,3.246237656538852,8.862958036090541,6.5347164959942114,5.266526187247621,-1.3115056188459067,0.8069187753106941,-0.9142473727140286,-3.1637222767330533,8.50470131569792,5.155125356074876,1.9372858249287066,-7.61848959774233,1.9596876209919742,16.964473822313103,3.4009279942753308,-3.1593393754645636,-3.8733120208390335,3.5005909239918687,1.4706220037939903,3.264623246942903
16,60,4,39.17024209109566,19.654272162764343,24.037697003154868,6.996130284362065,24.840060380900802,15.361584774332075,17.21155399588368,5.026749454770901,-1.116260738498195,5.6522276444224255,5.95757928354348,8.425718960400507,6.837535968754536,-1.0786698615610077,13.983982293207825,5.663391913383886,6.81133351708292,-8.324157990343092,-11.080273066352051,11.138963038331783,10.323369152457797,0.7132649780364636,-22.038964776004246,-8.06786772047692,5.623402549490545,-0.49158489340689115,7.579281019983909,0.7859275832874464,5.604309460897811,1.385199187561961,38.58349364123691,18.307880404291723,19.370921217132267,26.10239241215424,11.865916051561156,11.906945163111507,7.856411438617043,19.100718754911558,15.336823291349688,12.430103039573414,13.61583830542555,3.7564798863831763,18.246804996280048,20.09302968801023,5.202685566732613,-0.5498304633216407,-10.029984107099065,7.4704943197557965,15.840883886998098,3.6258176969273466,-3.965382494509401,-4.836491388484563,15.314736438739091,-1.4496048207780932,-10.266745517439231,-5.399815670152125,-3.0527528876029866,1.5921259319023586,-6.381505727699798,-8.225081710826329,-2.522218161455652,-2.4112010928007153
16,61,6,2.5352545701330764,6.682647074828283,16.804593944149765,17.487726729726656,-0.6151725131984271,12.49513857783296,9.646560398248463,23.968619221594277,20.97387915867856,17.691530180549837,14.677287212254967,6.182261904497153,15.034642209792981,17.778165399573933,20.01578582732417,6.002335505207953,12.995316735128084,22.82865837198207,22.91866667659543,11.939195339431661,13.229412229981552,10.373806711184098,11.912363200948176,11.335907612359387,11.783189222489181,9.499018057612938,4.022640246988799,2.041758630969903,9.133125866876869,2.791117691951687,11.467367901444064,7.569195273485631,6.673156576503709,3.268246905758929,22.015889888856467,14.679685688918314,12.721874634377516,16.437153005381905,9.434435430096416,16.62282114130694,14.255026022790046,14.040019310408875,11.40632264515976,1.3377856121018037,20.185462495221252,19.00984309609161,11.127470924950602,7.046524693922523,4.19111340085226,16.409143183334944,17.202525088154687,12.776345607654262,5.402973370762856,8.7654520513081,16.763241259273283,7.805788383228565,16.79181194859671,10.72793504762996,14.914113254354502,16.25768388153575,9.85718423295084,10.249438307089058
16,62,3,-8.548758621050746,-5.952411320946391,2.6134431466869086,-3.8734112023525,-10.912930238248062,-4.610583666087373,6.379124557795341,-3.6284534719154355,-15.805609499899345,-8.83610431380888,-4.6110063856126855,3.983323801335133,-4.953362163156271,0.6243997522198219,-9.754225562235753,0.8810609596349852,-1.8688163525306358,-14.136399336749829,-5.5519263293315895,-8.377718793733681,-2.9237815545752586,-4.680912267871018,0.16257610769158742,-11.379602608765005,-1.7370109625569576,-2.5942162728141533,1.214840879249272,-7.965456948774621,-5.500703628623586,-1.6055765426717699,-4.856261765831379,5.843400318724976,-5.358506164240942,-9.710500335366252,-3.8112917761886256,-10.635170039266535,0.06523836434750716,2.3289532832767263,0.19175499420976513,1.4048229078286625,-3.935310655034277,-6.441606333218061,1.4973894770984066,7.212331894546653,-5.071384881077928,-6.70409979018746,-7.385809070657843,-2.6610723756844306,4.9483021193343,-6.863828846779454,-13.31072829519513,-5.112840961496325,-0.8537111279587319,-9.295667484436727,-12.18669823570768,-10.571212812449652,-7.7739996300873955,1.4827482814576882,-8.797473789204096,-9.579898493805624,-13.516020158850932,-8.235189154948584
16,63,4,2.0224843672306347,3.660587326464494,-5.1691712696877525,5.503499016419149,17.31164818129889,2.7544499446138198,8.709842207001113,5.983337309927021,15.394007743495266,14.68229138823908,11.528538321440179,8.116782526099461,9.86872808689751,28.380847719384402,9.952735978087821,5.033621417631099,13.83075010296093,16.172748387016057,13.017114624571308,6.230900573830981,-0.42606184823529364,9.847025063956474,16.606023009173665,12.049444469142708,2.4864735743258044,2.494268665839803,5.366978640077499,9.636552306857505,4.992976365599601,3.9770427893495124,-6.238126307796898,10.828641908368237,3.734341230470596,3.85030623366091,1.4799355886700536,11.039222533882757,12.73721897020573,4.206996929968094,-4.210918267931871,-0.4935476972278554,7.901991580485183,8.970558407722134,5.774775566575089,0.7932438838889073,6.911695344055572,20.050262095906383,17.671811719038867,9.426101015483193,-1.2699029072210544,12.755099897204735,24.025506028042326,19.732706569316907,1.3260044828511597,1.5780757822283746,13.08881509191606,13.006584507560847,8.069528620008647,-2.9353513504128625,6.374599361292469,11.78184767771603,10.688333889918127,5.783687955705543
16,64,1,-1.5164523291310703,-2.4730013973738356,-4.530108728871975,2.5411947506491264,8.59782871576707,-0.8780498963258263,-7.9484302202365935,-2.943301747002208,4.934812687996139,3.3095477038949035,-0.10375676079966957,-4.60065316445217,-0.172657597724849,8.815475420276753,-2.547928707571927,-2.549378133094984,-3.4624521838183093,4.239549291581369,0.3283790427191934,-3.896248730342473,-2.0716752181477034,2.0431778716127846,-3.85384357614846,-1.7193327677711596,-3.7460101965031134,4.467432797886431,5.7665922006580725,3.3390717209975525,-0.6474788693665747,1.3423539560924231,-7.519758511942286,-1.6388837842089004,-2.582051237992569,0.4344479316822817,0.4500985820948082,2.1840337714884526,2.843272224273079,-3.9919213137430383,-9.680764946075747,-4.22956704616365,3.033517312282968,-0.5128176738053742,-1.3932272502698182,-4.905085902797376,2.9204512725288927,5.898194783554623,6.790769400540739,-3.4721022357301026,-1.397355585495329,2.031750483131717,3.7889847904841227,1.7377874820788457,-5.646783587812423,1.5764580278276907,3.177794072186442,5.241518832970316,-3.2662539206808674,5.275140998917691,3.3729742503066262,0.6189772404571288,-0.986517370792061,0.5943969184952993
16,65,5,7.224898196575114,11.838095999708985,-0.11033970562786524,5.381727699372105,0.22929849592605256,6.843821127830841,9.312012604017532,-2.4643694038769794,5.483228277914774,7.1833644192211565,5.667692836362683,-7.6201720341426755,-4.381677712972572,-6.667367427362828,-11.23998045099036,3.0788516401790256,-5.601363042846504,1.2881935807040816,1.64459103245924,-5.8523213645023064,-7.82904861368262,-1.035587385183247,10.93880464309236,0.47121050830918887,5.688438118730742,-0.3659266894910379,-4.959880466697876,-5.996390932943765,-6.332258803315646,8.321220223939546,-4.79757182262611,5.004170748836743,11.425307955683724,-2.4323260425930697,4.537925428688167,5.746148887022235,8.324399552149025,2.3286641741046554,1.0419028838358173,-5.136558538938803,-1.853942204777879,4.810267471174549,7.06665318881775,0.4385115930593362,-8.824564658241664,-0.9504924353166686,6.374681271567221,0.9747491253244626,-11.2037614057204,-12.341669046887894,2.971691183177981,3.097254448360191,6.525515088311779,-5.163865229978065,-2.6404521242692716,-10.135518231485948,3.1790149078318275,-4.030862482946092,0.3963911080869222,-2.695531444283337,0.4993152975490897,1.1815983260209437
16,66,2,-20.141305905426062,-2.5621988774084197,-8.070223181272809,7.332312992478651,4.242016829629769,8.73528522271209,10.016546489523227,6.8858294504405,7.242183700590058,9.830101841106647,6.394865731803825,1.611193155574545,3.595758750307851,0.655640642408556,9.659911783264452,2.3041874461228082,1.3867348954251897,1.6634598348471445,14.300304081404535,0.8148735497010549,3.0771044903170743,2.6894316389338995,1.839749629768292,4.799038588120487,7.113928679526622,-0.5864076409914822,1.374832936426308,0.13122733631284925,4.622196513790319,0.29776785823107643,-23.6243610353686,9.95154541025574,-2.600682756216154,-4.2558254771525155,-0.437502124679711,5.250888506904606,10.29715389142767,2.4298973818786607,-0.3708057031262584,2.940070665577745,2.821319028456899,7.874167305522413,4.374024914316379,2.205206157491973,4.382812288745941,2.3394963482026387,3.112572983566036,0.6171913002844789,-1.4506143690711568,2.2981135594522257,8.219512687041995,11.867887455311307,4.687460796708787,1.5558292526956197,5.67487114034139,9.025810151474506,5.904527574255154,0.20190976805439909,3.2064380604864624,5.4714945527702215,3.51626313523185,4.538007370633551
16,67,1,-0.10535285562822057,-3.0636538844488186,3.3276788260924013,-2.82604691333978,-15.580460998434106,-10.500746123464317,0.6339290387042595,3.5186572995309406,-4.476198542535887,-4.305141438951536,1.2285071612029086,3.500681506060972,-4.288006768766337,-9.369317828978573,-3.8162872212734547,-2.785997127898312,4.153250681690687,-1.5079368496222827,-2.790988305447302,-3.216605760560299,0.156618713008001,-2.9669417340490156,-1.4556831724760004,0.5928956940997304,-5.3326662184114095,-6.088142349086584,-1.8103118712968398,-2.8117336249206124,-4.424760192814401,-4.595536905448748,-3.3817573316031826,-11.662250432208545,-2.9997916192628375,-6.71095457614475,-3.344925601262508,-2.3650429732870393,-6.466160792085097,-9.007843091663693,3.8941219889377123,2.1852071113748166,-3.15622480068265,-3.7437540882461553,-0.3109251397048564,-0.24800761325977683,-0.23154158954985615,-3.1977283800355853,-2.6146510284445132,8.983232492209051,5.47614059340572,-2.5377262613463505,-3.0265159444520013,-3.2719266580008908,6.382355559926776,0.29247471394596475,2.918906889617351,-4.083517317183136,-1.5927730233794657,-6.3529523552190295,-0.6012602511640048,0.3390342019861791,-1.3058414924208337,-3.2016885071856622
16,68,1,18.687952272764345,3.393042289629218,3.985433255390419,2.713123349563744,1.0131811812213376,7.9967022581344,2.48981679402428,3.461822275344915,-0.14535086040907402,-0.9751848933150673,-1.5076004613372622,1.0196520658891395,17.50343777379589,19.608040516503248,12.984355204102654,9.442083835828955,2.5259842302468485,10.948282245682872,15.774981125757634,8.143407686022902,5.525603205862838,17.97635234978402,20.260463037880182,6.010924420887379,10.085619898882083,8.448509177905741,14.49555772274346,18.977101118099412,16.747508584180988,7.212978967931122,21.742417570362555,17.693846789336323,2.713653849568445,15.520813320215394,5.045484514918361,5.471852684245875,1.4455542335195872,1.890955068704832,7.0091538391893735,1.51835481359101,12.058684947582455,10.36365186741076,3.4825763001856274,-0.4622852048586782,3.4980198825232516,9.33893535325371,4.573337853659038,9.743673830134117,0.7578098306932102,14.801060255834486,11.988317280053726,7.869909458929988,-0.11819089104126174,11.156930344690357,12.691427540874525,14.517705003106297,5.151575142485387,4.35670055726702,9.90125880174043,10.453914894279455,14.051908210192508,8.519502135697847
16,69,5,-0.7166946174054443,-0.41240416060588053,3.481471918680542,-4.6223691011347405,15.776499624205078,-8.749715080019087,-12.56746035582591,-2.6668529328946944,1.760098715094145,-8.507669213091638,-7.411114161334384,-0.21851811050891712,-3.0305709703200727,-8.578420653905173,-14.721081463847215,-16.46343304507616,-3.998426587735419,-1.8580921311101823,-16.288169844303187,-16.21091740214969,-2.921848968602717,-8.31740683938445,-21.1037088821574,-11.451406603179333,-8.990833454140716,-4.906582821149198,-12.254550840682914,-6.493053304156426,-9.806733819224485,-4.7356766897549,20.97518203762452,-15.337211533127332,-1.9267815869846734,8.04559970961134,2.8427847209358124,-6.233303400812811,-11.366095986387622,-5.950284590070113,-1.7063567456278221,-0.05420356821382355,-5.1381503778350766,-15.115393345403225,-7.503473752882426,5.5581210387143765,3.5901593744368645,-2.0803977966921923,-5.639260282955795,-19.520568721541544,-3.6984586381217097,-2.281155848216901,-2.7398044504594354,-15.722175362633495,-9.055524047873005,1.1636397706741524,-4.894443652285946,-6.2395195884448365,-10.635618613260549,-0.5589154636850806,-2.0338600046205793,-4.0185248650973895,-7.325061455459859,-8.583502431513695
16,70,3,-26.82755507085267,-10.064085143322986,-17.933602082219398,-8.019250731654001,-12.719484734661297,-6.182637250845938,-12.417558334801885,-10.41585375545206,-7.767856730767189,-7.749009493692991,-6.984866844876331,-17.353345936573135,-18.017424424701353,-15.207209370757758,-10.211938028859835,-9.805051323497763,-13.46501311352591,-10.068467991443624,-12.69359745157929,-8.751268095541288,-18.53581133157741,-12.498214442464642,-11.231253642043686,-4.887459508972475,-12.772678874614767,-10.7908568932425,-21.189174873436368,-16.935463221153103,-12.263010386195846,-7.495579376680461,-23.155630843509464,-20.232548074944447,-9.508288545443161,-27.63999559900654,-7.253848367552393,-3.61796213138462,-7.669466357019434,-17.1040700383757,-5.374717615067772,-5.206684495753991,-14.21043364973257,-15.202131985073425,-12.819777465629858,-0.9681748564627661,-10.183583100610294,-10.427496833749485,-14.344909321153299,-13.356260953243916,-25.115335918781252,-20.437736490877676,-17.49504734530319,-8.175088546988436,-13.938626507524306,-11.796704533623485,-15.788902114895054,-10.741200170502433,-6.929947169543034,-18.02157866300605,-13.269000397518088,-9.997768295474538,-7.809045357129919,-0.4182407429509958
16,71,6,7.437476116255286,7.442424076819433,16.720913845318833,2.2422707435141143,0.2937215131454779,2.0560418132851574,9.26299000714008,8.39520278641182,6.380785339341569,14.145518799198838,8.195575047102638,1.1460306270547764,0.7581592734133622,6.835180553993803,-6.310163346437236,10.511966372408516,-4.46518094256157,1.9037542274028703,10.534493350585711,9.807587822092836,-4.182951591204761,1.5496517676305,21.987927491163315,3.5238209433126717,5.162618511151976,3.4189426371168987,-4.377484693146516,-1.870365047663031,-5.873756856657565,-1.2629273854559517,11.305749480249125,-7.252442068471455,7.444511997297674,14.561913305121218,1.6685976056132197,7.3723973809945855,11.543205359178344,12.52605599492062,2.3775531310043654,0.9750209556347345,8.17369089034818,12.141700480587593,12.45729756827762,6.178332043198368,6.252551848250559,5.393780530262855,5.988751200413923,11.233130119491095,-10.244930395902639,0.3189791009261659,3.9457199740217876,6.791200813157311,-0.56096459853338,0.15615275816242347,2.9554711442366917,0.7289502741257862,5.189265190379513,2.081799828538265,3.606806527686919,6.362127950460443,3.954554709441186,-0.404074116399876
16,72,5,-6.434018283525888,-2.319467127868315,-11.333155367801686,-7.752305329595574,-12.291171151224713,-0.8065219191016574,-6.901367984042026,-4.2169447151898645,-9.74587823650459,-8.433747091307877,-5.425150840440998,2.8131657740521474,-7.174288122483146,7.751753135890951,1.9383125538460733,8.501025899475232,-4.218903262804192,-5.942774168692713,0.8063019192947942,2.696394218540774,1.2743115888329286,-0.6734525253769097,2.9270428402758193,-7.455115440142593,2.4010161176546068,-0.7694486687357376,2.3526276775022485,0.8095243046423661,6.950446614302789,2.255160527485537,-10.718746567792378,1.3361161697156174,-1.3381867831482026,-9.383117848802815,-13.207911928434202,-12.258217584205468,0.5296244708048864,-4.967619495601221,-4.632588599092986,-7.324802670536969,-4.173374769982043,-5.139634300494661,-5.015149500607172,3.0411010597855204,-8.986420528190894,-6.442063616361564,-8.54802101981122,-20.493700233719697,-2.1727961952366472,-4.076239847282809,-0.9126469664639092,1.8133143496631479,11.466690660857525,-3.838688937038545,-1.5666742127206987,-1.9446496098506736,-2.1828604528748605,0.7662780061534544,-1.266909088235258,0.9672559763691033,2.7440190733546705,2.1222033575063644
16,73,2,-8.821087770084512,-7.129911446316375,-8.620683532594363,-2.6919941204918048,7.1368222680942255,-11.369840298620302,-13.183508539322489,-5.0647631613310535,-4.115176588478613,-3.08019322265939,-6.418988841949261,-4.036358244626259,-1.7702750541814944,6.493489071204351,-9.185914532156524,-4.578022705118469,-1.382028490145941,-1.015269177556946,-0.32572594534878385,-0.7563475002875417,-8.418178327699623,0.18922710680493599,-6.757971192031484,-4.040279569853913,-3.170792658841691,0.13175363599595297,0.6720505865722339,3.5186486824290717,-3.4324018971301715,0.33196811311844215,-14.117685751591972,-7.145851152946195,-7.654600856237951,-12.043482718898398,-6.248833289983252,-18.117881074729485,-5.575402309436622,-3.925457775950567,-4.39672445828981,-3.4995641808775138,-0.5434632902374341,-3.3244434496069832,-11.347589501543208,-11.764859705376903,-5.01567581994175,4.71221365693321,6.42959659065051,-4.708037833271477,-3.3543471422091837,0.24187762239697963,-2.4057398598709305,-3.59985257258139,-6.312803375239413,-9.551845522676935,-1.1710164587399574,6.246581473047054,-4.928393645893509,-0.773093839664376,-3.0588525589967213,0.0755182712100359,-5.58351665584189,-5.472629107637102
16,74,4,0.9135355370391802,-0.9548494217366472,0.2033290941404502,-12.040967762345307,12.698476230952794,-5.085413499814797,9.355875876624278,-6.2862127363318345,-5.608122862432513,-8.944744277654626,0.9030701577345406,-8.415585736255732,-4.485701971982675,-7.050372707952816,2.3594953342817893,-1.293245101310653,-7.258951627263205,-4.673552910501999,3.14227815452827,4.631432505733357,2.8834427884075664,-2.289528967131203,4.795544273697022,-2.7509083973198436,-2.385158478373255,-18.246459844272305,1.037761639871794,0.354520965571993,-4.069600820575457,-2.8042964682255582,-0.6301587399595028,-16.734765587783443,-1.7233317075637973,0.39929437628243036,-9.213842365016207,-12.78202273210557,-9.438201430594408,14.349546704089223,-7.759315315713512,-8.189156043950875,-6.794198912034581,3.66272701195827,10.311510360608073,5.072359813064927,-4.7864119122145565,-6.3407139021040075,1.7546027966934006,7.567253997731142,-13.10125618314417,1.8717756899664335,1.7145573195047326,-3.945116036185407,17.52339366306665,-3.1048554934379524,-6.589894873975985,7.058620756819609,-7.4896779796562845,-5.150186015599656,-6.77006299357589,-4.399571659139968,-3.954917085425153,-2.8635602130032156
16,75,1,0.8403209348595374,0.3365667048733809,-2.220852568211807,-6.529004987238381,-4.166330277987915,-0.03797915458065823,1.1610514763856266,-5.594767126936195,-4.596347889431369,-1.4261117085996204,-1.6911072709907133,2.600536115160893,-8.670215152385763,1.0191429322131158,-5.989286131111952,-6.309231528705668,-4.116660637974105,-5.295614542848455,-11.69731773445155,-6.61213720078217,-1.6288022744673785,-8.305258993082107,-15.561661230479713,-9.364391450929201,-11.059130934975673,-3.268048478472161,-9.534887820686691,-8.964639792710019,-11.630017338547761,-8.451727214356303,5.117823490691257,-2.9882823201521083,0.33711021342712294,3.0879193035681265,0.3977111513476556,-3.998374838370647,-0.223694770449271,3.1631485597207796,0.7605017410682109,0.9492370088402995,-7.884770754179582,-7.143051520501054,1.1973050489181247,1.1584329526394428,-3.2976760175987745,-7.659898295453411,-7.212638178343384,-3.5369609472478074,2.8394716574992174,-2.983981386519878,-8.695511579865636,-6.439889416149698,-5.602721914842087,-7.583650976476236,-9.889999706525261,-15.87338017377004,-9.913333239715275,-8.353643191383837,-11.926391909239674,-9.280284255379577,-9.690811900649125,-11.247771261577933
16,76,4,20.905811002637012,-3.7186863130049375,8.260770272736146,0.5311558648217009,17.31152320096679,-10.588649419885943,-2.8393897117547167,1.1535367059816672,-5.422208783148629,-12.226075136080016,-2.61364156044111,1.2856009584914028,6.824421749998977,-5.492610815185599,4.2726236041635275,-6.978322723607824,1.9767446018891732,-2.9017248827418896,9.112302911876723,3.366641545531951,7.86581565849994,5.005715157836676,-0.04870333511768485,-2.0947327827807625,7.697277828278705,4.456626620597957,4.899995574205206,5.6693105526511935,3.8143545779195156,7.032746292539967,7.311106142758321,16.86816714236103,-3.1975385359624724,3.2121064181144288,-2.1788398838408933,-5.203453365026223,-4.960993414154142,-1.294263118968866,6.741393120527816,1.6731357767485173,6.032273603006965,-5.089826630383004,-1.2585056420165783,-2.493578495179506,0.06081670895218849,0.6672233823550542,1.256611955329412,5.503003026313355,9.462747235685903,6.692603452608175,1.1630918732049265,9.660908249575963,10.61583098064449,0.5951001143719006,-0.71527095199222,14.920290715912943,0.5212944185633855,2.1429961041956243,-0.9042521682340741,-1.4512140523846715,1.437992019590172,3.816735820924276
16,77,3,-8.01227095159816,-0.533640600377467,3.9220670697892595,-4.1631422882399916,-3.5951418247891653,0.055933319213913535,10.185722752769548,-1.812792296634941,4.083732920448953,5.049073660791645,7.935553395495997,9.47972219128434,-7.7495444345674125,-13.376333282397292,-7.935768997682854,12.326445496709251,-3.9230809960423443,0.3727814515189425,-16.623843592682437,8.811825923953869,-0.31290088086843315,-3.7201616443330185,-5.136709538430383,2.592943704675704,14.439361176639519,6.928903260909975,-1.5833818147231538,-4.480706499051873,4.5023188977747175,9.889214552655003,-7.24930165275341,-17.70894112674201,0.04862569327034573,16.4517035783757,-0.4117440143372949,-6.01230054416853,-6.145262033928456,8.864355712129571,16.88324824938688,8.934848262315118,-6.101769796879277,-0.6831586678035377,32.246882282572294,30.081829338175485,3.0529857724905014,-1.6504448931209919,5.828737490515153,8.27131755182111,5.567956597248954,-10.070702605676363,-0.34251550380594864,4.462290699343857,20.29745435165297,0.3671345842218527,-1.5536550171673298,-6.5206231889826,10.435223064709042,2.811927711318545,2.4361351692549356,0.026745900358413968,-2.498440183287419,11.763375798688928
16,78,3,19.866850232024024,8.389845015503827,4.1179202414620315,3.676302659529738,10.198013008367731,13.172465037281926,17.195627210162044,1.9026067591294984,5.559501502481171,9.665644850672741,7.887233866333239,4.646237617131417,12.761350734284289,9.361483928997341,13.246814177530567,3.9271790087294054,4.949406475919054,9.98667743375025,19.343342569179644,6.958591113911895,0.24106226426658683,9.847020804155154,12.156475369886659,5.89127545678852,8.277939405337698,-1.6061158213855293,7.579367313375016,5.984553813866178,3.3021580752371453,0.14400494484821447,14.684120424909564,7.75412585180843,8.041717187160767,16.42630367998669,-1.1271186670538311,5.771281261360507,9.008688500741636,14.353144441663124,-2.3843776660051375,-4.043545114055345,12.46246982338589,17.235810801205112,7.694076895469616,-2.834463300421927,5.1751891392760205,13.810638985528445,7.802125849920069,13.254855279288279,6.805393357306905,13.0648387188955,12.121149385756835,22.66695769403767,9.439870859396915,3.1714655872343513,11.815461219083982,23.11093943263972,6.0749332908450135,3.292827154225784,8.463193451849428,17.968712586818683,12.007764084264636,1.3630604445934296
16,79,1,4.650413470524483,1.9737809821807137,5.468263491783745,3.1399270490652356,4.806026998498453,3.1426534972880513,2.567560962639843,6.291764766068723,11.755960239211051,12.899596680773469,12.903099522233104,15.104539663905694,16.45460257209588,23.59566952633421,17.136195269663173,12.861751352595844,16.313707843786343,21.981461034133652,19.623346221883132,7.699520945821599,8.327962787322154,15.037558507628548,16.109114765030593,15.459893203181476,10.702491903899048,7.818078519026868,6.833256611782245,4.186437192940866,6.764355697033067,3.473801893917499,4.74590047963372,-2.337132399027212,2.189965293920891,0.3665306738112122,3.280895109311108,4.559447301279119,5.8142516573709315,9.665908064806787,-0.9025439305902485,5.301567685875541,4.447977331489683,6.190807746859581,7.660256349617929,1.8205788691369156,10.494780007295498,15.596957198185176,17.30892203711881,14.77922789625279,11.655141247402335,16.891785446100126,21.008804087958683,16.53924042822383,13.300871131146652,13.822937538001195,19.201800988123903,15.372339281912266,12.971012527554693,8.913033214329579,15.561432545845655,18.29390796637391,14.46064131107272,9.083607248518984
16,80,6,-5.079904726706445,-1.1491668002009858,-14.272699762544619,-0.7854401903090715,-26.742714577445337,0.41085973647338087,6.691084968545139,1.6601769294669277,-12.822667854644992,-14.068093864587928,-0.4893028651614003,4.616441855871504,-8.113905223540778,-21.00295017165183,-22.143722228660447,1.9761234030706745,-5.8619843426319544,-17.55458275777879,-7.275197632815235,-18.617252600265715,-6.671176545089111,-15.107999395533676,0.005996254823601679,-15.737748328142056,-4.229295254452154,-7.1252740810784285,-11.81925736517622,-13.583178089170646,-12.878092119515662,-7.389247243553854,-6.296527189003851,25.19018544974486,-1.4829164804640902,-17.442474381589307,1.2150177264404363,-6.639827766751009,-5.4961266723665885,-4.133407028698613,-0.10086648542683818,9.685510148498704,-0.03699991946312853,5.726615748118344,-3.844831935470789,-8.562795909150026,-5.4524014817448565,-8.029444263793712,-21.64729297401883,3.4770372999695773,-7.946881566605554,-14.17921864616731,-26.166513561839,-16.45649628797774,1.9399215704250354,-16.683840596100037,-16.833941149860387,-19.181543092538664,-11.763962465011883,-11.504613741017064,-24.009035784705738,-21.33430145849282,-16.31050258940768,-10.049694125756346
16,81,4,-17.000058721506782,-8.168777383120007,-13.897748498654947,-5.535732165853516,3.799264770733742,-2.9039249090710655,3.997296412384544,0.7225829814674292,-0.649752243626409,0.5133396239678663,-0.6037665923216904,1.0188798407084165,-1.9128952550179357,10.891693148173525,0.6424186766011317,0.7777959753463914,-0.319531241186224,5.297853421777621,-2.42968598195556,-0.5279118853916482,0.024472445522137898,3.80077028756098,13.41401907698275,8.173432100422273,4.697697553511074,-1.5235400579290532,0.0716746354748207,1.5271809538627592,6.8208801652668285,3.2598564560502417,-16.227090005535725,-12.130734716099125,-7.810865847484734,-3.874670871283585,-1.4778175307437778,-6.649227713189296,-8.738197124546124,-9.0001557181453,-11.629003635170399,-0.3462253681997341,-3.1053343259178625,1.7958346575430462,-5.343955531330185,-6.539906078058001,-2.4243282175668295,3.5653763287849785,8.050025676155649,-1.6713368562845192,-3.130212295516511,0.6085420270541277,1.989177102336613,-3.628285262938135,3.743292458355427,5.691893555079132,5.947536683540574,-4.205694190746104,5.736779132494473,-3.035484453856312,5.574151246217873,8.54293497193253,6.684575351545724,3.779438317194012
16,82,4,-19.155219942666356,-10.503847708229953,-7.5816320675516025,-3.6426718763825368,-11.725202552389307,0.281884275081501,0.9321110795376972,-2.2348423577708836,-6.781313499469859,-4.733554211802914,0.2101578545904289,-5.635998954905604,2.8089856921365794,-7.897108317511845,-5.8617644098214,2.8478016985875607,1.0573766184630018,-5.498624426170777,3.2234734322637215,-6.749774917857955,1.1883796763651802,-6.609980235813279,8.005683642130615,-0.860466655578022,7.164172064689011,9.340652251014172,5.307188577313979,7.499431629176824,8.487411380166234,7.965888375478868,-17.224189284314377,-0.5585056380311992,-10.574530149491999,-13.227725443112222,-4.094086190912778,-5.235802986488749,-9.667931154211297,3.708553082883224,-13.08524326433246,-1.6452553935417158,-7.531664716420553,-4.523655220525473,-2.39095624158352,-6.617171429498003,-2.780005319615424,-5.379061790728346,-17.72199471228437,-0.8877560328181104,-19.51992138284372,-6.403916279353749,-7.5021493755701245,-4.834368990972732,0.4672892569655146,-8.372559388611101,-0.3297119900873833,-5.175672189718708,2.8895899796426847,1.5865136358387226,3.0039415826066986,4.190543962500582,4.7508743641409685,5.731624120386412
16,83,1,-5.149098916297278,-6.227462444817878,8.12718330079508,0.33787371290893164,-18.435807645502614,-8.697603755426115,2.6523195655971055,1.2404996653871119,-11.293761296879216,-12.192603901335298,-10.723112116965302,5.374532112170279,-7.052214702460681,-16.959577603708578,-14.18673767844534,-5.807323569897562,-7.047974168640991,-11.045274837078848,-15.724742016596048,-11.714655143367798,0.8255373756344464,-4.875984649196627,-9.898713685799295,-10.74479784859663,-3.722146013138315,0.9137901314023154,-5.03256886054353,-7.745174445427685,-5.848563942876527,-3.9554131722940893,4.278887238887297,-2.1243861895963163,-7.1139416152883905,-3.5033863328806123,-0.9767982237518003,-9.296072895070772,-10.627961504727415,-5.635951536690545,7.255970863807134,3.8634203798109192,-10.45124466551422,-9.517748801673692,-3.257617575093744,4.352265909762781,1.0696539031114516,-10.937622708064033,-15.574305137028777,-7.263377825252524,9.480067379386508,-3.271866191110415,-15.762600462383988,-13.220167590441507,-7.496351592157537,-4.226538684128261,-12.122607336129715,-18.4380292330028,-8.251348888864975,-1.686452589764418,-5.51959393255231,-6.38807146489711,-8.347974746164343,-7.01007700486608
16,84,1,5.618351068915571,7.42742053498855,3.348734735201748,10.487002093640227,7.782963872918429,9.445798118666909,1.2491273111323034,3.5980149090131053,8.02763685284796,7.879076429381513,10.38095906585818,2.2431594211290156,9.639045642711585,9.502533787270869,8.578623395640308,5.177505645446662,8.881533428799456,4.241158384761615,1.8046176300452252,5.309030619790638,7.377966563607053,8.384327563252755,-1.8378860066508567,7.660256303619687,7.946954831117534,7.718031732728939,8.525075684233407,8.752445786328217,11.538261710257245,7.640762024899807,10.870576823970715,7.999622762021491,7.347700581948344,5.349278852059624,5.446478536057215,15.097538338474392,9.469955759814011,4.096152623070451,7.6115745210327335,3.010179397593275,6.247664209727834,7.962143961794489,5.745980622746598,13.039236016298943,6.718835990705597,4.987061980225872,11.662241803981907,3.6115992539903012,6.409955591054227,6.325158272693842,4.802153203255927,10.748274892659447,10.26265170236072,9.408604103668663,6.39618148839828,4.155407623404909,8.821281903111037,8.693621997426193,8.626839388071037,6.0692217890769475,8.679390694275952,13.340135764784923
16,85,2,7.173403684935746,0.09763966666579953,3.986623894071159,8.279535494835637,-0.9256057647488478,-1.233562979143023,-3.2943413862600077,6.983016237446178,9.480861006350043,6.926517773164077,2.8343209393646163,9.12508481036781,7.757598339903693,3.8987852395625713,2.488332853673125,2.5852391915850164,9.76314225012334,5.786289228824899,5.942247879810679,2.2889336621716736,5.429637240001748,7.516570579594224,6.994465189259045,6.28418093433649,-1.2523368232395156,3.467956648253632,3.081068878152931,4.050205765269336,5.581743662232793,2.253085611539995,10.818685573593879,0.9619758490859174,1.134749894839618,3.3249783403120867,8.786969523854186,7.395864739037332,4.050706106306218,-1.4179240160326418,9.828350436947566,9.474817380888341,8.086973827831995,5.384786151945825,6.335860873941648,10.104290276186587,12.161048150115947,4.354228635386726,8.12784756208975,4.393502039017109,10.853110051532159,7.051904123821632,5.692428435852029,5.296546403239143,7.165043469308304,3.6160554474463855,4.8002550083030835,5.969912597546122,7.385878163185424,3.6236650961076435,3.6048912278535545,8.04491810927667,7.208876506311866,4.736569643151242
16,86,1,-5.217180086799514,-8.860697571324502,-5.836002029592125,-9.764168943846364,-5.200205137317138,-7.295196700114303,-3.509792367172451,-5.233572748648686,-3.2172916686480395,-5.278997562746181,-1.2264364713315963,1.6312223778719588,-0.7305765267370674,0.6634745900405623,-1.7919521602324968,-4.367364394245669,5.919151509305602,0.07493156022619263,-0.14332332339410359,-0.917487096677466,6.690403332780455,-1.2495026845121526,-1.8389041213114274,-2.2761085692270693,-0.10666859290767017,2.384610607129772,2.4762454384983297,2.712243291163228,7.903190843851831,4.420385933094999,-7.13519594541228,-7.976543565576035,-9.380085190621816,-3.547236592758721,-6.812912399721588,-8.447193391575688,-6.929287163415784,-3.3542003873394917,-6.885708660523337,-6.3946371648642355,-2.2862806372889675,-2.9697758702180757,-5.247135546058416,-7.983506088349515,-2.9151236676588286,-2.7823261028246544,-2.4126160887706036,-2.7134036843085694,4.603129267620866,0.3371748841912837,-3.9898247408294476,-7.155915384794155,1.3485529821354727,4.639145640292906,-1.3585309231222227,-6.094362879966999,0.060208375893658406,7.679668676516996,1.7269294504246626,0.13833222097558318,4.338314919516715,6.322255054545566
16,87,3,13.258539369261658,1.2546404299167198,11.868223919919345,-4.743752207516168,-15.242677755767433,-8.458525785631162,-3.069399945188041,1.715540890701163,-21.91419093415323,-16.700552399985767,-16.867386260138055,10.047485410444876,-7.0642417053260464,-16.565800543465627,-10.605870229850819,-10.828922240426998,-2.319704314012354,-11.249855043230259,-10.46849134014692,-5.63850509679717,2.2200975986879055,-5.233490675233487,-2.8419563588572734,-2.33631274752637,-4.967287297746761,-0.4865075069275202,10.887763258069754,8.292744553182274,0.9790543162422936,0.04025253128805531,24.846302478596943,6.936301563162262,1.3808076165576755,3.2580661461007123,10.54927253754947,-10.359342308624127,-13.286398243159056,-4.999792263456959,14.57358234175821,6.025017783545506,-5.048758742853818,-10.396363780447622,-16.656879003318704,-14.72961863839044,-4.916435699364763,-16.279192632427673,-12.102560909714825,-9.97179889079274,1.0702535631816557,-3.1484814948606776,-12.339671803865489,-10.148843819866094,-7.145626923977968,1.7556856220088337,-2.408099542099346,-6.727774168955302,-4.495114719540607,4.259707940424362,3.941975532076894,7.031288167052878,5.970995237687367,-3.234559996292088
16,88,6,-2.2135017102175367,-4.510761148364441,-5.545960322647105,-4.069488696208819,-5.004891102392479,-6.267551059982309,-6.80465139159592,-2.7728054282857406,-8.486069824910027,-1.1981160441163645,-5.105917250090168,-11.908640415069836,0.7788269347681596,-8.292252775281668,-6.112166193893132,-2.5123868484572482,-2.5036167861076004,-1.5431422337480802,0.5492222694134932,-3.207874557241891,1.7313985870015343,3.0254461592881063,-5.765323888828476,1.6313863099075663,-0.02402384956253592,1.932208418528118,-4.328056606055213,-1.3424186525730124,2.532247845708143,-1.5465371817032365,-5.4924340239930425,-12.826589050282513,-5.008941883471136,-0.497210121372851,-5.175391849834566,-2.759691270000141,-6.52422089234176,-0.5850703635014505,-1.9580138714092497,-0.38628809971070427,-8.954303785817837,-7.424642435553272,2.22729737560901,-3.190843477004732,3.7449317790976737,-1.560328587685234,-6.971256726688323,-4.3264906479886225,-1.737839224609186,-1.804915270518237,-5.092522729125735,-2.2285181971340684,8.317217033396181,2.6485363783133096,-3.1767156623849067,-3.676056804135442,4.122475719806261,0.7904614351871555,-2.285978701715244,-3.000309305220114,-2.1026400346521936,3.484090458021765
16,89,2,14.420104090669538,10.910208175674354,6.682396852303433,6.17485503688818,-2.3259854254926156,7.928720204352693,10.184929047092206,2.325916323515517,4.5308765758271905,8.083307060344914,6.046802645021048,-3.426970732954855,4.339125979782606,3.455178868298124,3.8462080832673005,2.4710817643009673,8.193301677045119,6.283870368037466,2.9140020339918697,8.278538962439974,7.175237116318697,7.3541022598425405,15.958052355432647,8.166758472247551,6.823619427386578,0.9132508936951427,12.398844825268558,7.004507796850239,7.817444442859397,4.915616052264984,14.934910443579152,14.328538278344924,11.108804943925911,4.0350167136525785,2.1370171280265446,6.718754000234894,7.258149345473548,9.601618735074274,-3.017228254701989,-0.6431649713436274,10.09514916514433,13.905496170835153,6.312195116767613,1.812770801902999,-0.5879864936918797,5.3399911411106595,2.293200125985938,5.768498884264108,-0.6559770843354855,6.975712885008987,1.3762564689727343,8.106489636314173,13.675611062148564,2.0494415555688796,4.314398898084353,6.2214359859708805,4.5592531019980775,6.843790966517675,6.497453395830945,4.388152861649671,11.839282274291639,3.4728873273380443
16,90,3,-12.880766721124315,-6.0288657082199375,-20.45935748781009,-8.043240069689947,-10.250434914967283,-6.288917594702867,6.930486472766486,-8.441839894568034,-5.985735763841095,1.026191853123102,5.3886601064388255,-8.567351421386723,-7.374890824052974,2.638916435583335,-1.22760561942237,12.800542062176852,-7.028630894018196,1.375760484827549,7.035179270067955,-2.9225046684193208,-18.230343287946987,-5.600314768758126,-1.400914497991523,-2.6579361801921646,-5.461749566912011,-5.635356214530647,-6.718900671330976,-7.260578009776959,-2.6965710193418477,-0.513909109815579,-13.494834741077781,-2.5836646288360794,-5.4252198946366885,-1.558068133869689,-12.284376853668107,-8.699333727904945,-1.3460681116799003,4.5802960214091515,-4.146603110723378,-10.607582960550372,-9.051887428518622,3.0874059331353454,3.144551546063001,7.971479120368999,-12.207848964463452,1.923645498549065,-4.811026747276005,-0.5955141591044477,-10.99546716076026,-4.546505689223462,4.140274726626713,1.6009693342238323,-0.5839314933457376,-11.719434880719685,2.6720942485986687,12.65423348960225,-0.6753722278673844,-7.4785612645025275,-7.761886312921603,1.5984501369729103,-6.37010856616743,-1.707279899293876
16,91,2,24.363582550388998,12.242847405101475,20.082577117809603,1.8005712098646436,-11.553299833089113,13.274362460596533,19.624709303876976,5.986339713651233,-5.609477400757011,-6.589291051768405,8.267581833515129,19.77017664236995,5.907215156194917,-16.977954604004214,1.8561724351787192,6.528396737665253,8.438820164355379,-11.937676916852961,-12.10383792736826,3.817020494331856,-3.894372172562812,0.11433865908901024,-19.414956851183764,-12.79185395362992,-1.2714773883050015,-4.402272040183408,-6.1914417718156685,-8.305448817577574,-4.292173980922643,-4.58887635649568,34.78709339291403,10.777445158841674,11.498522601311837,32.72373978103078,6.79017848151213,0.500648340886095,0.656188585738675,25.921758589312056,22.206091840092736,8.959023144641298,6.49119841331253,6.214115390417784,25.023670764594534,19.74719678101743,5.259650012160221,-4.2551999631133395,-9.122958115835837,10.062355262386363,11.928949998101077,-3.645044499531208,-17.73727862816304,-5.2472476688917835,8.37178291970432,-2.01073775767553,-9.571080916061455,-11.686110288949637,-8.390712069097637,0.23809010496010974,-6.443055812587461,-6.443086021398077,-11.824718647931773,-8.503614197053562
16,92,6,-14.05266746971188,-6.427957293412809,1.0858437811456085,-4.484209347470868,-7.187699817563976,-8.406418897325127,-18.356445760988613,-8.050832414045571,-4.247944094587071,-5.778312927089269,-13.433340785723946,-6.317729826834867,-21.053111638828383,-19.801857689986143,-19.119893809235315,-11.703754055154757,-11.312578322536242,-11.04285035640563,2.2270515242977647,-11.963607570792478,-6.0434637426557725,-4.669075211010326,3.7703920619607656,-11.872261648043626,-7.0788484219541195,2.3662206529633973,-15.56837360506377,-4.50463115021859,-7.073369818092205,0.09015519098412816,0.5681945957788623,-3.4460034323856235,-5.826899769511527,-9.223889294898184,-1.4107155659485886,-7.133750820623303,-9.779836813430872,-19.890912673907447,0.31109338121988395,-6.290608582722885,-24.148908055455575,-14.362928235823874,-14.886405579564043,4.67327681915244,-11.468774216476733,-11.68944931193823,-15.071405047357715,-18.372890131775197,-18.72031478838222,-19.637310174452825,-6.6578337806390575,-8.540001496683988,-5.168390457393468,-0.491658281148752,-4.273119647419307,-11.764531934588426,-1.8371569915424761,2.09547909717189,0.4341158098654775,-1.0387407873598167,1.3047760818721494,2.158970312042185
16,93,2,12.032478051214689,3.0809826386592736,8.825647526886314,5.227874136370859,8.424234994891576,3.3481954655087574,11.86469087777545,4.696498344675069,7.430414331849758,9.29719453379966,12.359545656638899,9.506765712416032,13.715466820089734,3.916428945050005,11.030909708667005,18.189081117329074,13.206341696993965,9.61069079771888,13.553248503339107,15.571319949943808,8.555095666406176,14.016526042705216,19.676971615064982,8.282766569684052,14.363678891302598,5.046506919909453,8.47530674492577,16.397288653533906,13.04524079419491,10.841152051509146,9.866497838687966,-0.09079791421479366,2.921943878823118,2.3138720589894346,3.973345819406392,10.094372620806098,6.609579084327491,4.598306460760352,1.8361907331187772,1.9069852629085862,12.64775833728292,11.48596922737523,12.256069358892551,13.26155034287139,8.803224081309828,6.256580947921043,12.548237673347675,12.31097600511957,16.439206336931584,9.45850243467111,5.2293711154858,7.1644308511167765,14.005663794238215,7.096142677726537,8.675805937544235,15.547339226300943,9.216516926966994,7.10217341031062,8.73069103909429,13.285837287957804,12.534304203965307,10.85607795226502
16,94,5,-8.711908459504382,0.05880210548639275,-4.47952886051839,3.7210545709311287,-5.744522576106759,12.672235181611939,15.639729046240076,1.523307080471482,3.260374132975387,3.613695807209835,6.326633592842144,9.209334401118499,11.653860085484832,10.854054828469712,14.149293477533432,11.636324293638879,6.330718807984003,8.786093815241198,8.214616434898499,6.676064199024091,11.866942704450803,16.95202839070158,28.413235954213416,14.638186582290306,15.992658030332576,13.885553206430702,24.600274988790833,12.541551349321143,17.03615712483481,14.966699252586533,-6.104530672701757,13.50417431704018,0.4093413268004435,2.470611542111215,5.173519648401426,0.35874416218593375,4.103442947902693,3.9237020550318396,6.795359400316806,10.582540953940736,11.899960886777894,18.850778558495914,6.4936313803375825,0.11727635996705826,1.5191528701234776,9.130347747469274,14.08298528449973,6.151258249630837,-0.6527158720418811,12.133642218643562,6.411909764814309,10.774192421265486,15.013461392827143,8.160637152267666,16.225972668926534,2.2574425876685775,13.666029904900885,20.231801932495912,23.3000284728208,21.32160587572469,23.921084984046644,17.433557714267472
16,95,4,55.057072835542826,23.493634115166316,16.17611757565925,7.4303065466512805,28.375326068026993,16.989123226438714,11.044619120427454,10.838343776853335,12.054401154584466,5.466749328728076,10.51810071464321,19.69683690164693,16.77757202702144,12.182349807457856,12.178372582454767,29.202774368408228,40.30186024235514,1.0759606798344132,4.384222966993634,30.624693069152723,17.245965468083924,9.45803221097079,1.4219834323654454,-1.038818471988366,20.147988141855084,-2.0094651398476127,13.130845017367736,12.606785446223684,8.898655110106967,4.1878133072154355,51.190831336124624,12.69629350873618,22.564551414035996,45.12802865301689,10.516681397719895,9.654661816908284,8.659361502871187,19.974088103851162,5.869158294733347,16.788891481371923,23.368139778797655,21.02474373651716,18.01516826396308,20.73931347578764,6.3355762088251035,9.801660643484468,6.325568155871083,28.83179621253069,31.493670936037827,22.472291036895143,4.04844136411188,0.7385140688885473,28.015106554075004,4.372769631717993,3.664366198022191,27.93817762117376,0.08180360418244652,9.60973313387211,-1.1358283705464214,5.599973952852,-0.2585808590463374,-2.5625095317685394
16,96,5,-6.328108921079195,-2.6042848030746217,-6.3932437317519675,-5.776220673167076,13.19652768603822,-2.4296169757797594,-3.5886538692000443,-3.857786435335052,-1.0109294396314041,2.778844804207723,-2.0171049860328787,-0.2074573970642568,-3.602471160980669,10.857993300913318,6.154200362859341,0.1310073522476074,-5.149155026034836,7.893066168126722,14.918755043298006,1.8926461201683586,1.0215760102501226,0.2991655689618753,14.3531013382826,7.68444407237808,11.670528752093274,1.2899320442683821,5.911114749385091,5.4243873554940665,8.213995243036525,1.4690259086669477,-23.54982206702414,-8.550453945386746,-2.153560709690949,-8.023590426647852,-6.951883121893357,-0.15792141184665096,0.036892087244225255,-17.106852525504447,2.8759409681916583,-2.6751398335256384,-7.154383943927265,-1.8729404146249249,3.0498280322474476,6.090023163325584,-0.4825172062105035,1.4937744487883369,12.975878476551387,-3.022210723606916,-0.21107673872171445,4.20239835173437,10.147825533660448,7.03867353249069,3.7964046200760047,-5.988712396449982,6.0786302866096165,11.551850402296123,8.301734626384045,3.205696075382392,5.950401085951342,9.510423875618269,7.439050646816811,8.510184180536646
16,97,2,-35.513705461490424,0.6262676399655464,-15.945171354020513,7.845997810908932,17.159481522513598,13.14018878640561,6.8849666754874175,8.39745900875366,8.024975260356209,9.3372615691865,11.448727769663604,-2.348050711176745,9.603158755500505,24.01064497959324,15.382200715245633,5.173765473260839,4.601045649373767,3.447388182008046,8.815000917126495,13.513345538655573,-1.6652025591309467,3.865132870232096,11.622938325276552,9.759937065312778,12.53063300342821,-0.4688638313062972,5.93402563870697,12.7029066819516,6.297748024654914,1.1786735224219531,-111.71986499428749,15.959307711662305,1.0303849414354425,-38.30346452899094,0.2878977587310276,10.311294613860362,14.95146697982238,9.956980919329132,-9.592999597693359,-2.4701628913966633,15.860900152383792,21.33131611315397,2.830114982613339,-5.842679873835749,2.253797430590523,7.2113310698329,13.431391031946987,13.607258092475732,8.360920611132936,13.390443947438783,3.840936547309933,3.6312315731377516,15.541084146535978,3.6361407429525046,2.94598931335367,7.0199772725336045,4.690700411583616,-3.2464318302198776,-2.637755953884975,6.056124951190698,4.855502512707748,3.467382887395372
16,98,2,21.409332312916117,4.857107272198447,4.335230574250316,7.289118457994447,-2.543778746865871,0.6056992464596642,2.9318398309349076,2.7245550169836603,-2.9290057507956915,-3.2099667707594417,-0.14571755465756167,1.2118643127699815,4.874285047266226,-20.873573461683794,-6.7235639464200965,-5.981314100415971,-2.171277707260919,-2.1357445720492336,-1.412958728467544,-6.20124287007195,-4.903136084696684,1.6572134543562353,5.389639345247571,-14.079435029771274,-6.489679929113202,-3.684442942323187,-0.9484260181169492,3.671013974227943,-0.6103667694416535,-0.43541856498525555,42.697384824706596,17.73154990515877,4.4923927994053106,10.465790946417048,1.7943161802320984,3.3104104356784902,3.054555906119146,-1.7645894116324525,9.428706658708792,-0.0800305443145801,0.34655318937900326,3.1125039116638487,-1.3160351507320271,2.9280652458404717,-3.201058716030519,-1.991411669225229,-10.064602784630724,-1.1952257440425456,-2.2571492199842793,0.5447531218027197,-5.152946908344944,-2.5173521536152497,-11.999063017709949,-3.268341790254386,-3.4729046847035225,-8.743714549010852,-8.688156449622134,-2.7499031888934367,-4.724383038514086,-3.736722516827286,-3.004623150706391,-5.513472662125596
16,99,6,-2.8444196685194614,-5.213949011099279,-7.989959645471199,-10.36295306746189,-4.921961693365768,-4.835499176592635,-4.765433615698231,-7.072075697479817,-4.223484457447766,-4.808214112851141,2.728057885724234,-4.837388659077814,-3.1120294209387964,6.936068657569859,6.432875172030635,13.785441648597667,2.0542689121169295,6.54745092917597,9.927560344610997,18.229053352554125,-6.899612238721516,10.228322071636592,15.74883922089527,19.700956623830898,18.088158644786922,9.119006707327348,17.991399000557823,19.2652792189009,19.37515734170816,13.790993583258006,-13.342719825438966,-16.522731193500313,-5.110287136500471,-2.923173319656267,-10.039547953800087,-5.394350021168949,-4.429876397999863,4.968603026428509,-9.718765606660758,-16.037431555913717,-3.736209198696223,5.086418618879666,14.139733935660896,9.908501798037168,-8.097646260088906,2.9770015826776737,1.3110440734592146,13.515899377625162,8.121821101664041,-0.04019647267101886,16.115654587734305,11.347266014392785,17.138158144611047,1.5012848683428484,10.895735157244815,19.1862927360869,11.629486796991312,11.01153190187519,13.485404777931187,14.951760419712564,15.885678999898278,17.00783234696002
16,100,4,1.4465033319074534,-6.763954546120833,-15.321198604274084,-15.895838044305542,-13.15077072463748,-19.707996804176318,-24.194246695899395,-11.055537518409151,-8.37433245550364,-8.96060210678772,-8.450010298853508,-7.331558167298395,-12.67173908228373,-4.527278865579652,-9.263360972629814,-0.9575412001279064,-4.500580403067898,-4.1235758084235945,-2.9406444057595085,2.711031079474024,5.816736354714071,-0.2885232438197045,-12.726443031774377,1.379034617688602,1.0000714973841842,11.828648586462181,9.901431412453102,7.18775593665452,3.849003449411741,0.4723839360096202,-8.98164500229106,-21.08061677923217,-7.447920045588258,5.542647196570551,-6.746034751078344,-12.488559972971863,-10.532478733175642,-22.396229197282533,0.16335260128693158,-14.742158957893352,-7.329444300383329,-16.86767103182289,-11.989093670076347,-1.4534529379182854,-1.9809031550795182,-9.375547100914781,-2.129295341681869,-9.3960119527651,4.38752731508235,-5.268363990979951,-0.48500196160975506,-10.353876679885861,0.9859047822608815,6.241094231968981,2.3015430480605232,4.799551901817835,2.6443432326848875,9.012635765733513,6.691317932419025,7.419711700862084,9.7692592644939,3.4197450646635157
16,101,2,0.27339459474130423,1.756142916328206,6.396854460977658,-0.8506094447291659,4.672297592925776,4.7917351997201925,1.4459338452803292,1.6641327399964903,4.291871991621831,1.8763957865644125,2.5894451597251167,6.780334246515226,-2.423318771872579,1.1466776638223597,-5.499103167213546,3.9719179461869176,-4.203088628400752,0.7922862693894572,-0.1601646919394053,-3.841415332533028,0.676674964054057,-0.644618755638054,-9.180651578609263,1.3769942266275965,4.111971462156805,-1.8514099620657447,-3.018634520016791,-8.317216997423849,-2.8564898291341483,-2.6964200321107934,5.209462626893981,-8.413873197329112,1.6427792040404015,2.10536203282976,2.874297412538266,3.0243632747797418,2.2254597429731287,-1.368521813513347,5.376400029113539,2.6944400205634644,-2.934937223888615,0.2489911280345256,6.484184046537138,9.890085950834537,4.987273410189802,-2.525406064403175,-1.4193734405221556,2.201875854516402,9.857356732847487,-0.971526740610076,-4.418103879953664,-4.347002998689011,6.489403784950836,4.414320633962477,-1.0719488352230504,-6.638762298715873,-1.0514494081243595,-4.1772832597901175,-0.49768036226855533,-7.566740656646375,-1.254424753916882,-1.471558136411193
16,102,2,-12.083799975538037,-7.763814653003041,-18.80830869224014,-17.822503074458453,-24.685986874216226,-7.781760275647857,-4.603185347758415,-15.411383885981094,-13.51033016523665,-10.211282367960031,-7.361517808831681,-13.98704518643194,-19.54219824010393,-14.159366241542669,-10.720355573246575,-5.954456060098358,-14.489112826141945,-17.049236647875556,-4.289637389047668,0.9011505965098008,-12.594590161637425,-10.11484195653736,-10.457215015282387,-1.3538546962209221,2.6969635944256964,-3.682812323986851,-5.77112599441827,-4.089159829360314,2.485067235805642,3.063722900342104,-17.396536260116378,-17.447750249650422,-8.078652413675515,-5.179347696634602,-17.553301526960453,-16.75910003983029,-10.528967268174371,-1.397804208997092,-11.654865157495182,-13.57634938471927,-20.163328072283324,-9.577556083609187,-10.13270986206239,-6.542921398028095,-16.906495672798275,-18.100556761389836,-7.689663831439872,-4.3251274630807846,-10.864166442338911,-21.391153782424418,-12.864563848187286,-3.434390523323288,3.182012998853903,-7.7154175081778655,-10.885261169021451,-10.604636504155836,2.621911230610637,-11.158466013097323,-2.2968065131841797,2.6555593046473267,2.202863767385348,4.566694494271535
16,103,3,-12.21494103214,-11.196466743446347,-5.393815100045374,-6.1967004140520965,-20.304800833870715,-13.134507417769685,-3.2899110524392676,-3.4707218302391123,-7.56355278175778,-11.274512911033698,-7.713635883799462,-3.75048799640726,-8.07604254100744,-3.142713862170307,-9.546422979757532,-5.459937724105942,-6.931189674884081,0.5317123064589572,7.984235154828289,-6.622753588573601,-8.399219000166875,2.0361549546175466,10.007159583043402,-5.134996924117757,-10.45361729422812,-8.014143036269559,-8.170740215036098,-9.693219058491042,-7.045049338964967,-8.197503293523704,-10.404296969540603,-4.804581844770326,-11.077991080765683,-6.799643051640201,-4.793335604231533,-10.868337946421489,-12.735916249454021,-9.577417954762762,2.9034633352350205,-3.8202256916954016,-7.348735876017949,5.910778295475896,-0.5851695689758878,9.487396594046094,-6.439358823796419,0.5292102659018946,-1.879027250631736,-3.4292095903329884,-2.576499325104011,1.4804403455700812,5.295109870661865,-3.619398734836111,1.3799535082255647,-5.645308240884683,5.433032245510087,-3.224901326659429,-5.343179047181512,-7.227654766819511,-2.4651329130769835,-5.1677692544408,-7.2844249586370315,-12.376585439483565
16,104,5,-27.062357933419516,-19.06863660292653,-13.528720138231055,-12.715390901228902,-13.598544084944018,-11.245687766295928,-9.398445056342496,-10.178302961515216,-3.9489467191487204,-6.128761562723213,-0.26550029111435425,-5.991494780951514,2.872856593952037,1.0977888280559884,12.112340450445865,0.5587817326687812,12.6455454313219,19.63769404399606,11.308022921700488,5.262466948507807,17.032731956189007,26.5548679719611,9.031306088984396,14.845613765936323,16.616906814606537,16.371107866987586,24.430257504669623,16.844695513960115,26.29391445546616,17.39154078447963,-20.400270680192765,-19.31038917482989,-18.64239376874231,-18.935343075089346,-10.941354227820176,-13.203555001701206,-11.7111177780302,-10.894479836927868,-8.503855816929079,-10.623030736531344,-11.323518257679002,-3.929456738596096,-11.519444741075858,1.6579726155983607,4.140076145302597,11.727070398912646,8.226022218547124,0.6905440764981559,7.313228586441605,12.037439081727008,23.165483723144693,10.215863663021747,5.483443874757876,21.025999131544342,25.165143635941714,20.875411157927864,20.92303182202868,22.00361696067379,31.455061813680125,32.894969287078546,25.437356198706283,21.296835612414824
16,105,6,7.861808133743155,-0.17271795664436962,-7.697075033957906,-1.4386262495479571,3.3896947408672835,-0.36713895862127016,12.795766568265668,-0.49088605397903307,-1.3096678666088992,-3.327782347610948,2.7654977217543775,1.426116034661125,4.524418767496217,-3.5880456566952574,-6.071706564233802,-3.373302139955143,-2.9156197493685743,-2.4698350291334323,4.551514072207415,9.101897941266257,4.002753381958093,3.104544927346911,14.531819840847726,-1.5884764090339398,4.543956198074385,-0.6056043146115662,-1.5962370073922516,6.132574983622608,0.25025510136038065,2.22959666034752,2.0903886589335223,-0.6053584243735952,0.1541727274406425,7.466611885056808,-3.3631947669314153,-1.9091379014787933,-2.4318214025200753,5.013963193303292,-3.1255490177924328,-3.9714520839866365,2.332572602465319,-5.616064663760631,4.339121638342919,2.105003993946877,-3.1061797984194297,1.6532316502728852,-2.494859712698114,11.728938257571583,-2.222051760590659,-2.150295154721101,-0.13861696380644872,1.4914665636492952,3.696836642759124,-8.435761665737978,-1.7864261341122236,1.658693043242505,0.30970430051589887,-0.25339992938381684,-1.0629372157656198,-1.1930429785591907,0.12732763884861656,0.031292656555816784
16,106,5,-18.027695839270574,-13.085605659987777,-13.938406488585589,-11.209813867264034,-10.22117826258536,-12.228068091611307,-3.1699169665211575,-5.969356077586918,-17.77570641028308,-12.628880883998631,-2.02112548221357,-3.1826126165460913,-11.504574893951046,-3.1089622921696507,-4.592487025636859,2.069048113209515,-9.435242041945457,-10.091853311149084,3.3200087383752925,-3.0613589059652355,2.778495378772764,3.2350388843759252,-4.689341601001371,-8.771733007870802,-1.7712500180350617,-4.219265566127967,11.583449331032698,3.0157788145787503,1.936168543792831,-2.824127305135778,-13.857254320573874,-5.397537843914843,-13.857388140741595,-2.1977820154222694,-13.983758008516418,-20.58480447058271,-14.687075328581571,-9.353559394480614,-6.658649113210968,-2.443460145726707,-9.51843906593759,-2.9189285146947013,1.9121964429533582,-0.07851640578421877,-10.158752627034742,-14.071428470313549,-5.214358832732568,0.28571926959415467,-2.7232565533642368,-3.8024872200927002,-2.7476556399928,-4.897377039646591,-1.3285927332755993,-6.755417420528829,-4.960204028689144,4.030883988501822,-5.84037628697186,3.9560214607400015,-5.34474070540561,-4.026928152020159,-0.30258640748017074,-3.5931661477335157
16,107,5,2.293609859330986,-4.37993497235087,1.2065195068035544,-8.120591659030714,-9.916033739587524,3.198513489080275,-2.098723065232992,-5.3900534078115365,-2.0726630731972744,-5.783597329268,-3.4362800801399978,16.728398291240794,-0.5942631398395788,-0.7967726268646539,0.5025593707474254,5.994359231906059,7.128453412754797,0.9440388752647291,2.6843498618137556,1.7212179674335368,18.76677493276869,6.707227425763336,19.930708032674946,-3.7064996502793783,5.805114806993162,11.965997341918063,6.294771457792306,4.537498351606745,7.037892695564616,13.19837402175295,10.615037233807241,-9.455383449088687,-4.772374551029515,-2.8014925332603653,1.8836689556596737,-6.142371862218144,-5.045454365133145,-7.403612404590379,3.8426922348486965,0.6411374558882059,5.892310784573142,-6.5344015315811035,0.5861315697079482,6.373723532164063,-0.6142923983336404,9.720417868027965,-3.8146780159596982,-5.235777130123322,17.111136109863477,5.8117927206998194,-0.7928815167851563,-3.9526092310140757,8.480263394871493,1.7164339168315255,1.682432164869658,-9.044924929283745,4.010293972019739,10.219418279318388,0.18637565328603245,5.043081683129434,-1.0804427783232085,4.5488049683853875
16,108,5,7.26794610354232,7.971470533983735,12.449808711504073,14.627436388011391,-5.193225293666574,11.236507895061887,11.223941610172025,17.56667877243059,10.99171835111408,12.336997203710608,13.939040655111222,7.968830405212031,9.804835646345117,-6.69536439923388,11.205974458171644,12.814652620110566,6.7618321402782104,16.612968357370743,18.577375350099782,9.662754608925844,14.502408025559133,20.531403119403233,14.13879788141286,18.09599259173179,15.160995006220558,15.589576170211894,15.52764652875003,16.872998681964308,5.853347992388219,12.20809066357522,5.33908092624667,18.70531124494425,7.5122998622586845,7.706060801533319,11.281824851181453,10.262466205329423,14.101936039458051,12.210976653198546,9.407590302979434,15.159899461378414,8.812554943398002,10.86289818557661,9.530194310653142,16.47136180616189,7.458471615236567,12.553552479494552,13.144360288477898,13.122480399906635,8.20588087794803,14.291132889756167,14.584017424276334,13.39778178249395,2.8926873529023256,12.627224436097944,19.136031967559358,16.820693256742345,18.78683428107421,15.428018201869449,25.521515102907617,8.648783876651478,16.108062323250973,18.26716621477078
16,109,1,-3.349450840274005,-6.4721915653861375,-1.654706936783907,-2.4061194683493285,-15.510498980454887,-6.152108087522408,4.024572822449886,-5.244499716178013,-8.305323634217157,-11.140343497018895,-4.910737070843802,-3.4347701767096064,-3.463534955877991,-5.708708952499053,-5.733172689663906,-1.3933437135462394,-2.53148855741431,-6.426809775052455,-0.1973370781350066,-3.614856239499117,-2.605859399091725,-5.648198554156032,2.3358554887562653,-6.7310441784878705,-1.7107309515747011,-4.758509892947611,-1.8570353082812787,-5.954473303858098,-7.838047418340179,-2.9871951749139463,-5.806555679942505,1.1856533350946847,-6.893447741752538,-2.507482019468869,-4.90990452444544,-7.895874520593394,-10.084084094445243,-3.3821843168811814,0.2694301929824615,-3.102556217183563,-4.42313814722179,-5.2314460076868725,-0.38574887847346145,-7.15346942654039,-5.28426480713505,-6.278844733928716,-8.31833864809809,1.1360483743795546,-0.9223315657071041,-4.14827252374735,-6.471768796057778,-2.5390378255794572,-2.309088055180705,-8.547166813661846,-7.672304970189567,-0.384320973986533,-5.036503058114297,-3.495410044768418,-7.313168197665817,-9.222668528693118,-10.498321714879175,-5.151294634291308
16,110,3,6.15705606281167,6.474029265003418,4.042099962442564,13.928372505507083,13.846965787069106,8.804867671212039,0.24227450714196752,11.173072716039487,25.459559633964435,18.81513760638673,9.928957998680911,9.188058464129163,19.264364723953797,28.667818118886228,6.424601127308363,1.9098497139483048,19.72436360797061,23.024904084732615,21.94874909143076,7.354978056428619,14.366055886048217,15.150283795951793,15.945166852029901,16.191643174351544,7.552936316467822,7.771325052954352,14.231644937839572,22.394451873967565,16.807061364192794,7.815045926129305,11.230774748701283,10.988534775040137,6.3935888868007,0.5366603216644737,10.186559662279649,16.589708064024034,10.48969396722799,1.780123560529674,7.993402058962828,9.334811332340282,20.44688623089617,13.454608124839817,4.872628513814475,-0.4134653688453866,13.806514844445996,24.94460661209575,21.42057412070017,7.365969715821674,16.751106534865922,11.045766593229654,25.787153421651286,14.18270851662611,6.835819017301059,17.082436192746673,21.009705687719734,20.162840688476198,14.5083482729146,14.176781297456941,16.977536093511784,20.282071354446884,22.201678668932487,12.826632234585908
16,111,6,-1.786564160973152,-6.945110393443889,6.238631011441166,-7.215092733885,-0.5526604685114628,-4.903778824296489,-5.740415747822597,-4.876433386359501,-8.290117383048656,-10.715588755451332,-7.161493228944354,2.0327815185783695,2.0306159831220048,9.88628540088127,9.977445801458796,-1.8686006535259883,3.3613311848716756,2.995999745956464,3.3696094770211626,-1.2527984164604793,-2.0862042858696945,17.843968840997388,14.726025171396204,-1.4007074686630476,3.382611450517731,7.685311190375104,9.570166481159083,6.196583942592527,13.031026794779585,10.441288257426605,1.1653782664684638,5.601815982585456,-7.7721834796957925,-0.3531922518570971,-3.7228793451539834,-5.634713382085379,-3.7840411104716156,0.9812846744614772,-3.1184484281963316,-3.340637636666257,-1.5186179969686893,-8.0908692458917,-8.577941871066459,-8.256499483193293,0.2854000673765639,3.5095551180221674,-4.634452152997255,-0.6568054150869496,4.958974561818717,12.541331333358116,11.798028932577674,4.104879533417704,-2.2337681113617394,8.226117062314252,9.810236522428148,15.108637832014306,2.69425452536926,8.48326143787651,6.673074609577297,7.866199587358209,3.433005842397263,4.428560663142424
16,112,1,-12.263877428738724,-3.9238357598234614,0.14338376254933669,-0.4352157722829233,1.6933807216402956,-0.6310215289818076,1.525243997891864,0.5791258707460829,5.970684814158964,5.634933446431763,3.9036038367946575,3.06566846994229,10.235202677911381,13.085558163132754,3.308352753520012,1.5143687896992695,14.760781855754017,14.987220216724209,11.068625821345828,7.257277897808973,8.909922877201673,11.82983499524615,6.019677184681161,15.734120368276066,2.869267503316399,8.047161326161586,11.577237448113808,9.924674387566931,9.412874815565324,4.403833705475821,-4.674325090997692,-0.39527812604678964,-5.291645777343613,-8.602116678443899,-0.19499902981873035,-0.9648445672185214,3.666876966306916,-3.8950149329526855,0.5136071011855652,5.962885320923081,3.5353951131777333,9.497094089907826,2.2137001252778608,-0.8781749855562991,4.265458253121412,8.57900304273169,13.868962202902608,5.560157183625893,4.093253658175828,10.36331539750724,16.67839648361068,10.922463847051672,-5.184571715367097,13.580999645449939,12.853132222730114,14.823259385978435,11.42680049101572,14.786746854178332,11.825516773478647,15.287628060661067,12.778179054807234,7.994493525452554
16,113,3,-9.56987305861194,-7.55259989815332,-9.683267087300825,-9.691027531059602,-2.8110087975950506,-2.4676004259324644,2.6535317046715443,-7.2360365216779305,-5.793286286487533,-3.4069415476264027,3.5805438736953383,-5.641003078832172,-2.777498873177823,5.901171399507579,3.8731006023093553,12.215105017897013,-1.6711772594873509,-0.30649914715166415,3.9028489087231284,8.147755956441934,10.353009614360912,9.562625888959365,15.253311401857736,12.018238052634938,11.725741748698056,6.706860711826466,13.110289496710383,13.450048310364158,18.968223164721238,9.822824352125567,-8.120669353807275,-3.3102853932622347,-7.904152747879665,-10.75983600491067,-8.279824584359066,-8.474150651020977,-10.291002304872451,1.4820450974128594,-10.188880563690894,-9.972735030962745,-2.305843924853676,-0.44407217458980897,0.6758553274032637,-0.97053023223856,-6.102412568064545,-2.815111352369283,0.7420126096027484,9.73175033904249,-1.670642335875038,0.5978479821649498,2.088029037002565,10.913568733328185,6.558257202617824,4.831987710953573,9.671291792594898,16.906150548107345,10.759275181218982,8.986053673628211,15.127636117360952,17.643832073206223,16.231252820026597,15.490512860439182
16,114,5,16.744540738805036,-1.3161473295015347,9.980185040908795,-3.086625128527307,-11.843721218770606,0.23322836026299498,7.6732237921607425,2.1475515168376007,-12.183609580848271,-8.36217168638506,2.537747942933406,10.553845189375485,-0.8189975590013527,-3.2054674413236905,-9.276440643001253,7.447432496391878,5.461732323883419,-4.873077185869939,-0.3341163693041336,4.162624726753408,10.382775190786072,6.007507836037292,8.005644865470323,-23.617864220607554,5.816063419756724,5.248399420505073,4.290823732022901,7.713446117639423,6.7843547389365515,4.856977837219858,15.697353449659703,9.189792612559023,-1.729586803808627,8.771776175949862,-0.2660610778274997,-10.323347556722787,-8.307010384526375,5.260512710151425,3.3156302242380806,7.147330782626092,-2.4445299755600165,-0.6143009931732131,9.655792000260572,13.890005121794786,0.3244706309803692,-4.612283216800725,-9.73010681396941,1.2983915000904092,11.34684759719161,-1.4946027670691668,-9.966005387295757,-2.243948828338121,-1.9988790119930016,-5.675919320826173,-6.0221619051881135,7.860069533401146,0.23621354342960724,10.322579708623289,1.820181969615698,1.0372697837173759,0.9255151983077927,5.286408797088196
16,115,1,-1.343341829277939,1.4678137088421648,2.6993534564517607,11.898748659188069,29.68352723079622,4.145093246692471,9.748246504959264,11.654343174543326,13.860187887111916,13.704919437389446,14.50308528884381,10.040402095401424,19.896248998529288,30.989964000335572,20.740922557326364,9.019857088610726,12.097371335641084,25.257438403622388,28.519335345842133,15.885208747894854,17.517250682556675,19.033634059000523,28.69663461797484,12.965098149097738,11.777261954028065,7.226282904969481,18.820542738386767,13.959061298136762,10.10026538701409,4.772202059172281,0.3916415947648445,13.290487692793594,1.9006612410189647,-0.8975657443402386,4.681153915958795,9.091704354615787,6.356593249274824,8.334757214639241,2.4886218694084112,10.270955829812982,18.11982678770222,17.90922885740223,11.22453690879047,4.9336522479269025,13.406737387452903,23.61283880313178,21.713117776961063,19.674659388276147,15.45625227142307,20.71481519735349,26.20692141992379,23.363364381108006,7.1282765814784685,17.06326109402608,20.628840037303547,18.546898015388624,15.302157223315486,16.540750132873654,14.892936587515406,15.37863311007982,13.51126194477263,8.11069136185618
16,116,2,-4.395784022252461,-1.0128275225529588,-5.21818521709704,3.74236068846204,-0.8289971160986342,5.055898164603405,0.4805370400341722,4.122173702571447,13.139994713863947,12.469479926203078,10.662679263822191,1.5817511224346903,1.2468366388504106,14.717324132997003,12.784813786061802,1.005692474362327,7.266496704755035,10.585250096668192,12.783092589094865,11.99461537217949,8.278897150328788,2.092338391102666,5.416950341177786,9.36295929478436,12.288060642051981,9.519534801110263,10.900540886310543,7.089352600094744,-1.454143091854524,8.24213874739845,-2.697873831692537,-4.923040205669566,-0.6295763958961049,3.40530656487113,2.914045246068114,2.8079763097949804,4.160817216173176,2.2386859255138702,-2.3323267087022344,0.43544013007748317,5.05322786820371,10.522621495910446,8.138321681902173,-0.6140594243117405,5.608726837831302,14.673223676296272,11.25661491852526,8.144676028955272,8.42482163264166,6.015328805212202,9.029683942929275,15.213300516828895,8.021463719264766,11.678927813815625,6.062358435016218,8.217920789994844,14.747827416876472,9.848457358595796,5.298698895406432,9.656697977016247,11.415584482434323,14.166057096748824
16,117,2,0.6813857200351073,6.8227825399932565,-0.5690012240218758,5.876742031288948,13.292139929878266,9.016608719373261,3.8616991309767066,3.9936511756159474,9.577301537300027,11.101436869854599,6.270950397431129,-7.2836268966472355,6.745888153817959,7.251320476223505,5.624127213366145,6.302212919426581,11.078254276614006,5.420470324594796,-2.6157941600171517,8.08375141911617,8.68414029747066,5.837856932293356,-6.486599876431796,4.522028884782296,4.008408837985795,6.114504265621664,3.5738573912985454,-0.5117003444196072,1.984276598364843,1.420749544052454,2.209494184861641,8.888828131127473,6.822601387540242,6.229226816916933,2.4922713427463687,8.436602813873172,9.649148669675924,9.644757214800183,-2.10964141311351,2.417805646614329,9.545305702267449,7.13851764840188,2.2812334745327307,-1.7162181849409708,3.4140421654801933,6.70822389932667,19.99091226566675,14.112159878151818,8.686806259813107,9.671274505464773,2.802010170206789,5.309669068940669,12.143611534691717,5.275486160773878,2.2162970453500748,0.20718560554087184,4.732570665638624,4.8193525069325105,3.5840682770784302,2.439607797599421,2.8984420079647037,1.6923453478574206
16,118,1,0.5661066674809088,-3.5567831571509188,-0.5025118680148406,-1.4425517784249855,-5.2817283086251585,-3.6900811428431304,1.2359053685227643,-1.760706918610816,-0.20775936055564975,-2.1996757578241026,0.057300896718871286,-12.306437884258647,0.6641518594867502,-6.015889649608786,-1.6625366366877252,-2.9080101379602237,0.7608252996522038,-0.6462925517840716,2.5803127696641095,3.1034232965477453,-5.401709369792627,-6.75181106934551,2.9706128077899505,-4.813179315135973,-1.6114045497847767,-3.017564693113743,-2.5389601908533312,-3.941013534130278,0.059906432087102,-4.3222932762682165,0.3759692962495784,-0.1819668113674242,-2.9089204060714455,0.2812070172370936,-3.8690369590299145,-1.6914351007151534,-2.41617073065306,1.5515412554576442,-1.9418412495926922,-4.7276615628052685,3.19530401391363,-1.9898544219932979,-1.4499112065092135,0.44380037248611615,-5.66720968213432,3.299056448621628,-8.94389880305474,-0.9234919628971706,-11.723520128556135,-2.490528600281899,-1.2801525469687656,-5.029091862467595,-1.3693673314708403,-4.544292657340807,-3.0392763262065188,2.8453471375651995,-2.598055648503871,-3.406130541184144,-5.791060380228772,-4.728916818941886,0.873718744439141,-2.194050551363744
16,119,6,-15.365044467128444,-12.987573371155234,-11.475370115078077,-17.480509673040828,-19.465058069585314,-10.125941372357262,2.332507924661581,-14.582800992196663,-21.425047634214895,-21.824531770788322,-6.034848992383426,-16.058776468220284,-15.623810859533354,-24.25026640523133,-8.49092288725305,-3.748369896413177,-12.594516798206486,-19.40188595702553,-19.08435633645688,-6.9291017273690825,-15.841431740239795,-18.58428184242872,-11.725547577686063,-17.95638358385712,-8.779277869659232,-12.544519294093064,-15.680512176759864,-9.050019639686159,-12.754521858850026,-5.11688742334046,-18.881570850112816,-8.95744430254641,-12.287758896831518,-15.520045488896757,-13.273297019348268,-19.368656425032672,-18.143841899971182,1.9376869674817456,-9.808739667957104,-9.950026856485483,-15.519195661675653,-14.022483530181757,0.9838513524339699,-3.172617452707504,-13.648192189633846,-17.92959029127548,-19.60266558203573,-3.9852649914157547,-13.191277741431819,-14.47802613702852,-21.49339186650043,-12.292655111426804,-4.3496387566144525,-17.71965229084215,-18.529349104935736,-14.02787577816309,-11.429104000420828,-15.359134479902874,-17.154943305590166,-17.516875482732193,-15.47992242114027,-10.659021295425363
17,0,3,-1.0986858552844232,-5.319364515928238,-7.264723067251369,2.354579200218546,-2.0329619739431757,-9.169995077635823,-11.686783767964059,-1.137557914121381,2.762669792535102,0.7249104556167586,-3.326885768612729,-0.9375104516369817,-2.1448528826486615,7.699878542533528,-2.571267226485186,-3.3758335963456596,-7.194830249063671,3.648815730402088,0.37737040291540325,0.0919078196194476,-2.5990295651931024,-2.642230086917308,0.6706362248557375,-4.4316675364460085,0.08291419286553442,-5.791540438713925,-5.898153035793592,-2.7308074273396192,-12.468505335744565,-13.544418625794812,-6.270413431634267,0.5247187427494944,-6.47416414147833,-16.441667751658986,-5.05552025658374,3.9232887541193797,2.2573810370593534,-6.141509241540916,-3.724648052758381,-8.059622441350319,-1.1814798245862383,-1.9655700670328111,-5.673180810882847,1.8690692431679576,-2.5502862032891898,1.5099385609713993,-1.659607382809242,-11.976863380703263,-8.487191000294581,-1.0363438579412854,-0.5173002084455922,-5.454160220177119,2.1095639199654506,-2.672048437227378,-0.8548006197642081,-1.4189685367121605,-8.43100511568894,2.933812653441436,1.6174889771869725,-6.4372519059560975,-1.6309432724161395,-6.171940747478116
17,1,3,-5.368059829854199,-17.4568020599985,-19.747319942567405,-7.353697152126848,-5.463213981787969,0.6888398656099124,-2.087993607311167,-8.314112355384593,-0.4077779267766951,0.32582556898421744,3.039234941382324,-8.700548568544571,-0.7582516812878416,-15.76307194580028,4.272848750424869,-1.9641392707495342,-2.839355837795088,1.6755145228391226,4.2153282002659465,17.36020499635942,-6.374308794214413,0.19270107533964423,6.7608892051787,-2.499065975391692,1.4548226758090939,-5.638637220742543,1.094922426163798,-1.711909735938761,1.761266306252789,4.0975216662783795,-15.748619620915408,-3.3501753626652535,-2.4184602518600014,-5.342064914577523,-8.970548879034343,-2.3646309231947416,0.9653929927295486,-3.9177098584633963,-10.6930874266957,-20.808071559613076,-3.1449818574346433,4.9562540051141175,-3.332873513463536,-5.63054541325787,-8.440022789032723,-3.0400044240012054,4.496546491530507,0.9786429426791831,-14.071073188310166,-3.881374769537459,1.351360220558625,2.30993589504179,-1.3592597088526674,-7.5720202764354205,2.810691736070666,4.6970748813431,5.055135472825298,-2.1987182866461104,-1.1975913597952306,1.3202794105887818,3.4938565232825045,-1.6721960386437393
17,2,4,7.620222599972494,24.774873443152288,11.843774896012851,11.934432320573599,3.544547678055184,12.667578899687745,17.22236732800105,5.393008574718471,9.285060266873279,14.79979498502684,15.419800216422932,7.972884714529599,10.445835568919412,9.058525005219188,10.390106567049607,10.43525494907687,9.333094256421807,8.014209575905674,6.156731018682988,14.518877301274285,1.681766747911576,7.599025186810002,7.558602096812472,10.036518664158905,10.785957131125942,1.638938970171005,2.6185918196399753,2.398044284959836,-0.006925515364855611,-4.87582857457058,13.656586079192401,7.025370639953309,14.615257984095416,17.328535141786794,10.46067262457956,8.322649073321372,10.243046742588534,13.520059033687417,1.151445065607975,7.7985435065177375,7.107371113001846,9.77209734478284,8.05935794096894,6.066422272087413,16.079783716761487,6.177591831298406,10.814416757262336,4.495163767166981,2.2944976908904384,6.5245667257397315,7.656569823361479,4.6889108869179,11.113201416466708,4.24762341652134,8.943844539840232,8.463408500001556,5.919603027834942,3.5130099525033494,8.945275391429297,8.465524684035833,5.113954603024641,6.147136214334041
17,3,6,-6.619636794665781,-20.274443420967682,-10.190407731002432,-15.082696646679098,-15.467954436975832,-10.89612867969384,-11.125573648108606,-9.129800466956889,-8.904539734431788,-15.211612920390396,-9.127660308726039,-8.614508186944017,-9.602421268318192,-11.848283744576136,-11.632245024529894,3.362090671662147,-13.673322890763076,-12.181636023335159,-11.610458387289102,-2.307675480470629,-9.355361802537537,-15.372704086393652,-19.339373822255837,-13.071232765549558,-12.223994898950542,-18.364842820594596,-17.916076729573845,-9.32429303353789,-14.308249216799323,-5.386600049026593,-14.801778844943854,-5.613820642460045,-10.55837580944388,-25.23999151514796,-15.649125011592385,-12.248114164055488,-21.3943266468804,-5.24345998862111,0.4956818871063793,-32.28701667015147,-10.208623422536904,-4.9939477967280075,7.33932902464053,1.881621791992516,-8.011901054085547,-11.11020757766759,-12.120736809765429,-6.991801004845463,-12.40292899942072,-14.215391561298121,-9.521106118563468,-11.822325009943501,-0.4322457599976073,-16.09358663603,-13.72795771830147,-10.877648530164498,-7.232716404037865,-25.52105353082098,-17.82813668778029,-31.37530883056363,-21.512061128529115,-18.198737809934265
17,4,6,-30.06598281278843,-65.05865345350122,-15.732123389204103,-14.640627637505531,-17.262045068711764,-6.740797829337233,-24.933319550461878,-20.221888477300705,-23.76447637015725,-32.91744624405373,-48.40743993985941,-29.852480926164755,-23.999091519088285,-42.112787029365194,-38.14456628153963,-21.146930516856475,-39.75858039245373,-29.82713541533891,-30.776116337718015,-11.253455825695179,-64.08257157482757,-56.344326139223305,-90.95606755628812,-112.51068058537281,-129.79238311255855,-57.09469031706089,-67.38175532367175,-51.8236602711968,-87.18270032580308,-118.69399493787343,-63.16393807893843,-24.93733521350999,-18.835780321824828,-78.5610498844124,-28.71367263648566,-8.89534169898891,0.9969066530011769,-44.878558846508604,-51.644714077798355,-29.623877604560136,-23.122768846590354,-19.107896776824465,-33.36507011404852,-59.562916057865785,-26.376599623299207,-15.326413557660299,-30.021159021592702,-67.15770890509206,-65.00400652681907,-50.09894560677252,-56.34444612264633,-50.97513606490157,55.95683166602765,-79.88981811447839,-52.467712600783614,-16.706726430574573,-79.69506116029696,-51.899673354334944,-85.41811529601496,-86.55379738749527,-60.767589166397045,-59.382779396161816
17,5,2,-11.521508386585767,-13.603201744910448,0.3383300066471276,-17.910618078004756,-11.329179970729284,-14.640507424632132,-21.34329887186517,-5.3961587512933775,-6.442794682787418,-7.840589830189059,-10.15356774468021,0.48597894490855553,-1.9998010427509314,-6.871890429259708,-9.857584552566818,-12.281491460505778,-13.619205022083094,0.7157004048093792,-0.5810129031717851,-3.5506315187539736,-3.209932930301875,-1.1209654216654599,3.2536023971,0.8394946793048845,-14.534892694734992,-5.20458791613942,-0.5500884231906835,0.5923029343574883,-1.3475608130314998,-15.774602512033983,-4.429407076819275,-11.970394708504386,-9.840102294425872,-4.901198284337065,-6.80750436762847,-9.278627656204282,-2.2870311532623897,-8.877186200257801,-6.161696727041202,-10.623928055294977,-11.335059537687174,-10.499063775579375,-11.460801619582066,-13.85134321914008,-10.35879727429142,-3.3731282658522885,-1.337400921597713,-9.926840017339579,-10.20972958232117,-0.4876742230702716,2.8688014170606384,-1.1348526202051377,-10.163366990027631,-8.321615136024066,-0.4259454885259186,3.6022244921612843,0.3935180522271474,4.757781624782647,-2.6789258752109073,-0.3823361119323576,2.3270934786556694,2.408372507118276
17,6,6,-43.39628651374725,-56.963489461962794,-41.653524341379736,-32.18859203268843,-27.55527780877379,-40.45058247337981,-55.905924070899104,-17.771241349781423,-22.998661943529633,-28.054675032816274,-32.75957731139371,-14.732295000698512,-12.087046946035462,-23.65619242600189,-25.081990495324135,-21.17864861364886,-22.228242601563274,-12.472449094579531,-11.163796357537922,-10.83109342863942,-29.65528317195615,-12.2790266513461,-14.00502792431223,-28.36781596755838,-31.492177267263603,-3.7563420984206917,-8.080627498387289,-2.0364006628259674,-21.02354518669407,-35.225554520400564,-53.118209534301975,-42.3268660132478,-39.97944054698071,-67.04483201009472,-44.2493555029718,-21.446232210572166,-29.26800530730952,-45.42499211139793,-17.956091003083607,-31.155482560396194,-26.075903147822483,-21.24167599883386,-30.310781734382218,-36.1278600336575,-21.32857011258602,-21.905482876341697,-20.117199679825266,-35.19179249391323,-28.016211849160303,-20.70264927879339,-21.155671867480923,-32.75073998221536,19.085196484118793,-11.779557340823834,-17.047112358711285,-9.835882095256585,-21.338272989159687,-4.341479096686608,-16.853641871726378,-28.081980549525944,-20.266423684703874,-25.70103375141215
17,7,1,1.7281174151817473,-3.2980412672296504,8.429634396452457,-7.925920663265199,0.7695658125846473,-6.973200642719599,-14.624876810447871,-0.2976304226606036,-0.9579384007516722,-9.449421882629395,-6.8635580231117554,-3.0265020220881182,-1.4399375378994674,-9.709069913162331,-9.063286298964025,-11.548837810277751,-13.479106875522648,-5.768046464031366,-5.956599389753735,-1.3462622713456598,-9.450275615925289,-4.204615277118934,-12.713340468886427,-5.096977346531322,-6.589950703266196,-10.545438481176765,-8.427554304370794,-1.7182822522093986,-8.381311783975946,-10.742912923281152,6.858303730126199,1.4095299161243715,-5.755253459826661,-8.731196476123865,10.828941105933092,-2.4701614205884534,-4.2229390160703115,-11.6015129381927,-10.806902116766517,-0.09104211128703005,-0.3169041110611559,-5.784566798769846,-4.070504843507236,-13.494256502698832,-3.1365773833566943,-8.810407564907171,-6.110272126158747,-11.616001262886034,-9.021985512658409,-6.196228319206901,-4.174953215392078,-11.85415121824083,-0.1405068891032073,-13.78026012149525,-5.851309404617582,-2.0710765256137575,-2.9973810386145487,-6.572901317713466,-9.128189299755343,-1.3703814420122187,-0.48785461328650964,-4.969071146645924
17,8,1,-20.236220619709385,-25.702284234064823,-23.779361514783474,-8.32167517436986,-13.476618015678694,-4.7204966623699525,-11.566572569742258,-12.400596454557844,-9.706027956316012,-4.30344866785198,-10.918131801156354,-11.492170911645752,-8.616864908713753,-12.613953999720703,-13.908430833187767,0.20086507608250834,-17.579381977185232,-7.2914633986472035,-5.148931013965387,-2.842734455999849,-16.1476084460936,-14.17133738282251,-23.3082676856983,-25.897582428904673,-33.591977987029594,-16.842471920180973,-21.408538419174075,-11.050546873360872,-28.435965243431678,-32.72906155248666,-27.16988788036312,-17.930781543164006,-14.711542395693131,-28.364870086164643,-21.911470525636798,-12.065428653890947,-3.369340840670304,-12.529560874256008,-20.747112288253337,-17.640617693342808,-9.638455802801902,-1.977605642819007,0.6540317662605425,-9.732804421971482,-11.248586358638802,-9.833741881861918,4.36819535496406,-23.1875875845421,-20.96157588609834,-16.664583958503673,-19.48865788593525,-12.164346180240084,20.46068779115634,-17.853855028453218,-16.09468081720718,-7.627881632527197,-21.570495349150622,-11.324490831119986,-29.02393971892391,-17.45989209240894,-17.377518884212968,-25.399796316127578
17,9,3,-13.843275471658611,-20.423751460240656,-10.499388333216942,-5.134743272349598,-14.19447063813668,-7.662437280943827,-17.442602210189776,-5.571077019873459,-5.010864861968268,-7.202825894454356,-5.269262464734065,-3.723469818723615,-8.351902321431064,-14.34658032976,-11.59027092763018,-4.005289285920741,-10.88534359892876,-5.946583793521288,-8.36605404379562,1.6723883753051838,-8.128517288146773,-6.451271346213703,-7.260743228329638,-16.022659854009376,-7.377455571643648,-9.904091499972994,-6.521909548673872,-1.9665319597570052,-4.211131988911005,-4.657806061098934,-24.987196922256803,-12.953798939133204,-9.872481721246096,-20.28453121400188,-8.84556435509699,-8.853595985940137,-11.282576810821281,-4.172704806698987,-8.464021706519217,-10.520477606842526,-8.193191782219289,-3.5759651880830585,-3.673151306944287,2.472457911731198,-6.427813411360923,-9.817113326181,-12.30102964515639,-6.000918138897186,-13.846209125340593,-5.671305184934018,-7.333605793463743,-13.255709742400335,4.977860308840033,-3.5408684773279764,-8.740214068512152,-6.551054539405971,-2.196602119751865,-1.3714996316447499,-4.510361549830657,-13.175103958627977,-4.387168431961227,-5.825134235456947
17,10,6,5.6416671330608965,2.307374903932214,-3.8962839622612764,6.625396073281926,5.035753553134118,7.628254358043393,-13.889578072021992,4.275878690637467,10.383673991917112,-0.8799538076855242,-5.944636001142325,2.7538444889289115,0.499108618255932,6.139453137327534,-3.29811349343764,-2.9426980187162415,-3.0960941798956587,0.38774673168252194,4.53539451380067,1.3241509861290095,21.487905775991873,1.3744574498254571,13.18225798719539,-2.8026960663406584,-7.7790534866706835,13.165064291983123,8.53630715245154,16.679505138862417,-2.6891098161534654,-1.5626616806839593,0.6502323377829207,6.89386936358926,3.418637267268466,-3.3725992943012573,0.5668491724191416,5.891215481031568,7.343224627255439,-1.3182474487097697,3.6090899513205277,6.731623941191997,4.288575560831261,-0.6658869475131939,-3.7211011627734436,-18.645592233756698,2.614636108165653,6.819876573003108,7.842405386098732,-9.022093692181135,-0.07965583539079533,2.9146351578713543,4.67487938326596,2.675366969807527,-5.900221156069962,5.659125305348779,2.5693314540336223,4.65621892343525,1.9861062296734375,3.700793416807201,9.268215376043283,2.2969504619335264,-3.322653496535722,-3.678706163906766
17,11,2,-1.6454316587386093,-3.5255865881378536,-4.401969447561609,-2.1845305231882555,2.9041987608936504,2.225795223820591,0.4509543851557447,-1.653872128303457,-1.4495924073385011,19.715397533483614,-5.523511957485091,-2.3483630442401253,-1.988390694031629,1.5143872462440193,-3.8042798972370635,-9.981763528871474,1.5343222449102067,-0.8212789806378319,-1.2751310502133535,-6.215345701570451,-1.5039868376603935,0.5264741801088912,4.491220106257173,-3.753047696882632,3.3604674985314302,-4.1243581984010405,-0.12629513646952972,-5.421528439469089,-1.560076695753307,1.6346946094730295,-5.008520273082866,-2.65754808264603,-1.347957582173231,2.240343740652883,6.0825819131441206,-4.516517571378046,-0.37039676290459767,1.0028823591689238,-4.512345444280427,-3.3515340442337633,-2.1885224190063606,-0.9644912116459513,-5.164224945656142,-1.9052600833223894,-0.84112986295325,-0.21403084604478484,-7.124540699782164,-1.6693344297023793,-1.4406108556360735,-3.951616245685372,1.9281528314075802,-1.0566876226036654,-5.051684715688548,-9.253762985221902,-0.4239375891118513,0.7766837464963527,-2.667792132465033,-0.19425207497154462,4.207104067340852,5.33581270572798,-3.45417891088419,2.2390932668818224
17,12,3,8.370827348403084,4.171911204460915,-2.2706069599740504,-4.935044484354963,2.2820172572235866,-2.196758431501733,2.6947609066236287,0.5017657879776909,-1.2396977595351752,-7.62857903770694,-8.776489161017421,-1.1528878813302812,-3.4370573031284444,-1.8754897931954124,-1.7187150493391965,-13.55796913380122,-4.380832104273595,-4.650050843184211,-1.870620261627907,-10.101193158814915,-11.387121419330054,-3.673055151659181,3.646350837153633,7.742513908885372,-1.9835813544554315,7.3639171761346995,4.486951724058244,6.119542251253023,6.18962738858309,4.559525759072927,10.57740903682099,6.505617695228802,-0.5816260869841938,1.2605826056494245,1.5130887065514362,1.1648873430506395,-3.8768419156918617,-5.294728302798608,-2.433321319883916,-3.580125298439071,-1.954833071588015,-11.50870329812851,-9.82629931051704,-8.972641029224802,-10.008828466735412,-2.850934489789169,2.7466424067743214,-3.1430700978763944,1.266606351973988,0.0609111803038635,1.7275884054919217,-3.25562233642232,-23.40241194358551,-2.4744658116478355,-0.5394715651949287,-2.145237649177632,-4.568567404779036,-3.1173998730643295,-0.47799528953505827,8.212489570786316,-5.461037712024024,-11.320847724359943
17,13,3,-34.25951228636065,-19.59462126208151,-18.074438620994737,-31.77422518991842,-32.17218001659322,-29.551532067176794,-20.241883693308367,-18.78291290525983,-27.810766140498774,-32.20613441198338,-23.92277822770723,-15.953356272927136,-26.777367795749424,-21.107902158506025,-20.39725175572606,-29.67207981755095,-18.76794366284116,-23.021350247830885,-17.424098149214572,-20.14606824115192,-21.965023480537454,-17.513000087767118,-1.5590786455062833,-12.22428356356374,-15.145134841773382,-18.69806292562224,-3.232741589930544,-11.618273750242848,-13.832935176244591,-18.369928731787482,-35.69871645075521,-32.3689571575421,-32.11177383799381,-29.216580617718588,-18.61517263015322,-39.29822362777666,-28.696046165395057,-39.37583560914528,-4.3321368083266965,-16.17377153656832,-31.14169157641689,-22.90659779455605,-23.663045895172328,-10.45117402458336,-15.419018645839,-27.155291262559782,-26.485484783605816,-21.485272601610287,-11.625680150237029,-19.698384217554466,-13.560698539927234,-14.478249847343777,-38.82073333477829,-28.450898589884346,-14.881230438446135,-16.140815085390724,-13.509346017841155,-11.586182907723433,-13.015419636103443,-4.82421160780075,-15.062797624049944,-8.316312715331684
17,14,4,-13.761828000770835,-1.3390361093972774,-13.233898995853052,-7.413081320888572,-4.569998212476691,-9.792801794391583,-24.802335251395306,-2.7466664549372184,-5.008929083208984,-15.450460251329886,-4.173931233993755,2.8885560996217183,0.65872091051509,-8.088899712816522,6.417653551063978,-9.94137647703699,0.48674841440941563,0.6389782673213628,2.6952538556964485,0.6449299478256031,9.414734056628332,10.0008087778782,1.9465368326935106,7.709954216440278,16.948206929081095,16.46658039529149,13.908046142663807,16.563478057704327,24.662934408318723,18.81889924016304,1.2881765804457945,-10.329026988639333,-13.14490090419606,6.895660893278896,-11.279029901196225,-6.898690814424944,-11.631235063132806,-7.575951992988402,-2.6582694738285557,2.105307510165247,-2.183773067368123,-6.837791691647795,-0.811936724567559,-9.194883863282637,5.0564099816696295,-2.9636430091610753,-5.265330744814976,10.952531003506808,10.548071666507097,-3.0574505811716204,-1.0347567086062603,3.8742327974291473,-4.198795854877797,4.090091136539717,6.9789718866075665,5.6507329080117525,20.55840305693266,16.34499862510711,13.697297746656325,5.234165797577945,13.361432510905155,14.866092757617194
17,15,5,-24.629124402636425,-24.86233248470761,-17.69008247595189,-17.942155712874747,-9.69333114384151,-21.41711124023651,-26.60697034982647,-3.5299390833029864,-4.272488074059167,-3.4366125150515523,-9.755600972700204,-2.133322336419951,0.6326900230885322,-1.7858905136903251,-11.097522817154577,-24.90015864714686,-5.781416596594927,2.3465234795272925,-0.7092197428048568,0.8961855752234612,-13.154038783344559,-3.0489379164192068,-4.174231800338731,-11.30451977064424,-10.918203859430994,-10.599484202758658,-5.873107978438098,-3.435951176312432,-14.603246420167576,-11.588828120837778,-22.0346034967863,-24.116970113137878,-18.93271398744206,-27.30560939268367,-18.596536121353882,-12.748521251376813,-3.6400986526050714,-20.108699104407943,-11.719403666307828,-8.237390302553225,-7.319538291225711,-8.188923425359151,-14.231635361617409,-25.272875957917893,-3.32840074198576,-4.670190240676719,-10.125156109834586,-23.086541829676168,-2.5460539266549445,1.5279257212845023,0.0007093694151906194,-13.65160840012065,-5.871725336716672,-6.808598555465473,-1.3457332184799466,-3.4694727968606283,-11.845001283980535,-0.5436798221198842,-9.31296692813446,4.234650018491509,-4.007213001412043,9.251165942349983
17,16,2,37.38449901876909,48.780337580252535,18.030613004252686,37.7462989399891,8.736691295260153,13.098634339119426,14.735793865762838,13.896731958531474,10.956727241359019,27.26392385881487,27.626445252811774,23.18056595559437,11.318587351045226,9.749408826095664,24.434030574496557,25.080812172788185,43.25569538475673,14.115668373247727,7.278177306510323,16.69752844879632,68.55368847225049,43.43509847734396,48.092603869111535,49.59030231134966,135.20565182624796,55.2145953617192,43.86520405311322,51.17096328344653,59.38222632763292,114.16819538357778,58.262126556484034,32.185586168893565,16.388475579732074,55.93189533795341,30.38671020999914,17.96230719515644,4.265466324224068,26.51596434048671,29.26469878018009,8.755712475957033,16.816068369645347,10.389962224039907,21.071014019285837,34.23526092927633,21.88060623716289,8.612259793640453,4.634071607503291,47.726823864958995,40.97670778291436,35.84513895445727,27.255879991483415,30.19600523583498,16.37268882499235,59.43908576273201,29.447011404875195,15.449943232418203,65.0559842339376,35.04283308410426,62.05232709773007,45.94835216842776,55.78635037108892,43.273093325920705
17,17,6,-18.735480078399505,-13.06238337054213,-22.12991405891754,-4.968722385513347,0.27734667482422304,-12.646489657756943,-21.23203317584788,-0.4472631732706063,12.722454302427478,-0.07279044648393848,-7.529577263250446,-18.299891740174544,13.917208004924587,6.76280088472555,-3.009452639963967,-16.499681282266067,-8.975983537165678,21.35247277650164,9.880369128636652,2.8061829048206035,0.2782364222533424,9.220590127291299,12.339372756107265,-0.8608965573082794,-21.57549719094504,-4.936691740277881,10.713539393388713,10.98643741706705,-21.854587256363256,-31.68489040543395,-28.52683909128351,-17.142302583539625,-8.646142141064395,-35.39139512199452,-1.5538604665581695,5.0636120778394895,0.534878596390893,-19.05178294118447,-12.821155383853563,-15.025140011688789,5.875127947613839,4.728083602402631,-15.210121941866307,-33.249403813990156,-0.8048428454459062,15.114667196190222,14.326549078269696,-19.87020055422694,-9.041728141145477,6.60290002808111,10.696165415617388,2.523762292024202,4.033688859309909,-16.05983666139769,10.9478418920757,18.672765276962654,-1.4449754133025503,0.3271600965455874,1.30784709563212,-0.8766353482198785,6.891633005926338,-10.656668098907483
17,18,4,-3.2624276854870127,14.851532260819175,1.2198829947851557,-11.993227394797444,-9.647593604627902,-9.261963077207538,-5.822525071025615,2.56657810362692,-5.811222903027271,-14.71648409817277,-1.9838819654840165,0.6420202399036141,0.440097151454765,-4.608317123907738,-2.5430600548776408,-9.403022996263532,1.627600757708977,-0.8442680223322476,-4.543654676027048,-8.762493738082584,2.9575470984635173,12.08477452141801,18.232043020745227,6.807179727585893,14.969170486418207,20.90347818664001,16.135476612784085,14.249201636650694,12.129189402674232,23.482597022703512,25.93602163778482,-5.050975329742384,-3.4631843932836177,23.679554260324498,-2.466001259992126,-7.862220140605616,-17.62879865932302,-4.199000285075209,0.20625153805197302,7.839868399587167,0.3823240896141734,-5.84221958594606,-10.343575484096638,-23.768299829123965,-3.9483337663426417,-4.76509200272764,-8.075289127087533,13.306232589024416,22.89473057951686,6.808093525026355,5.335848760491564,-4.849521193346696,-20.585912809275634,10.325227586021528,9.919974642357136,7.394685346746771,15.357205687908502,4.1728250679855305,13.470113257298292,13.51029584958877,6.662272203395644,2.473155255054648
17,19,2,18.134568285852918,16.672122709748404,10.417736613168948,9.788665671571632,2.688099844385472,7.3760488945763685,21.953468906034423,5.453126231983599,5.99164797468736,7.064014277591299,14.257618287446183,5.311308752248494,8.669070897811304,2.4724218838325704,10.178805074610516,7.993204453701678,14.619430167668664,4.3568932191346645,2.0569849218037444,11.115846634320006,16.48504863606719,18.73239000026626,11.497485333326743,20.4049949412257,49.720504894489224,27.399020207364398,20.31624924275661,25.4735245474773,14.168764291263022,41.67274994116912,27.396182549827735,13.002830877565083,11.609123855531097,29.78625535899093,13.87804744229652,4.956290096220584,-0.030347384591927345,13.421345780197553,4.875311587914465,11.717443752562533,6.082125024892749,0.5007798904155543,11.228254547995727,20.1396837269876,7.8425616855880715,-1.3526587607622969,-1.426194669905958,25.90773005725634,20.623606648023532,14.714259759274515,6.445487995518419,1.6337808021912115,-4.234109055920982,29.63123603510419,13.124448896442516,6.205714787329582,22.944544113053745,20.006126466865943,30.255389420321304,27.10312128884765,19.283175826004552,23.480564853449064
17,20,4,-35.191900750395,-45.011947559510794,-28.175186978425923,-12.027314061208108,-25.530371950076113,-22.176529244133608,-33.59616232354469,-17.149420494895153,-12.552934517129891,-23.636089257498423,-26.456880691574842,-24.928486176278067,-10.763605379794795,-13.543565026860655,-24.565387622021685,-13.386958593638937,-21.651389759510945,-6.332070068808319,-9.837481240253533,-13.933043158635867,-17.914429419742124,-11.094973798500513,-18.98006271635659,-19.365621043460024,-40.90784936661764,-26.575805452777214,-14.927569159976674,-12.176201417954168,-31.965146815784784,-45.658465079781514,-53.02148036513383,-32.9366477178637,-30.127326821045163,-57.5067484255244,-33.29016354970816,-31.964581822476728,-27.91425233484222,-37.197965906887504,-23.913952835903654,-31.03506696551312,-21.7796447886844,-12.652152722376323,-17.15569692613876,-29.615557379566322,-17.332010009303318,-17.836096334986664,-26.14620482812567,-42.526132009014866,-25.062440253356943,-16.094115696873,-1.2561459755070685,-21.93563792273039,18.900130273484642,-27.78679087599059,-4.0646734157599855,-1.6940307810948028,-30.518596208131882,-15.183598069746678,-20.924687712067144,-15.999815182987506,-22.263303164210996,-24.181800953544126
17,21,6,-7.712226647046032,-12.629644621754208,1.6734465249791382,-5.492346961218747,-11.398675938772898,-7.932148998015465,-9.988111885582537,-1.9327097751154771,-2.4195423458998153,-1.6599680858198558,-1.8586809320159525,5.33008954442311,5.088536838379049,-11.317432982222435,-3.828831943035941,11.303774360189685,8.549689311193443,3.374042056256726,-1.2087732298362135,10.410294032496648,16.67089630608878,9.206907284349521,10.060301214456558,-0.26942320622321997,2.9208873550225865,15.23638128950091,8.713678235608366,10.067539368120093,8.819148567686907,7.985341080350849,-17.36639724204475,-7.717925840486175,-13.16470362599257,-17.3177499718419,-2.0379035203354197,-7.7137055355805675,-2.478854409419,-4.771248013235443,-11.773016493729173,-2.8240979782691804,-8.776609342181823,-4.23313506442213,15.528324532390736,10.334738114780585,8.690460732502002,-7.000770559098584,10.037240151225069,-5.981668465114885,-0.02231564167205581,-0.6127670020909926,5.087935640522068,-10.061527599177394,30.385315632402154,12.417116744670922,4.324718231857731,4.07949846412805,2.4320468329256637,14.863772244124506,10.690838957273566,14.904471957102043,13.180718976050244,2.1749357130015032
17,22,2,-4.603159090099437,7.869855108991743,-13.51012756966236,-6.8188907035240325,-12.160029739732066,-8.215699872365454,-3.3691724914398686,-11.89899903717565,-11.282901336166375,-16.686346513114128,-3.280234518063413,-11.561498598120366,-12.011190529015455,-16.92723791074099,2.14238807098179,-1.8319766996314804,-5.2257493068549286,-9.133900538853533,-11.100468553738986,-6.889504840279499,-12.83261386453027,-7.270903130573012,-16.058826615534187,3.6046532881786932,20.076103314757347,3.8268961493925375,0.24594123254632289,2.9625128176313185,6.7571498275984325,18.75618456876497,-6.8118088328316455,-5.282981339200377,-1.0549321909230653,6.066686784394273,-13.069777819441585,-11.041072296694196,-11.023109170710441,-3.4455459863856084,-12.330282920131042,-13.898210884389913,-12.096834018428975,-10.34491010285097,-5.048883257206622,-0.5760111085752515,-10.819635021454866,-7.900503058577099,-8.114401626673237,11.687324853511763,-3.0601318490623326,-5.444048443202943,-6.0158633861262,6.844007817497359,-22.80159642642774,-5.5819943666503535,-3.4041489581208375,-4.068136215107742,13.186658557277267,-1.753571251395909,-2.1593532717627717,-0.28779513211693697,1.0907863463479561,5.281827031475739
17,23,3,-14.714704595540258,-36.367669370116246,-3.4842376843798997,8.730871879018654,-17.105162060816728,-3.9871937967410953,-17.146534938683242,-11.41644674918342,-8.62548562862468,-9.217752587955967,-19.03241314430063,-12.933948106223301,-0.8614616440893035,-11.972667195658177,-25.71458424373372,7.23864403294354,-16.61547989943405,-8.937736629420417,-13.942229033243375,0.3636996370581226,-32.20841882759476,-26.920640181295763,-49.55547013588064,-55.137392611038415,-70.38508773576925,-26.674542590612308,-26.470250805431043,-30.39438133087099,-45.76780679531211,-67.02221591516239,-27.63963515929333,-10.16923428069028,-9.751056068152383,-41.73399763717884,-9.752546999495616,-6.4973454348879285,7.908186094449237,-18.920726569324007,-17.711652729751123,-1.9584641839809163,-5.215084485050927,-17.260313597394198,-9.801903545720185,-15.700705847180473,-9.286226525056609,-8.182154234237515,-8.354848114188714,-45.65135919829693,-31.83433104470009,-19.617021026952965,-30.751203535896963,-26.423948264885222,55.89653408672755,-36.85020944294408,-23.210071663485795,-13.571964522891843,-33.21609855861198,-13.318700915611371,-37.55642351399107,-38.19293685075715,-24.428042794146194,-25.42104179139543
17,24,6,-6.444646355400723,-14.13793599196686,12.440165952574922,6.641110814057243,-11.657578581353507,4.811093943866494,7.496825228502019,-5.236714784328531,-4.1713100840314885,-4.01911633582104,-13.169765590894503,4.445855307324631,-6.0860567455884205,-2.4177147793205913,-3.125347457840334,22.594166521437277,-9.344672941670916,-3.930514922274683,-0.6267984633209045,3.600625411425601,-8.62828713246598,-6.919371255464769,-24.50462071452197,-15.325259184169512,-24.64944396149823,-16.506690985909316,-10.716821840350953,-12.62689128018371,-15.135732441640856,-14.044537230054058,-6.827066631351668,-4.607271126709973,0.00970296609419842,-15.281758112787482,-1.2529476723099884,-1.445239943190955,-8.528167251270359,-3.7800765502289275,21.851389016320052,-0.044174430172084396,-0.3530108015984297,-3.1797779096352916,0.6182617883754487,4.139531920482288,-0.46517821993656117,4.998889427667588,11.18767504808607,-7.945218545680006,3.3960691807541696,-7.405614712014341,-1.7742877210967416,-5.059656319481024,24.81106431159848,-8.468999476001668,-2.3065573119490246,0.7820221644758085,-11.60465111209806,-9.640211175922762,-23.15497980457618,-14.886424514169734,-5.8517422221101265,-7.660573584490408
17,25,1,20.49024158744169,18.612996464617925,13.929796680739917,5.227841384072857,7.913091708854891,11.159227494990866,22.33562461504849,8.677511424592858,3.866441554344462,-5.86921237015858,13.977229497244977,6.407277227238833,1.2762612551109995,-1.2324714740601987,5.988485747857426,5.225556995373267,9.819421795230904,4.716192252999287,0.20739374524436716,2.7490591383766287,16.61154798233723,11.422963622276013,13.093692551957586,25.348443981941507,35.228319947233004,12.139325310133982,13.34900020101539,9.614901744658361,22.68784181322766,44.61097514811083,35.759988242714854,17.565350518587465,10.572443382348865,31.722788589393197,14.63813875998631,6.188749665144559,-3.907525982934888,13.387812246787124,15.76940837620599,13.734859281387061,4.802064264812168,0.02211128840245699,5.134743235160585,17.906085213157905,5.2614832660637605,-1.579879406737391,-7.638522434105142,14.493411568792746,18.411734610818698,9.889398834872534,12.806282296901712,12.513822138036897,-6.523604898440943,15.66945669240113,11.606851422648157,5.073519416880316,21.945701591886298,11.683741865543329,18.185596076862467,9.568923700737155,26.255630870406492,18.069160244870556
17,26,6,40.62890366373994,24.810679588739475,30.38125163643826,-16.765256947133597,41.04995529680718,16.640392574322668,58.92042659550179,17.73941505447077,6.274176743483485,20.474767354203433,18.378345243678222,41.06478037412573,1.0365362146062906,36.195985407727534,39.741074345460746,-6.360674092409816,22.866018415042536,8.011949145561656,17.315357318375167,-16.140923314432545,26.644592039832244,25.010149822184214,76.38746072606345,52.44532491375759,58.11577639565235,29.888515490697838,43.41874646195553,31.757644811418,64.24764255706854,87.10602599963914,58.56948408411768,32.48934864052911,13.941555740402592,39.93149069460424,29.6129602731728,4.713583141747048,-4.829393789157974,21.09711721103365,55.91195993307157,42.39237004518509,10.905206378174531,12.310468148315184,16.660147283862276,40.81109587884529,12.099046459001277,17.905989027638903,24.78444426397724,68.92712723700014,50.641783319595355,24.472349575107398,36.97420815978106,45.12192689572891,-83.87478764028084,31.538191301793603,40.32932522093377,11.1103638919502,40.63576877844046,12.499153310810676,48.8837277089677,31.513350761154808,20.799643166610277,47.614488260775055
17,27,2,-16.655638428446096,-11.192075804307514,-18.87797094434045,-14.612961435554226,-24.80095262425701,-21.589492527086573,-27.716717945922905,-16.1423420378166,-12.661651275729717,-18.61992201582734,-8.290894964660188,-19.453921911590623,-7.643908976634009,-16.697360058038264,-11.525139425801704,0.2894183373669287,-22.146794995997194,-6.736733878031373,0.3942033849747446,-6.286981825739507,-3.472154020615738,-6.838332735467702,-9.88306232800753,-14.304906733788362,-7.217735061714449,-11.116880548758735,-11.477490198662183,-0.48715725656110453,-19.02499455424231,-3.1467853843847804,-17.971829843000368,-15.62880523087138,-14.974472840384747,-7.863470550913292,-22.945181290232913,-20.94469496580522,-17.92701813359973,-17.425613105842256,-25.12812464825083,-24.103936585188833,-18.339485305801546,-9.676438056523118,-8.56753226108679,-20.688870391263286,-12.077331979377144,-12.368060846063427,-9.983146252928348,-14.886460654335334,-23.48262096412206,-8.94040590834026,-9.464763952623596,-11.96053544843637,-3.182302908744753,-10.79927916124338,-10.366299906620617,-4.716757397780696,-13.739885150659369,-5.028635648669812,-7.159132414838162,-10.921089469415433,-8.171561462486663,-9.830074725922469
17,28,3,-14.520091733452308,-16.656480131193806,-11.57708115734886,-0.8616419918608008,-0.5066233112479601,-21.00264832700417,-34.779818293774824,-8.742161957422132,0.823827972805992,-17.356141003189467,-3.2211509242472123,-12.667001773018344,-5.484952488550688,-13.637156131711395,-9.374250712918071,13.140187620049016,-5.866050200559559,-2.855972316661259,-3.8547065351300347,5.340477807697176,13.948998256154896,-1.5875744645529224,8.872581138934304,-4.512441593313183,3.9799676909134134,11.51023032164155,4.387432974808641,20.096435014981918,-6.401048987785855,0.3009729579590811,-11.582515820548519,-12.740357279186926,-15.686770525320853,-17.55192017858201,-9.817486035785207,-12.793946275362604,-10.425058982732544,-16.534910188530713,-29.643680423259642,-13.799966729342614,-9.891971843953174,-6.844356425401825,-2.044432443725626,-19.54489184745655,-6.358365491464187,-10.30888763747303,-9.623835151049693,-4.707739724505059,-8.716876452570085,-10.240846452780255,-8.370178131148124,-15.947777315917449,21.62660918277176,8.7508910581833,-7.761054252728634,-1.246647368980254,0.1904166166148179,9.316730179165196,3.2520152657042902,-1.178978968758091,1.9106105334784194,-0.3867006712343276
17,29,2,-10.100026940518037,-30.26725665710456,0.4750975961001911,24.580789695425743,6.086886344159523,40.53211404310492,13.856873990059269,6.031566057763086,3.1952281752374128,23.019727108682073,1.9749965159160014,5.464548576918501,11.271106423310394,7.261272340013484,8.153766638769698,40.18155623101998,-4.16042877335056,-4.090079102597043,-9.273000645038112,20.979575223968038,-29.67504977598423,-20.258945026162376,-48.019753395849484,-22.585088633330212,-76.7571243240339,-35.2644385884448,-50.072842745485175,-27.039216061917738,-24.897237054685633,-55.120331063889346,-31.962561785825528,-5.575285328415837,6.045537338364963,-27.823318372807087,-3.363124698037055,21.0623691354583,22.910902165966792,3.6363112802458244,-13.169416831760879,-1.2688668661001254,19.195800817594307,24.091119558482283,7.215089898167471,-3.817157094071549,-3.1731409355543727,-1.3585262593341905,11.225982058620103,-40.18756787169998,-24.8326464985929,-20.437975452769923,-30.227987627351144,-16.39090438209553,103.82007522656154,-29.996631127668593,-25.38493525127811,-13.357825523196933,-27.536160674763888,-21.24061791816861,-32.184095341712236,-49.07171567583958,-26.078416196856555,-51.63204158261055
17,30,6,16.231700882315636,41.45766095708057,-7.56547959319815,-39.40558176360477,-4.946911692037247,-29.425753915818742,21.783480284780996,-8.27209017992519,-22.757385851224743,15.804601196108809,-3.0741151721151425,-13.931431993819402,-25.169233130972547,-7.600107252401896,-12.390893488245014,-68.2597852887177,1.72749224371027,-3.178082634743145,-5.522345660311147,-55.01195095079699,-7.895982217316225,11.89896297738773,16.692213877308646,-3.6334015487852294,48.652948338811015,14.256824604848905,30.757299445024362,1.5499167946826025,31.102615020624032,50.180272817611694,36.598172557063215,12.584869010601098,-0.6084385435437629,47.96312242746354,2.1856487067558277,-21.276315737333977,-30.09711158420984,-2.937455813031326,-1.2369322956471547,-0.4375241416074876,-34.878267115209155,-23.18940325208553,-24.908995916567193,-1.8344895834040762,-14.511470868274941,2.786043513523665,-25.709810953678137,21.93619099095827,-3.432476353286422,6.506687769620887,10.856883862760013,0.8413823514029652,-154.39289267179444,-8.068399593110543,8.813918333387049,-4.572607313328218,11.715832630122687,-9.794136380549615,24.911244255013575,29.49695737114768,6.7648809698478445,21.34786790645705
17,31,4,-9.793944052556848,-16.136270134005603,-10.801828149887852,-8.801738554748093,-20.7044887393713,-25.022161303496922,-22.337957082361715,-13.025615543308787,-20.690806072705037,-21.019180661657966,-8.342379739053733,-5.249567949553816,-18.986699633345733,-25.436287631348854,-13.345549489803073,-2.171881760595501,-25.741673344519082,-13.153209195858455,-7.793397582681258,-8.215146797936315,1.6758150659365283,-3.0361689563795204,-5.253235101336385,-6.825491553865279,5.676932064452908,2.608023146848851,2.050492244734283,-4.661425108635204,1.000730132275237,4.147311104370687,1.7477158011709601,-9.716235930599815,-14.777130684656353,-11.689525093383548,-9.521815535680553,-19.592204415443817,-20.967780097137858,-12.46702650253002,-1.8688648578869858,-4.14636127941492,-22.65456074694308,-18.166033786789676,-7.664553369463585,-4.398169950332221,-12.63201339411118,-15.616613285207166,-24.01974787726635,0.7400480934032583,-8.351445393909406,-6.659855511561943,-7.810194355117658,-8.027255113395617,-7.425297231163562,3.6456535260034024,-6.1129774174130525,-8.179460895792918,-5.410851561986818,10.105858341614693,-2.763078572432988,0.5264260275062258,-2.9668412619701976,-0.5232999404102973
17,32,3,-7.711805916959186,-13.781486466345259,-3.9362862130127327,6.600507366016691,-9.177052954620704,-1.6681200482132963,-12.751334817126025,-7.2035472924230515,-2.5180270806659104,-2.794411881321405,1.8576709323608112,-6.126203248410755,-7.35946846670732,-9.300330115428265,-9.411355392484948,2.034825580978265,-2.0739020499650653,-11.605817339950937,-8.031571551490144,1.6647053616712026,-8.904022709443803,-12.960892810872409,-23.387671171074235,-13.388112767202012,-9.72620346408519,-8.529477770380652,-13.718326929479648,-12.058358836933275,-20.410116914597282,-9.93519640134125,-9.845849542174394,-5.7888471662271295,-6.2621291757720305,-14.520284100730974,-1.3302950566498242,1.34786135303538,3.2849357527930576,-4.7648995741662326,-5.759954615882257,-0.364396976625047,0.44697459019925,-2.9397883164673697,0.457002229477483,0.36309847150497654,-2.0857211697417894,-8.858657904650746,-6.824794224872277,-5.870727340415371,-6.494519936590933,-13.092297924046475,-15.890533290621706,-10.106014669321974,11.287506453374899,-5.439058714568975,-16.294511801676776,-11.615784803632552,-5.906870110769663,-6.698607311970217,-15.540865213791959,-18.418888639386108,-3.8869537155444913,-11.237272169668133
17,33,4,4.202222538720135,-3.209668391494918,-7.003752414935,-7.805060351812616,0.5682559139208819,-0.3442215193020415,3.173369373104012,-7.703617800776728,-1.6963632897312024,-1.3276979118392513,-4.018130360580074,-6.924505328577825,-4.888429271057247,3.732403251274333,-1.9657143609521621,-0.3778513292441278,-2.8673104835765026,-1.389414663195168,1.5019549001121846,-7.216556756098465,-2.1390935972775913,10.02083998564177,21.423219287813442,8.601775278209523,6.997644457311603,0.6454830275360139,13.124340657440085,5.720589561864919,13.511894990644631,10.075450781204667,-0.9244768974121387,1.406644396816107,3.87862141024628,-17.141088349029143,-10.885884632032779,-4.601006884355003,-3.320729717544121,0.7481639244304072,-4.896136331973915,-2.1480150602448442,-5.947641869995557,0.06388104900081856,-7.494216102686498,-1.1521664957129756,-6.239344657029641,5.192492218977748,2.259966128213308,4.374050789228756,-0.6235280685785514,3.583804529046687,11.212563886284462,2.6844687693207185,-11.312130615455887,1.344061945792198,7.218240073316998,0.3218938819127058,5.087226296336355,0.6466492938471196,4.9725218129503315,9.417270947588467,0.5494150401024922,7.204413021128147
17,34,2,-12.114292292685318,-26.156653277729305,-9.89574723522088,2.1172589601539973,-2.749287595018382,-2.134680966361109,-17.347364029506362,-4.072548847827245,-4.037860962312394,-6.821247242572836,-9.024053545259848,-2.663163084809371,-1.7953048975365908,-5.11952152112272,-10.919334112825554,1.701725767277999,-6.451451672990689,-4.491316267993395,-3.2995563682804767,0.39390279289062485,-2.5642936192183177,-4.494971388769218,-14.048961875165208,-10.583769484559395,-22.26497422783385,0.3861595202328232,-10.621258874855396,0.0005891588374566936,-11.771273198105932,-16.801916688192264,-19.07598641035487,-10.137311895037213,-10.79194480176198,-37.423791977327035,-11.21415099249471,-2.832177783112699,5.122587482740242,-10.629050082640676,-6.084325236699929,-0.7565804313181148,-8.134024050268463,-4.282130954378261,-6.817267479420431,-4.9354533257911255,-2.5594962400912364,-7.786868674089994,-5.204227282597524,-20.028225612894786,-12.137353424985173,-6.96873988415592,-10.289674051469428,-10.654143151168414,23.84009242869016,-8.894091226546683,-5.714649970643222,-2.2418345926193237,-8.666389716709626,0.621051250993865,-7.968892878304784,-7.675879493174024,-8.490858223788983,-5.860964275839763
17,35,3,11.266188816819064,33.89392486541737,15.013152527781878,-7.7522770760626285,9.77071462146847,1.4455284862324767,70.2229866741634,9.99216385992107,6.6538918112381955,7.106156786812876,6.496263380821157,8.439060879916674,9.15708184276321,14.988311870614208,25.48758012347105,-47.969194218152936,4.703711835076897,12.908013284229112,14.941251818999278,-21.611712163757154,1.2798683220242357,21.143948835207194,46.71565738102284,61.7869196098025,33.12552548090858,13.966769066003222,32.39728453971455,20.05852499840463,53.1099973001131,35.98373405453638,30.47555215620412,7.77378711104393,-1.1892830918929198,37.43553888070871,8.720375359671687,-0.6651655139128965,-18.580172076457874,24.184602565518247,-6.649250753195503,3.8811462758699546,8.273364661216014,2.5670109184845002,-4.975491617965267,-1.7440606668000915,11.710626445892386,12.873181134962083,16.53216884158007,34.05383791138487,9.070813011060034,20.23565555563788,27.508037586037716,42.801254095827666,-99.37034818021264,-2.7791901055081754,25.445942533452346,24.12593973664249,25.9054457178203,4.860847345008177,30.42419947302198,19.985277560062517,26.927228998483667,28.847903314887038
17,36,2,16.504346331990345,16.19601505510963,-1.3919156160114738,6.983564863716845,-8.642895776914749,-7.100746112841565,-14.945436050615669,-3.5243962904177137,-4.595031195842638,-7.151184895246218,7.642165623128228,-0.6021863169309388,-9.464824008721314,-9.935725388980307,16.989074898020526,-3.7665621229935784,11.258265323664359,7.693277617235005,1.2663298595026597,0.9952113809058354,18.717829648359885,19.910431230122718,10.769905785552972,17.263920792037762,62.593073199434954,24.033382711068885,19.24714139667226,17.941157961355103,26.2157007626644,72.11919260025024,24.842181181762275,12.253031750636964,0.01964645684276456,36.49594836264122,2.6109448497342638,-5.3167914394630005,-10.169102047083095,6.01247268730048,2.3596291545829615,-8.198939015407383,-0.3626295410866123,-1.8206745417953316,2.4184963242179256,3.6156067067711786,-0.11417540349066257,-8.833817263406408,-3.5869666701693856,26.24221264361972,17.975040141402232,8.712018968492025,10.285922621081513,11.686507275736913,-8.173148585665157,10.729939484491759,10.080500694968528,-0.1181070455122846,33.439808248746665,9.955816673296622,25.687206815019625,26.651565577630425,28.768848637982128,29.19722270220518
17,37,5,-1.48164712269677,-22.61200929710232,-4.884172970497208,7.715232510392265,7.968015236209335,10.064521476433313,-8.016337802406495,2.276823109541112,5.085771441221143,6.008168336640042,1.4424264536852511,-6.548589724275037,5.991070843880949,4.035913179469544,3.9201987205845525,18.283635918323586,7.9672817639132045,5.05139614989209,8.167737970730606,7.885798286692031,1.1900886761637897,5.356156555890312,13.685791261153437,-10.314731092964559,-31.24072933306056,-4.330910379118167,7.512984844696961,6.764953062614064,-13.033346645507052,-13.445068247957012,-21.420778552853935,-0.7063220936532422,3.13751524018987,-31.20235018282221,-1.595762464521656,-2.037362542957432,5.775729524812136,0.1475647922559844,-2.653568280213398,2.0064861135920746,5.575393498273251,8.231306340022966,-11.160081160027628,-5.585336947545303,-2.1198559647834885,6.924842022041361,15.534793241903559,-14.73361763467432,-2.214613386517868,1.0703824301500127,9.00766548523452,-7.388385022740542,55.31485962213538,13.89843930869233,7.3620775169352175,8.558286185308196,-19.590881834329096,7.791642037850644,6.37340693854977,-0.6414070451041544,-3.9328714923978527,-11.67798251073761
17,38,1,-24.193139044600578,-22.08264957445605,-23.989653091241657,-18.254094156697864,-12.577679000476865,-14.18187002989282,-20.623895206397822,-11.502318866619074,-12.022252207985385,-8.71803069823398,-5.906473293210518,-8.02402075714852,-12.727876863010765,-9.842855714795345,-5.517043305140711,-4.267798912984024,-5.64593548629796,-6.918661820588681,-5.912954029138772,-7.658842269478867,-3.6469039954358675,-3.014502536846184,2.591899633531108,0.06420569317188374,2.0017247561070075,-4.169217990881692,-5.39816670739887,-2.2363038555997177,-5.871713313705671,-4.272163489038437,-28.166890712426504,-23.822237627169066,-16.191409985869885,-25.89903717196444,-16.861577418598742,-13.007171451507364,-13.048700722218372,-11.489946565704374,-10.319299963183655,-12.879445372526998,-17.376040022138792,-7.070867710712748,-4.904504747496258,-6.5105112331306065,-12.435681249696485,-20.213363863993436,-8.098542598098875,-0.5698670714571175,-8.237282054562682,-4.178848822799894,-2.5823770143182556,-3.9975581332450627,-7.120669186580926,-1.6174408479128033,-4.960558413800492,-5.672591651835269,0.21691643312664216,-6.6748848599722495,-2.237157440426329,-1.0289373240978814,-0.022940936793642397,-3.2536865543892115
17,39,2,-6.249877255999137,3.6291332225707125,-7.107852104236372,9.738238950339486,-3.2471697345552006,0.33711564619230316,-20.17387874153011,0.19420402123956332,7.640794935499934,10.76449510073517,-1.2056230726913078,-1.945250271677562,2.845535947043997,-5.804585939409531,6.792811609781919,10.31833806795227,-4.275517988586571,7.606960689330975,-1.539480278995342,15.080424204443162,2.667792147945433,1.4549429014711288,-10.292391182832057,-11.77331709304098,-3.152208002647612,0.5194042635990712,-15.066633253699028,1.6938022959114227,-15.129155544643636,-12.781934707973544,-17.98748448163997,-3.3293986740726496,-2.8515957344845897,-5.079483147588464,-16.504418554147943,12.9731207812523,10.905110293431441,4.874253588751319,-13.727308484725654,-4.058349036586065,7.891545549591596,11.653274215087759,0.811864609398494,-3.4731519669805406,-2.6627181898575367,8.891301839840994,8.55357293443891,5.46423602202998,-2.577218906965287,-0.39100511870119825,1.9092037653417038,1.661927912838577,20.525133946055835,2.8877866940073154,-6.348446157374761,5.068553702587763,-5.526890605415513,1.052768034173356,-3.5612122974423803,-2.6968890274420554,3.213299534692452,-9.47880737327902
17,40,3,3.646964117112319,21.610100922969774,-9.627911140233648,-9.735497715553587,2.603911092223759,2.611425818852717,5.832877341934715,-5.995856220300144,-3.1603959877407415,0.9725830749858437,-1.0589119865354601,-7.382036603396616,-10.644283851614317,-2.989265122450888,10.603079259304742,-12.56101441400966,-6.65285777064358,-1.864596520414255,3.8396290825202883,-3.5267528317209975,-0.8428131888717103,2.5629349486311757,2.346523521223857,10.064473389998568,30.811357307997437,-2.1203489295752136,3.939785038143759,0.07216518653965631,23.083019121544343,19.407739459559693,9.065871354555942,2.1512373569535055,1.0295986004355482,46.14040406529859,-3.4738613981980695,-5.825025903589164,-8.045494874950686,6.541087057804919,-8.515398303455697,-8.957334967216523,-9.048629634127739,-2.1553854653100695,-0.9632047445104439,3.9551992025226355,-5.496086333291999,0.6637468207400389,1.7033850573139584,15.839144777960886,-7.37570021163371,-2.506484505924874,4.551397804897732,4.660559411323914,-32.63043263245648,-1.808675043747713,4.936126556133898,0.4023192070833439,16.56516142466627,-0.4221941233362724,3.117940910478554,7.488276483099229,11.358950308012986,18.791834330913147
17,41,6,-7.735588393700822,-2.5988010793651743,5.205020766259488,-29.179572358727455,-24.266133957156313,-9.561986157170884,35.84204881183986,-0.6693016308382509,-22.9410572798707,-8.796917135849956,-10.225059607770389,-5.813952279129496,-16.310851692517357,-11.045472942383542,-23.87149785331837,-22.413549148818337,-25.67728726506778,-24.423461933234105,-15.771440277693841,-18.314175759801333,-31.04059771684613,-19.32195169147012,-33.462364526465535,7.672236383142999,-43.45041630580658,-35.99027494595544,-3.209680456299016,-14.93847439347245,-23.149893718703506,-40.46754751445315,-4.622072129175294,-10.341267010651343,-7.404869247932081,-11.041529147942526,-16.363274318779375,-23.81549229291155,-11.160261448063865,2.051862922996829,-6.329965969206903,6.098056193725088,-17.547784172089347,-12.8907716177722,-9.324004440304325,2.557500310276251,-12.111875531922395,-7.999468681800014,-8.14327014432993,-21.63733414124424,1.7774259186599675,-18.404207849034616,-8.854906549779463,-14.58113520259673,-36.19936412654634,-18.266610644167148,-13.119495152461738,-8.044556958589515,-21.32730766008721,-20.846342432108248,-20.76820151267074,-25.540531701930796,-25.781182440497535,2.2197714388347802
17,42,6,-1.090485761214683,-13.195315514713895,-7.026945727400297,16.86669941110502,-4.533350516167446,-7.061176780293265,-32.469209151297065,0.46261721765537295,4.5756974042643135,4.075073814314859,7.270037444921711,5.285806862364817,11.697484739864437,3.386005527510239,1.9269264588592485,25.303343462598754,9.682582133604361,12.315253493892842,12.725676519285166,12.289246648868053,23.181227184286936,7.539472626931057,11.626401650940814,5.012271636114572,0.46751077318700474,15.782453866601669,11.302475713625007,18.868736824883918,2.13285343645981,6.252029466079316,-22.805107225005223,1.427493197071116,-5.23985291515454,-35.44695589309786,-12.204649065871068,5.352886107860972,0.521015500757707,-13.864593098712412,9.535762829206343,-10.569184938945419,-5.271691217155359,0.784066195872317,-1.5852177979015711,6.589626018957398,8.314761676325846,2.527381370542571,2.336916727107586,14.450307197550803,11.428758879987202,11.631186965811805,5.645755136283343,2.1152629750999394,45.19915404043544,31.074804544448853,5.369141891470928,14.016786919154297,10.342096611062384,22.55845654810347,7.172238063941734,3.8814829772667627,14.232513059154943,14.147362377699
17,43,5,-10.801864261489087,-4.142585919715645,-7.722723206914053,-12.925122770003787,-11.907114888064376,-14.905361634020391,-6.685838301189057,-6.738429201267112,-7.551159534421631,-8.981995219784999,-8.973855328981811,-4.654944418786129,-5.019377513817035,-4.097678057945945,-10.542444577429256,-6.201037682774595,-4.7940926502867605,-2.8747771401128683,-6.818181240442781,-3.4461471413194014,1.7298849089661739,-2.757439534566026,-1.457395696626385,-2.0227779997683073,-0.06236601089377203,10.423062983854885,2.4668068141199475,-4.081253930988789,-5.962406783921237,-4.602077022081288,-12.279711992184561,-10.878898980732005,-7.96294126296189,-3.125094935350493,-5.867553099081281,-9.992151859602549,-7.717048051559773,-3.2208984059554235,-2.731396567349026,-6.451343493899561,-9.006619390009382,-5.336413857390788,-4.296186430198023,-5.786923440519673,-7.04371856301796,-7.116040068698432,-2.223751267906639,-6.857221645322943,1.7804197924688632,-7.335625808827985,-8.03923053199017,-4.216290100951813,-3.394073217050971,-5.851333440065656,-0.4274604173104576,1.2960760401158662,0.4538520543109178,1.9008714152818031,5.327648719136674,0.13304033772395232,0.3692304694275475,-3.1071076946994647
17,44,3,-9.71201569559734,-17.88058323114429,-1.3059112783081304,0.31180608784779906,-7.150896305740787,-5.946752111223049,-35.46114350907598,1.8789044867508198,0.5084869316892648,-1.232219095500867,2.8853818989790425,9.688906475739762,7.529781711480875,1.0540304631903403,6.120071218675574,13.230027448263856,11.57324569101059,8.08364544304587,13.80513681478447,11.504446982278301,17.53202134073235,17.16062647951539,10.505460291169584,3.296598493605682,6.563066056736452,19.492625606132716,16.568287484052522,14.281460836054128,-4.594971079924483,-6.296997377319577,-17.829302982086457,-7.782167484706967,-7.872788876022504,-30.165513437025535,-8.440635924227536,-1.4807934913125527,0.7802547734094463,-6.495638170075125,-1.590556284049299,0.9500630344093846,-1.557960509050004,2.8749575069367244,1.605802083138102,-0.7284573720364906,11.705504397518096,2.4558534543597843,4.712969988743524,4.412970970846176,6.27813255598076,10.745065069893695,9.37033107729129,4.737149276021053,18.836814405669163,17.455359275089343,11.743991701559885,11.374340396079164,11.972162189666276,18.209535043981923,13.074659519897006,14.164592096990928,11.949485801180213,2.9479884155685223
17,45,5,-11.74845245887139,-14.59058573960168,-5.699392101488915,-9.403972980975196,-2.7534236652640303,-14.773319211311449,-20.16595515122684,-1.85871697444378,-3.2419636374021477,-2.4719048256009106,2.833620635251707,-0.7147265080896361,-3.7490077371277435,3.553252755272453,4.126750892153145,3.7307440112004175,2.2445279270717187,5.836015456571905,3.503583583242557,6.145152344402473,9.548856496879063,10.62448116496387,6.338214135933213,21.66815044376544,24.552462258898643,16.51201735137077,17.569402434840427,21.267815140780154,14.35374628710162,15.046433702133966,-7.704627785272326,-12.387154227599689,-8.752838898359276,-10.332742227096581,-7.849499273795366,-1.9586565218320713,-8.890063338890311,-17.170906606425596,5.3199176142650995,-8.361256678861274,-10.207264785177818,-0.2684372994231018,4.033676791277418,2.169945992386004,3.7670430452846806,-4.703339090797956,-4.963973076332632,9.260243694483954,5.679974110575577,8.400188811850258,9.278242859932618,8.92317620094684,5.578928400925642,11.40971355251514,7.34161344290961,6.232924065075631,15.618921852216312,10.275125519951759,6.221225205536294,18.56071813091091,14.733292878923447,19.963442762149498
17,46,1,-7.023891808124401,0.36143924583959175,-6.342855192175731,0.23903972805171136,-18.029422544942395,-6.689565615853432,-1.012200540885693,-9.919169017454468,-12.370429483128758,-5.3535354169676195,3.719802620911565,-7.532030096868192,-3.9613071317080277,-17.993063340940303,-7.672669283557324,11.785160258128426,-11.99349192620777,-8.66947968438177,-8.168519509411077,3.556018126992188,-5.060281615954164,-12.526759344834561,-27.110058748140553,-31.865327574312687,0.5782474629075558,-20.199813418226647,-27.14391693352755,-19.777222584524175,-24.632671291417452,-16.28120171303703,-7.982563643625412,-5.537399127886337,0.8423442290669951,0.5989519922948645,-9.953616499264795,-6.56373937134972,3.83144109081988,-0.25649789216638585,-5.768671708613087,-20.96085454160119,-6.686211026160094,-1.3531517310113443,7.396260424130935,4.287084638663544,-5.8545317093319245,-15.356953245019778,-8.833709088426723,-9.548904522390268,-19.8396006032779,-13.561660453904326,-18.53218649032458,-7.885233195010214,29.915147536411503,-20.12182873086549,-18.725248013361817,-10.729879403305121,-9.181994586501538,-10.108226940395012,-12.167039454755624,-23.362157366193095,-19.048753077936613,-14.686882141929285
17,47,1,-4.876057088068438,-1.2339385033744126,-4.664575256709658,2.6489272332159652,-4.584823180330776,-5.045528649542726,-2.428283472250146,-4.982814020051328,-1.7792774968689713,-2.2843979453190992,-6.668344151046941,-2.4225602610854486,-4.01718045308442,-3.94376483368801,-2.9337284993834625,-4.154020245891158,3.089397087948758,-2.518556064835226,1.4799518485031111,-1.5107801716615699,2.501735226989428,2.915717224386043,-11.473233847356424,-11.044042035573858,1.9392987340688705,-1.1979039966912453,-3.104979604300926,4.22529567294277,-13.507338025107446,-5.097530456072439,-8.815505449901474,-4.364516135244118,-0.33845021775582973,-2.9877141594159884,-5.616610155804313,0.5724641400696026,4.3761188369670245,1.063625267729527,-6.595625820785491,-9.190170565313412,-5.81838899384048,-0.8895486152912608,-3.6948417568374894,0.3672225630455992,0.3861836624081914,-1.6782438799074462,0.05886715636929374,-8.973975505157396,-7.2734160180311545,-5.755830520604983,-4.891483276718995,0.28564289366690243,-10.778382333540703,1.3528270977889985,-4.968890768288427,0.32716013861411186,-0.46344684335834585,-1.5768494627654273,-3.69955503852419,-5.896469687029336,-0.3406145081105758,-4.970513900832798
17,48,3,-11.595453082583845,-21.752315214494384,-10.771047919948883,6.54612494308059,-6.620430349389358,-8.798804788146073,-32.022414939341736,1.3076667296132312,7.190044932249121,0.5779950213164269,1.7831491192905002,4.670899641836381,2.6023721172979744,-0.500359064331505,3.7160873687371785,19.726326962081124,6.77102500927157,7.37132360978711,10.3291953930052,21.92426365787424,24.549336229882584,11.407789843020641,6.249588725230904,-3.213684304730919,4.451446240199958,18.050391576093872,6.990778943637339,12.451684461724826,-3.796200115392665,-1.333324916206479,-21.820476511357025,-8.514556549887011,-8.185448659561214,-30.243149349647666,-8.940814626752399,5.621635957927692,-1.304961428523244,-13.313206290070923,0.8220004252635111,-3.351401747306582,-1.1876599325417976,3.25561032678205,1.2849783468196492,-0.43819744903139934,6.757137808062858,-1.699898245951685,1.0994673309643268,3.7934587126847643,7.87938977016999,5.1924802316352725,3.999000920445612,0.2935664121220559,49.66785416948443,19.463252167149292,3.709426307607804,8.168820080920915,17.69217458266549,22.09449270349451,15.128710708785338,9.499571998910294,10.169366597368311,9.93600199334096
17,49,3,-4.980794006311217,-18.154647588931464,2.640474685802829,10.316402276569022,17.489842679266378,18.03274106550054,28.142470959119688,17.574668697222062,28.9262847359457,17.92499817171837,-5.300066767305858,11.86219495202119,33.05979283102616,-8.88056477999724,5.538938066899415,19.883606580381343,9.072676711010162,-14.937308151002345,-11.769493561737777,19.823128290201833,-11.11217939497323,-4.2193440731115075,-33.10036006851532,-9.223704230696216,-24.280874930090746,-18.191391389180968,-29.3507271137361,-21.984982458692873,-7.962207802878005,-22.846119426190853,-17.39400316869114,-2.6055583647174014,10.039993434235816,-14.782120543827373,2.297082767708274,0.2156419944495131,25.959226921019038,17.408311160587957,-3.402261278157624,6.080886631306808,26.622649106696798,12.827612053983419,7.283106994156433,23.566977945769708,16.22966890173352,4.898180403121998,51.554682221388546,-14.380606787245185,5.795243666026029,-16.88226980079964,-3.397932766118971,-2.2008584619715523,48.448680529623594,-14.358303195955903,-5.2121507027981435,-5.501436768278551,-18.52741292523357,-6.528654763134335,-9.913554010980926,-28.326659281810517,-10.333379533102104,-13.962536777318574
17,50,5,4.347021915894515,-5.265691519822789,-2.85686207204069,-10.450608923758677,-5.621106928861817,-9.568238346087862,-6.072686557748879,-5.584375107104365,-7.622819733238082,-10.302911934329243,-4.781492025841299,-9.688233158528442,-4.934130703984968,-3.4127938960701583,-9.761444430903346,-0.2697838881995716,-5.586743690891239,0.6726441895731201,-1.0076556924344373,-4.403051553947124,-5.53523492322463,4.492482554712671,-0.8199323539042901,-4.496390215598227,1.524198440607727,4.995655147460992,3.4402556669466744,4.3210631272096816,0.2775510481229361,2.6780241752815677,-3.2056044440307634,3.99337388021678,1.7287426704041098,0.5180938004220775,-5.5357038144550375,-10.640075670518323,-5.455506886423725,-1.7699713504066825,-1.792876157796056,-7.706467407133722,-11.72109891047201,-4.613246864298494,-4.543967261447618,-9.500906608334356,-9.326974286516078,3.9021033465453403,-2.9292076387607313,-6.691044495634096,-9.979827677195031,-5.484219094607747,-0.5278328283599055,-2.14919336493093,-2.615742287484976,-8.126100494060665,0.20467648570561991,3.846602720390189,-3.2408454195601983,2.5424829701461444,-4.091461843152236,0.4395200415491689,-2.281055389159562,-3.6954429190060702
17,51,1,-6.733968422180272,-14.89949403158049,-7.913656848232925,4.898961913249479,-3.4922574014380205,-10.355827479327958,-21.94956109291171,-1.912618452092496,-4.10273992633674,-6.598607642253826,-10.285465770378345,-3.696897870883707,-7.408644660058001,2.3137954540732437,-7.059144737562397,-5.158165085901759,-9.97951517599385,1.3560974818694116,1.6159259188897572,-5.733418679432713,-0.7285776099576271,-3.433786963146726,3.016799008700902,-8.913028285270789,-10.348649346065237,-11.769914436472087,-3.556294593505742,-1.375250951761788,-7.185271548152692,-12.750793629575796,-15.767496598203012,-4.920135407549578,-6.397850873993662,-22.63568371679726,-8.721313208705046,-6.954131335065494,-7.370590221318535,-14.74770909504646,-0.5858463339689302,-4.7235386509720865,-10.525840100037252,-5.876931557295525,-7.239762206448289,-12.234058610958655,-1.736569959942888,-0.9373660706233512,-2.434283203013786,-10.22487928786474,-10.913117909747198,-3.858049125569622,-0.9750839531785109,-6.691862109594231,-1.3046368184590307,-1.2609433484797512,-2.305006197676426,-2.232528413305196,-4.319596179647418,-0.5841029384854908,-0.9807829636989567,-6.432887267748676,-8.596845571860309,-6.079455815585014
17,52,2,19.15934552942834,31.087164879208668,-1.7487978763514902,-58.83741656236536,-10.96266693342193,-21.444224398583174,7.360911150621938,-12.536714815250717,-42.4547721976187,-35.23703710625811,-15.66960101847241,-10.089915162934803,-37.69996027902858,8.535104853532662,-9.719025384464372,-48.48451075466666,-13.2781215116109,-7.7902833712173605,6.184673698698512,-35.78086125487234,-31.200630836904335,-7.764180288968107,42.83365760125767,14.054709042990345,33.41667508134027,-13.38947145161559,11.871393003023973,13.81450308913865,13.97835970215681,9.9405708767292,48.76320377355667,10.245980570047374,-2.970292049641836,35.3256744567941,-10.071964063817953,-41.86715845442266,-38.217525059857046,-9.928739779905648,-1.5296210262004466,-8.542306948805274,-44.508450554274965,-22.331993397416124,-19.384606294152217,-14.08278402713377,-13.80649537507945,-10.910388528863432,-14.742130211486316,5.768407108307609,-30.60024811745416,5.202002798093528,18.83597266467335,4.787624060153599,-108.11259402589108,-43.03839433483964,9.81488896419135,0.3811818672508759,18.668136208886043,-21.469076935747044,20.348881083813204,22.389165131420626,-4.867231779311573,-5.074216870275873
17,53,5,-38.53553519634213,-42.78977158556625,-29.595081369324447,6.186080445984109,-47.746121789624056,-17.297177725630554,-39.89823373607018,-14.979643011601967,-4.5128984908607395,-2.6474964004691404,-22.111012948620143,-11.631451482452992,-7.14067631077856,-22.018323654081765,-8.993934648205164,20.092839941200694,-17.601565265074,-8.564526375922629,-18.074005700466113,12.967565901350325,0.1271969030452207,-23.040275418540322,-45.68822307557594,-31.054893777683,-23.256434399657326,-5.410009893338858,-22.816565716775465,-14.96386812282044,-33.4880106521816,-9.135836299304376,-46.506435945993495,-36.626668084321956,-22.00931808806774,-39.643022300266665,-24.40732629778908,-1.9332268088374547,-7.939411213666922,-21.44671313664536,-30.28015787354331,-21.57784189356538,-9.97644915086467,-0.28476520657266835,-6.311618031593177,-15.686554231749081,-14.24151865556473,-10.299497221142241,-6.888470804898021,-20.132000772782217,-22.23741632045768,-17.826838081021148,-44.00619177847374,-28.40730112463962,70.89500558449001,6.407373444747927,-34.15522022436304,-12.560858094326521,-6.855899085835891,1.610118572787585,-14.792196247454102,-44.00135849161847,-9.850069842500071,-25.819693930810555
17,54,2,1.16000582899035,-2.7202748287974567,-0.15392516304670695,-7.128989455085701,-12.387755374923888,-12.291531132125273,-6.145152345993951,-6.714081612313398,-11.226703502555816,-20.69144340230878,1.630498443605243,1.6120302936675517,-11.42318002095946,-11.280508736591418,-6.649996205883263,4.213031772047097,4.3360565203730355,-7.533761433324288,-3.4278593444060994,-1.5712585146993225,11.623143270219924,-1.3229846931545324,6.787942103973428,-4.189718113201333,7.776672766430351,3.4292661122886874,-1.5928768136271656,0.2876869245835514,-0.8199564426932939,4.121171992573113,-3.6599374962175575,-0.06535992457917614,-8.73843466236097,-1.6007161834277213,-5.876498646041798,-10.506133605798475,-9.68412109516652,-5.646921456359874,3.2802945898360276,-1.532915465766564,-11.76089682080641,-6.157933381783615,4.726652767375773,10.338273152936155,-3.595503404710966,-11.707307960883503,-7.698038928517391,2.4324556263305652,2.6370719933382616,-5.190484327123582,-4.619222548147151,-2.927067478823406,3.9271363096550234,8.574638225507307,-6.193102159855386,-1.9052239823859278,0.49767781823884893,0.11517337903596181,-3.0661435854342995,-1.4111652236840717,-1.2600655867831732,2.3798406823969818
17,55,3,-15.211901409153992,-6.225217001261364,-11.266898166842571,-16.189510375692908,-14.041615465167535,-10.82164289179917,-8.657360017708525,-15.504662295667128,-16.214567357185853,-15.297100174490641,-12.527059874417844,-10.567020703561417,-14.94732374379912,-17.15597343953645,-18.269544379558507,-11.574892773429255,-16.693608786638194,-22.104857103126815,-25.990993122865493,-13.67190411914049,-15.57337674073784,-20.88249725067033,-21.21372129491009,-21.945088431057417,-15.904769105700451,-15.455173458631451,-19.021195174717327,-16.925302102344066,-23.4456004693014,-16.040526896715164,-11.657734916409154,-16.14817339547614,-10.356741266075245,-1.8282252910544101,-8.396545716951797,-15.775684644649855,-12.306849088428962,-11.467642984628418,-9.219339700370307,-18.98778190263887,-14.485343799551528,-14.684537505887146,-7.389599391656764,-6.904522223153896,-14.067502135274607,-18.183840694632853,-21.99598394933996,-20.196266444354517,-14.411386994281546,-20.659545013090455,-25.820800149222695,-24.242832446607157,-6.319673819333976,-15.446624707158024,-22.175230648096004,-21.27116980285542,-20.618183977765636,-17.45036962373955,-15.215748904908937,-22.754379885225752,-18.499289966937976,-16.074264898351046
17,56,3,7.161477064520763,-5.696963330594506,0.12983005134127532,7.748201054543616,1.0902453285199056,-3.8906689535020047,-11.811744238272675,1.5945120265255919,4.079005472626107,1.7918901985579332,-8.632868104012367,-1.3288521955170236,3.2411821221523915,0.7067669435040789,1.15993367827202,3.850354038526746,-7.969085265071668,4.1068519371939365,1.7234282577296782,-2.5576566358823802,1.1379065387995855,0.6099053874736804,-0.4562207517191411,-8.053791018907075,-9.103673346022642,-7.657243020241936,-4.16283354123418,4.355053640592549,-3.2473861932322903,-1.9302569371932066,0.7087508446647703,6.888290431895628,-2.640775274178696,-12.670837309120637,-3.185717594525893,3.2035724675146593,1.00945919422751,-5.171932062207969,-1.7899784795576474,-4.847958085638265,-0.022063153443813377,0.521845065931813,-2.680440883044291,-7.461728519430699,-0.33774087788883556,1.3317859200647164,0.963769815271583,-0.8712247650184465,-6.574067621101429,-2.954829753708753,0.8654173367838498,-0.17526696756107357,5.714469608589552,-1.253729197696397,0.837113978034566,1.4390478444103962,-7.944340853060305,-2.08421820781489,-5.889039221611559,-9.031772614273567,-5.043809310587052,-6.133501529068937
17,57,2,-21.4835652855066,-23.604791993593295,-16.265174428955092,-16.13831417564666,-13.116441208460346,-16.327360170098345,-23.613124378665816,-9.781139063137791,-10.799267161274097,-16.652464270228286,-8.55186562903407,-2.819420797750354,-13.726106067097229,-14.601298643923482,-14.020574263774046,-5.804922607616616,-12.413281279706913,-11.860571787033864,-15.468567683838495,-9.66119228614631,-3.968100463267325,-13.959158169105649,-21.653565899951662,-11.252169392412387,-10.191790475896218,-3.514825573509058,-6.360265331660829,-9.140970273125102,-11.27025271063989,-2.7654111191812087,-22.502378850993598,-18.817324203598062,-18.260190047141986,-28.810798639477042,-9.747930019548754,-14.196815185192065,-13.825528689273979,-14.014658783505693,-8.38461838887505,-6.4261060958478335,-14.894624495833392,-12.296701253391802,-6.233525237089825,-5.148077277222459,-5.806497727452618,-18.388384892605245,-12.820337860447518,-11.142947617055082,-6.876856128299015,-12.945647079861024,-16.435235098049766,-10.379922573727258,-4.3559914635062755,-6.452726202789786,-15.63048852562178,-13.356995816410683,-5.216226693288217,-2.2283201627660447,-8.817705763867353,-12.256410346924403,-7.579066134035227,-7.271937117721641
17,58,1,20.384410574396195,29.360177629241115,17.5645689825164,6.272745980565984,7.5494521572595366,15.063987983867715,21.07031675024106,-4.161053990922507,6.550200910375618,10.931694215935915,4.927325400773706,3.838342584601446,4.816817161740688,12.095162806623593,11.577754409484028,7.013407279166579,2.51960218402489,2.2307970714641803,3.1879419295526095,2.9953611057660536,0.17116688995156437,-1.281623751670406,8.344856489540602,10.313612849792323,21.89961544751395,3.3015162022784352,1.3915910000484084,9.373096467813523,4.0238295244734426,19.478065074069377,30.76233730210765,17.547507546115195,20.15425619010519,60.360184020385525,13.241509895590015,5.4606289442603,7.98784200551851,12.43012626573625,5.96803376574932,7.401117952375835,1.9521758764124713,5.51712743579069,4.681131671466747,5.144806949251402,-0.6431745217471363,4.817839201473026,12.990699127679928,10.513023098794422,3.482097441001185,1.7199655062797277,6.982013768539192,6.06983698438853,6.531444148092368,-0.7179007450311736,2.5042120473538882,4.904504727049755,11.759742557275576,-1.112981792834655,-4.706681697459031,1.015314701672008,9.668177952353913,8.051362303153775
17,59,4,-18.11703791996329,-11.998878482388474,-21.951208253822674,-15.631269948284444,-11.39188275377199,-14.173621774935045,-17.806205640551234,-15.735562105004373,-8.884388259719916,-11.793901448879131,-7.3135145365760295,-17.18048937182601,-12.565739614298426,-10.630673233078932,-10.883047015837782,-8.816755877183075,-19.759872590032654,-10.26032456946445,-8.582693946178686,1.44180121958091,-6.4488306194998115,-5.25893423498449,-9.463717827704036,-9.780225210919657,-4.951781197382909,-4.561461526741522,-8.742811254339244,-4.180580210258684,-7.964095500047978,-2.8316007033899075,-24.636073856455518,-17.389434273468282,-11.922276557241448,-18.67161092791343,-22.465346341452946,-11.437512012050925,-7.273584364359721,-14.761716547041638,-13.029294641461318,-13.0717617825764,-16.20432334429608,-7.852589281094143,-6.764941085100162,-12.427072343507367,-10.486907932112313,-15.353538578149026,-13.217306475064204,-9.952846954031509,-15.052986422962531,-9.749829680817886,-6.929507122465934,-5.497060155893516,-2.3336943816280056,-9.666338340606448,-8.806764391969274,-4.973724188541469,-5.289233538106354,-8.649039781107229,-2.7625495708226686,-7.597462166804913,-5.449002192900854,-3.7661292548404957
17,60,4,-14.945700548225776,10.351727497741216,-23.651563559908706,-8.906776181853765,-9.200041784481826,-15.412958851379413,-11.47278902488875,-9.136040681080107,-12.22685655669831,-23.180818139961588,3.542828357576894,-20.051899989021987,1.5992613114280305,-14.661055667280431,-6.241088155509403,1.8708005909319634,-11.154321927463682,-11.819427329001995,-14.698124135185664,-6.819816450437915,0.8576982806368572,-13.407662999361941,-18.649055081237933,-0.7040133861506854,33.17972742966036,-9.427082122394403,-11.287686854941628,-8.657396037790289,7.526595476265183,11.995151153731548,-22.598410803960967,-14.766730520238239,-10.309344490036,3.687759917524713,-20.975619363893806,-11.887961401944839,-11.333063643130403,-2.4679731033918464,-13.659123025402959,-9.931709629986088,-17.100280517939385,-8.109087246379291,-11.651314375604066,14.293316004264003,-10.274344072268322,-14.68190443443088,-19.904323120760488,1.7393353839473014,-17.250935282103907,-14.66967647411383,-21.301432955192357,-2.9566573666454072,-10.230927005024038,-17.242939605309466,-19.6149168290743,-11.553118132020739,6.988867246242029,-8.685266620655566,-9.14327886482564,-6.639727948596933,-1.1786422733467359,11.040855805832528
17,61,6,-6.017534614358912,-8.367556966750358,-0.5571822340532048,15.401512441566071,-20.713927399503394,4.2546570972857465,-2.4605065161680293,2.912206374074715,-0.9781860094517469,0.2557404208360471,-8.878280288789691,-4.200527257541557,7.6787291123963275,-8.709313740045195,-10.74161431306927,6.48647618237258,-2.9770251884971315,0.13643091070897428,-0.63092254343011,13.237662434203132,-4.803531205190754,-4.864346179475146,-38.923823026077045,-43.74513708890937,-50.487028827027586,-19.689078091990158,-17.44878241129606,-6.138539433127222,-22.34828532559844,-42.70947846043398,-2.7507544582391668,-4.666438943797315,3.7172295875853036,-24.533537289445718,-2.9068318632454035,7.587987587412413,14.581183256335809,-13.153521827308507,-9.427899794902924,15.060008244004054,0.10104570630937815,-0.5381369922855276,-1.0273141429827697,-7.606503835561255,1.2796038154558067,-0.23442268476923772,-4.855015865583881,-20.592585931463944,-20.91931326196971,-9.972337063174788,-11.621989018851659,-17.098284608573746,27.3216005759995,-8.533601864706725,-10.805266910391609,-2.3012428576944455,-42.9698357691125,-3.9942396212732656,-14.913345249528744,-30.592625148140083,-25.45949318859634,-28.01555062321629
17,62,3,-25.426055758498702,-32.24718267815868,-26.037824716873278,-29.654766017934545,-32.53733443287089,-30.94725918213316,-45.635980904102325,-15.447310046997016,-17.958772302585327,-35.955671176178065,-21.90495384529959,-22.43359227369471,-18.5500773472666,-22.61687890985389,-27.590158199755145,-21.44000406437498,-25.34486073509948,-8.26915650967532,-6.367659717576762,-3.551088483708841,-11.499781860674661,-11.409773786282509,-12.463419399019795,-15.112226368723112,-24.431674048253438,-11.64769519983632,-13.880007281598472,-7.311963476240635,-15.300394573294346,-15.714280439518022,-34.96936946562151,-24.412604642387418,-24.248820145091983,-57.397154197460225,-28.921330859384877,-22.59084796429067,-25.345894810016727,-38.52467806782667,-24.527068631678084,-28.22637110330709,-32.767561091973306,-21.1591826825766,-17.4268995135094,-27.851080835229023,-14.558158261292592,-22.04544879405238,-28.98040261050463,-26.895967895664825,-33.38572661360591,-15.279617980304293,-15.215244017260316,-15.571885801670023,-6.695048301139983,-17.020023474495346,-16.349278861611364,-5.389557854059472,-13.078591117680793,-7.929407651422593,-10.552869038792647,-13.1081329764026,-9.500822481585713,-4.230453811313323
17,63,4,48.763660833239555,66.36353062529386,46.19012112806484,5.342473757153699,29.475050561979053,18.005387419107826,46.46962006317404,18.859502820161772,7.764432840725038,15.435298511940173,25.240929518576426,18.892218809483996,6.068827031952571,30.35415062744446,22.949822456780346,-21.364929148507102,12.210131750146788,21.280668224503337,21.2279090303388,-17.549756061217586,19.96683350750585,26.697567670810496,54.17732592399529,53.89401546266024,56.060715067677386,30.081276587596765,35.71538111131364,30.523021062518048,52.8743725251861,64.14944631297409,88.34661345801702,38.50689517888351,31.715382043681096,88.35155580174629,44.4763476623268,0.21529322601968826,-12.968852432297037,30.129443054848387,34.10141489781984,37.36901274468844,0.4437883933324663,5.828608968499594,17.8849718832388,14.217784231642215,16.046550559016268,20.378807680454198,17.559158217093753,38.7402958808603,27.21252333136593,26.639241564564596,33.52819324048553,17.024556302422912,-67.80801337448564,10.216919651186862,32.85160563013903,15.500802700566803,37.66344472002695,9.561829786111671,37.73095703779199,44.23986916062311,26.688874653563282,24.66708256049855
17,64,1,-25.884128054967388,-32.150116727483,-14.642419045673194,8.958934163326887,-22.375638936419133,-19.92893534470578,-44.36871316862041,-5.913939962765518,5.40901191344076,-8.475840826882287,-15.286291016583776,-1.9643677216840971,5.659245553903465,-13.097973059499399,-5.97164082254579,8.61971433070011,3.273717763788271,2.393379173264271,-2.4125807448403838,11.869144618707121,9.52591554466465,1.9836053786254138,-15.005986450251381,-25.654514675646176,-10.884946790410252,0.33923175256477833,-11.93356670636155,5.796277674914499,-30.257697851374367,-16.182127851901996,-33.73950676883077,-20.712544647335065,-23.616695271759486,-32.45599538342254,-10.826969369408308,2.0935725559616785,-4.006082796241822,-26.312033294695848,-21.7376825718618,-19.870116353848466,-4.405708773828271,-7.5519891374449095,-5.770571417243383,-17.885067997346976,-2.427177334704053,-7.862749270935783,-11.529648292332698,-11.089034100503241,-12.248871533555073,-6.70963287257544,-23.820650396437003,-12.677931152579445,34.83876988609753,-1.2478737326497884,-8.915396866184185,-4.711443010604056,-3.569460420517203,8.536944412972732,-0.3465901899475199,-25.6929297421934,-2.8429268181051413,-3.9505460888101958
17,65,5,63.49065347779084,86.04802775528377,42.423583235682514,-15.576286371885331,20.9863443705594,3.9804125660320566,65.09670785432905,14.428316146913328,-10.013758088496122,0.7351184000329254,22.135168249650707,23.944757193417797,-4.425355211331892,10.238766406833125,27.37461252565063,-39.45971143972586,10.761585397881502,-4.726231960909124,6.300628555109496,-40.23389438158128,1.6565414230884397,5.453102166034712,55.52126775863692,72.22970143323988,76.98037690651125,19.57260618595088,33.84388295979034,9.753544944736012,54.422942453041294,77.47344998179413,106.7366216255397,51.96422735583494,39.427344416699746,140.3687824708659,36.945892652360406,-10.856439048151787,-10.513131262257506,45.2468033353003,34.81276286134449,31.444299606651807,-1.2325197396311538,2.1889310879036556,-2.2558660616462167,1.2415854072925154,6.726429716956507,-1.2847017940565393,7.153276951527849,50.92612835256067,45.60663131969729,21.780750844536772,24.652991016917852,36.7671389950485,-157.50923334970696,-9.559040403038983,23.976090647518728,5.199297544356186,34.82458192546195,-12.091038787180974,14.891763032459442,60.91526221065987,27.89787640477098,35.84285444530044
17,66,2,-0.05762874571288509,-7.6267513786328935,-3.8424545960137384,16.525856462193698,4.250677349999909,4.944663468657469,-11.6667044401714,4.257314282901038,13.525746156893133,9.19227470184972,2.5703294031412867,-1.1651879163436227,12.373940302013631,4.615867995134578,2.195063125183125,6.545211130685011,2.1824985116481654,5.707688365358765,4.164288423591994,6.89703159686178,0.92472944287129,1.96813106397735,-7.919343886874256,-12.614386924020037,-13.961478707244297,-2.906194614405493,-4.741381512469295,0.7416952721229424,-14.244548610397379,-17.508070415504864,-15.067859587055167,1.9367496069611576,-1.3219507260747811,-14.120237532230764,-5.704117358048877,12.624294083656327,14.650402704821664,-1.2514206952438127,-2.5578850672236735,2.3919483884975956,5.685300558169443,9.169261610385304,2.578781932024512,-10.99034501544609,-0.07678224192932248,8.002462556562959,4.875852739801862,-4.573016149139533,-10.01432323071924,-0.23510804008294955,-2.052199608478808,-4.629562768301496,30.86828858278147,0.6714298165085297,-1.743651809216274,7.050896604795276,-11.889235883247013,0.023746447245840324,-6.8197082800183,-10.305328599955295,-5.390892426046065,-11.99007719850577
17,67,1,21.34382772300301,40.563195343061196,14.024626300102335,-12.175732587432927,-7.097367658847711,-8.743869299614207,10.250910431873512,0.4860990825222763,-9.067698944166938,-5.437074768834,9.313471841739444,7.317734636911526,-3.8850299929972847,-0.8440876152457264,16.775176243356825,-24.449096018295137,17.621716747196718,4.565669791523094,1.0051308078009902,-19.3824419892995,14.4462552902902,20.682786419056356,34.053705685385836,40.32242349008234,69.4559697933132,30.386085041094475,35.30495784300514,32.26811561878864,36.31990023019792,64.65897944108183,41.4968939576207,14.32508225048461,5.2002955373467445,57.14136611586212,11.400022648456625,-15.3581195086377,-18.350643005490397,6.673922845503178,6.0184842951414055,8.777607357356603,-5.245588167911258,-0.8696376338470498,-11.119922585271462,4.20691174704854,4.8385076326340775,-3.9151128257920087,-4.718128002998302,32.32986844280628,32.950871629685906,19.349533686238324,18.265696885745694,17.683782053611637,-65.31583665856505,16.08442467141032,19.713113019197454,10.288555829791447,39.86026327784468,17.50253951604047,24.992258807296402,37.49390131879099,31.782136868716737,43.24641331298866
17,68,1,-11.333340201436023,-10.302683467840456,-12.769057447982318,-10.975483941754737,-9.464487296006665,-10.98462179942033,-15.170275908190662,-13.174081989427707,-12.867987096945685,-10.646820864617458,2.263440929262375,-5.700558376140756,-13.010766466037465,-4.503652344639524,-1.2447716640194941,3.030674189417169,-6.124916735866178,-6.00168764673134,-1.8588492525741458,5.6566965388043275,8.051061679347896,-3.701214273051335,4.0419249413421445,-0.8117563248918616,7.272514247142413,0.8692648547315384,3.1156444176463642,3.6163040976062777,2.9951686820401466,4.184812548320469,-16.75735755073952,-11.007466461418609,-7.453083652771567,-15.11364516568165,-12.776993025866586,-10.498883317429115,-8.857720005269185,-14.39814908072215,-7.530719485970085,-14.096851534198782,-21.972381847883607,-6.6331392283176545,7.678741124819218,-3.344199645026336,-8.44780200625281,-12.270032981524198,-11.86450348027823,6.436290027937151,-1.9392024510222048,-3.8288439883986802,-1.2756601621328711,-0.9088824017927394,12.281058540874412,5.561542385053344,-4.0789332570559225,-3.6760249492178505,4.9547630588455895,3.836983915804546,-1.4589226785138596,-5.662684182454714,-3.767860611173802,12.674420234451931
17,69,5,24.418916930149255,35.522547744396235,9.362660168655914,-48.35647206626284,15.323179202563152,-24.892066739317865,17.1785656633537,4.260272169962707,-24.729605001102154,-25.887206053588447,7.079187970086025,4.138305517992505,-29.743920585731185,6.116644495053263,3.532536210818785,-45.434382399407845,2.206665853112255,-2.1377590017353474,13.448122223066845,-42.92583002404468,8.074074687697447,14.487640234971094,77.15572814970481,69.3466400605876,76.36381087070554,29.429120580597637,52.32486125972216,41.07510840165903,74.66907042264938,68.44713562726974,41.524824494995734,15.216542558290252,4.4598867604509,50.51730421112803,6.023354010122668,-31.005224566634094,-31.05949859139398,10.011617952548875,9.072544427298963,14.120405649084878,-32.45654830554634,-15.637714610139769,-22.79773688825165,-4.330742076039314,0.4795823708040321,-9.972385167848413,-9.075177499652472,26.74866770389602,19.498553215912203,21.55386684680494,31.909021033201274,20.073902950417718,-129.446899053527,9.885779753758959,31.00215859929234,14.485872844642982,38.722765700119304,5.61629751238336,24.458546579963098,84.29853264587685,22.777296921828903,45.786936548424904
17,70,3,14.230084397353046,3.626608295797758,10.299328876591126,4.709483148626664,5.927346072500432,-4.429743800812018,-14.271986336810752,6.57922571602493,1.8023026136954028,-4.778750654309988,1.177031154494458,8.845263716668208,-3.525514434909496,6.144815677360957,2.620046748643423,-4.217059626249691,6.357151138884434,2.925828995387547,4.9251130695522916,-3.147687144225416,19.748281878691806,3.6127691395330888,14.210678354223699,7.934445528381666,10.904941884176122,8.859355332829601,11.479329832471766,7.748489622424194,12.117622763066114,3.1308903155220884,20.969571567390396,14.066624410836614,3.237671258018876,6.867465725600174,9.588221548477234,5.727911911087063,-1.3093260015678998,-1.7761875570910766,14.546423302724863,8.337077273521572,-1.3239465808018873,0.8293348106984401,0.8561712315805781,5.575621901166613,8.054969400786458,4.299865606510671,-3.576253698680203,10.756138781948783,8.480626256719068,10.233981043872673,9.466158648748408,7.600251545993295,-8.426592446363914,10.188736513376282,7.795597773681324,3.348407937634009,10.424313501665004,5.307172660893342,3.8914625276669454,13.260879854495613,2.3094789764344146,8.74471100930851
17,71,6,-22.42406957199452,-34.597457499493196,-13.731059798016771,-8.706909011277125,-16.862250701138166,-21.403608930728783,-42.54844745593825,-5.341103024167439,-2.47130368661317,-11.66343407871248,-8.527554050110641,1.4989971137015001,-8.997253142047404,-5.837205781805807,-5.87000594160906,14.794781231911996,12.800715382687937,-2.4804776425632418,-6.020239939061331,7.6377529587892,13.307290662257513,0.35939524152384233,-1.8732775002490816,2.003852986299045,2.883085385765653,3.335350373339636,-4.220077528868143,0.5673661590894554,1.0765985912393508,-5.946427473821106,-24.64076308106505,-18.051762308448364,-20.300895119767354,-48.540227613434574,-13.507758948543085,-2.008145409613488,-6.419276691019176,-19.63237500712331,-6.745066219338833,-10.742648341795194,-11.11020757476005,-0.6360565956593951,3.2701587779788173,-5.815106541290307,-1.0434737868817159,-7.5063838579680535,-13.584505024843105,-4.326461616085795,-3.2207540951061584,0.4358167565064266,-5.667830362370832,-8.123936324675638,39.9685953681062,8.56041431495148,-7.540230167639245,-5.527070925071287,1.2578652825479109,5.8598460784840745,3.306938757995011,0.8316553212168466,-2.084146108140418,-2.5964805912567175
17,72,5,-29.511746237735913,-36.65201375978747,-27.29281638489989,-12.737231227336451,-31.17946948747081,-38.52811672906503,-67.70695557536148,-30.803469752029656,-29.810999855944285,-40.24116880710169,-22.039881961601893,-17.656068060819692,-39.36031298230334,-20.015288329416343,-26.264877119805757,-2.2559262097177157,-19.38494298389046,-24.43475197964324,-16.64235244137121,-4.238353331289369,20.207015507195784,-16.681693437920952,-14.883791409024015,-29.310965384651954,-9.501171179365638,2.971638713917898,-6.41865148772088,3.606937772395636,-17.894843281428443,-13.148303580992833,-36.72259180720259,-28.405990647833512,-31.254580503170615,-34.422082358017185,-21.438681461825592,-29.785954630411233,-32.59196929660877,-31.358728234269986,-15.496822913177311,-32.06117879399438,-48.342428640621456,-29.88950147307138,-10.443082195275075,-17.622510327980294,-19.26211056185933,-31.5808870007352,-35.0050671673039,-13.813084277710534,-16.561157545415544,-23.722285864193278,-22.48249187247781,-33.04809387500691,20.490361849800127,4.13538375828506,-21.98384023548625,-16.45763494524106,-16.389569794804576,2.386537815535034,-11.290800944379553,-15.27745369310696,-18.422327291311277,-1.5313283750651083
17,73,2,0.7151593702373942,4.399757066116916,3.4340635280596215,29.33355771641177,2.2253263298331234,11.808570109171468,1.2889221069948171,4.991927813102562,6.119638438859,12.359656491157859,5.751610283958492,6.607372790291093,2.290109120604654,1.6998501689650287,6.781677862129556,22.484523929473845,13.556562394468768,7.9482364649998045,6.8549973109464535,11.315629467277272,21.3292914625348,5.788594640564268,10.603860775974189,-6.2932461181530615,-3.9813022435438365,2.523966707970674,-0.8637341035007531,-3.196322281458758,-0.20904102567129013,-1.537568592557276,-3.9096901875398133,2.572313273660612,3.406301168929332,-7.238187077000921,2.5886532770492474,19.082731601634475,-9.2049714912456,-2.375908987755637,17.971853869717282,3.6747865447683665,7.2517736894362494,5.9058119894527845,0.6286621128504221,1.2501942842017588,6.155336242305429,10.0117501785479,14.940289900206562,10.203152700509063,11.646913754004173,5.8264327398047095,0.9720540411270606,0.27175574366247446,40.47181589683381,20.12524350169228,2.141221800722503,5.458416567445255,5.846319589164769,11.43216155121308,11.296680461513114,-4.981178762890946,1.5143992365735426,3.0598913184707848
17,74,4,-3.9829615663010154,-2.205679821895389,-17.905724508937734,-0.7601994878907755,-7.560982728172548,-3.6603341962142664,-2.2942692881858924,-9.866782514628294,-4.0001792463178685,-3.4593129082492027,-3.194735148989753,-13.36725194643184,-12.267423890599213,-9.24581547508516,-8.458094133302664,-4.723033631809638,-14.223447285606763,-11.055488485567528,-7.709521365408762,0.5270031990494759,-10.136554434986373,-13.562526127982254,-13.72091196319116,-9.757452589276573,-9.265341739340615,-13.316139939263833,-13.338395477477,-9.5903616238658,-15.65060380064859,-14.747721176685346,-14.1686682016674,-3.88642469355155,-2.026721699935635,-2.9686327737006475,-3.9889131855310462,1.3809861523530818,0.06200529453231117,-5.867108273251752,-13.338263294807195,-11.967028213108376,-5.941185241996695,-4.284475474036299,0.7115162735486893,-0.7351063688444659,-13.122849789198213,-10.218903527373635,-9.232240927899714,-4.179630388747104,-14.504870008586394,-16.276957348818197,-11.523311968347645,-6.254241816852835,-10.617711852372787,-11.914497377328205,-12.985961824791831,-13.635412715210744,-13.982976772799717,-12.579398369144016,-13.797273410393345,-18.486052044008563,-12.010096381664024,-8.654005478868807
17,75,1,-17.349636391441273,-13.118906147778034,-13.376726544075993,-12.915263497876863,-11.77955733675782,-5.7955923087940295,-3.685872224954569,-14.436997180888383,-20.190903958688473,-7.169869481858503,1.9244255793576188,-11.924212349800204,-15.831124993624655,-11.93379518110305,-4.689043192016869,10.234101232822715,-13.867647073038553,-10.635434600499046,-7.435228617259917,2.4730830988435017,-9.222020936198533,-8.132124295906827,-14.572754828111712,-4.660126570994094,-4.675180017261019,-4.410626344791637,-8.81215100501459,-4.810865497670882,1.4901357836930489,-0.8162772813641528,-15.0163868767885,-16.336678217062964,-11.03248745103071,-12.72514750108849,-15.457241491775218,-13.063008713646697,-8.612752797207001,-15.078223918973492,-10.398294530899783,-13.972275883018995,-14.577420002249882,-6.763305892963416,-1.0842575750245542,2.3379026086001504,-11.015654547866895,-13.21336282963478,-6.1647747418525185,0.8168783966131026,-10.031120014075958,-9.173529995139688,-10.743417907210928,-3.751640921072447,8.202858678317943,-5.5932965336066545,-8.187877352823643,-5.260737755494877,-4.430068435760716,-5.166148715039214,-5.636545173633598,-3.2014563893558576,-4.110218556200315,-2.7117982249729673
17,76,4,-22.7821423388427,-37.076636497385614,-14.797787098077734,12.51374994214943,-14.600493081118447,9.384158194672729,-19.061834573450437,-8.174747658711741,0.2687137504264424,4.052325269877456,-4.6177796754849725,-10.516582000728063,-1.5931533439675487,-21.376652074296306,-9.376150476223811,24.492392700943498,-10.961716986647463,-14.29141626884115,-20.333286568159,15.019753492993814,-6.327537255543403,-22.1209686313097,-66.99042568410317,-56.543964707996786,-46.66839313289013,-13.770965880049927,-32.68833796854881,-33.19647628904841,-50.40109696039342,-48.8156626617036,-37.5779335288013,-19.109736318359293,-2.435653889801626,-38.52034944622982,-10.2923191807619,6.498439638398403,24.303467098078357,-3.2110992227567414,-11.801800814521128,-15.194178791671273,2.25120102346125,2.408204191046337,14.511555074080944,3.5217991628309306,-6.913263290825229,-10.55339806186172,-5.374949295051035,-27.406066062246875,-29.06344918543244,-25.12746342144362,-34.82122759339288,-26.815734845109095,59.601439299016434,-12.987705320869454,-37.6953673101053,-16.090135861097323,-30.74257047438039,-9.8384310800991,-25.92101615949013,-46.26910378838459,-23.5129323112892,-30.69840823804461
17,77,3,-6.419757636505318,-10.154289103680986,-3.759456233643903,-12.995472478793888,-12.739587832219529,-20.100102304503697,-21.924985078109486,-7.935491526337553,-16.488511360011902,-16.221336572240777,-18.30571114871559,-7.945302736741013,-16.590410827417717,-16.741173791971686,-18.35794144196483,-14.990440056000535,-14.422027873340994,-15.879195109509466,-15.600970724552152,-19.23493738726871,-5.461374401114881,-14.110702751488306,-0.3473235797137022,-11.264541565009,-7.623228567198105,-0.10387132662098619,0.009161929269150784,-6.519601006950986,-2.595602869226529,-5.410743349299927,-4.4379438351181015,-7.4813749587756835,-16.281009383442836,-14.401155105320642,-10.965913201151297,-18.493879329839086,-21.20568958856165,-14.040449212878801,3.3775650506339434,-6.753723108942238,-19.920675318824454,-18.490909545795947,-16.8633929525116,-13.677398865270169,-11.260213182625801,-19.054476352999128,-19.457492823826104,-12.348919352016804,-9.261301704546119,-11.583814339348809,-9.771267645361998,-9.496962897116083,-29.809713250071553,-13.724014053112686,-12.06684742774104,-16.052033342784508,-14.20552022967534,-7.49865278887858,-11.759754608351198,-10.11039123361612,-13.80262385889115,-8.540166729851055
17,78,3,-15.537618743255734,-7.7403016120717885,-14.195504675850714,-15.489139983044357,-0.022303686942905257,-13.253292958547432,-14.888228085936932,-6.30487285316468,0.4144268828279508,-4.545794836495336,7.967389962255454,0.27975138855200776,-4.313103530044871,5.8618539690789655,9.88580377738378,-0.21654371159696287,5.853293247275314,2.9214284182753314,4.720003736909571,9.731421749448266,8.221687510825424,6.874367235560631,17.78080004268815,10.38749737133238,15.027292238786911,9.641161029249792,14.092595320989986,14.110943217387007,5.985960778235121,11.667738486030256,-17.59791018259882,-13.746161412432068,-14.933400451523699,-17.340690868520525,-4.290739771546569,-2.951811912424134,-5.669224994893114,-8.591218633554515,-8.637954080375145,-9.36232340820815,-7.945795693593787,0.7804110792533672,5.901207008569432,-3.5228212013863365,-1.0288772462901281,-1.3928774993230637,-2.240776645701104,13.784432244198909,3.535457895243847,2.547003796710292,4.1192001323329235,2.544659203026307,-6.3569708005582,16.565726502771515,5.635595269870331,2.8931851234832195,12.216071507248957,12.655411037874822,12.174494020788492,13.037230219101394,11.761630249591596,17.425192305733034
17,79,1,4.890725798812613,-1.0573729775681324,-4.518429289029615,3.365974263684179,1.7264341443504494,2.6588826699682095,-9.842879701314905,2.3394777091765193,6.072770739025318,1.7351993113392727,1.6127516908525708,1.646044830803009,3.669351880733925,5.052887048015777,6.348770777115646,2.6982957620241868,5.320470640083728,2.8389830758692933,4.57330468111592,2.1174753122798355,-2.853459426678897,-1.0036037844015153,-2.861238648345491,-5.69790121591536,-8.804624193427491,-3.4126856337960167,-2.128140135372922,0.8775852156644003,-4.80844881835325,-9.730507892374762,4.555028889305529,5.653041416188564,2.846702231775695,-7.7788130402431594,0.5103385699231457,4.27467633530543,3.3059648511272566,-4.497688710928055,-4.881491700868782,-2.3315782343483207,1.2509637866765497,7.417313574026793,4.1270995794131045,-5.216382971124317,1.5648139018690357,5.537831992830896,2.9064591467130634,0.7535745304236869,-6.217954808278241,0.9121768721634878,2.5313010436806422,2.060255341596686,9.818796647292348,0.010003573442922936,0.7947070429345772,1.9929957511187413,-6.398776600191298,-3.596068510990136,-7.500035500517347,-2.7392359415733676,-3.5316344260056387,-10.363137760159855
17,80,6,0.37336656087782316,6.054398812989633,12.435404683213406,0.3842959311796437,2.3696688418305007,-0.4739433519525148,-6.445836736786561,10.676675240940805,6.577530332247543,-13.159846172259167,-5.01638370861368,9.49948785226883,2.5179789827273398,2.3774961079087484,11.892963171732138,-8.564586471334644,9.060220334588028,9.248556824719035,5.218270654517521,-1.409349697937327,14.157353992642069,15.164889465472315,23.452730416706427,-10.754647837474753,18.352350423067083,5.487080730151432,12.067592848228612,16.697384075420658,16.258032437141352,17.33772099490573,16.16915453218559,-0.7987108174257151,3.4135513375172515,19.678641621659448,12.577510653040935,5.605368172954314,-4.567256839582463,-7.44833433547444,-3.149442578234324,6.6504651504318915,6.108564778810321,-3.728291245915634,-3.2966586529822446,-0.4660679625301827,12.397314012050629,1.8995970611960253,1.8565166812480949,11.872102392564825,6.078818523870186,11.952515769477301,3.655584932046535,3.814055008575229,-33.72887818188202,16.981992986870974,8.165417434480156,3.6848982668413606,11.733110392670618,16.890133254048298,14.027824542072041,10.76986960058168,14.563087882644426,18.621052119790065
17,81,4,78.64389203234414,101.0960845482059,62.6095453340833,2.151501892906864,28.196059823127037,8.948930587528682,72.32631029297666,24.63642250982727,-2.995481279258413,3.964974336235259,19.363084199861067,34.82808087548106,8.944445781557388,1.2946813227949516,27.02305657630106,-15.422842236462886,24.29045761540169,0.7647804201739598,1.968696199993532,-17.45775195120312,29.157485178694508,24.47756767200259,42.09691584182951,60.969824740799424,96.21271733685231,55.70308723609623,54.128017294697656,38.1945480293617,70.3059973760349,121.26626024013606,112.48030820852367,63.9023631433161,32.46445991888516,149.12567347433506,58.91455910627433,-0.1635560112176229,-21.329435779554085,52.391747900988996,59.16203951472192,47.14600342403099,14.854033141723464,-0.16620118082955304,4.17191126968757,43.03820175732055,13.179853254863874,2.7956262267217418,3.1540957324081886,63.06901245509703,78.27908621474008,23.899957706288582,31.704957792853428,39.85301336064571,-69.57233366152134,30.998683786246833,35.79275226520327,7.342443114044379,53.48524001822239,16.293020864119516,30.49157934217919,70.195633050872,36.32163130764555,52.09575272187954
17,82,4,-42.474466547733385,-42.0088917016983,-30.650157723848427,-24.28202922617243,-30.25351375802532,-33.80907481227345,-72.076185031635,-15.541382238427847,-11.497160786808255,-42.99343814155676,-19.25911660874034,-19.125078380718364,-16.06016119083436,-2.9244343255442113,-23.421180725097656,-11.692843574564904,-12.373579682464271,-1.3367876899087958,2.423329794711275,-4.808112173227641,-4.015509253526787,-0.5732216122304656,5.160762148977417,-26.650651905958256,-33.75038828282822,-11.373895602664213,-8.451228736740783,2.6878353041574017,-21.15383213031582,-34.1883933910782,-46.33394673321302,-39.0560576763095,-31.287212298955865,-51.88768565800135,-20.539874782104324,-23.13239966065298,-27.10710104185204,-36.418180096803646,-23.13247176577769,-30.888259823365924,-37.840286806680076,-20.921369328099676,-24.001905100374678,-42.22787621253875,-7.040520334761112,-8.510396554941169,-20.659100134857,-28.779609802928658,-35.303358673140785,-2.316500755555064,-6.419781719104434,-46.96699739374769,-0.4762279082362251,-4.86084734126017,-3.496333333359828,1.378052428137603,-19.200441955066303,-4.308702916449232,1.7296684548803958,-13.974367886599966,-11.609676915050555,-16.246357563792216
17,83,1,-1.175407885051356,3.7256219437936444,-7.712455154033144,17.056611058552097,-1.1335059491485908,5.759954628602761,-24.487439112317556,2.0299199866812416,9.907614351954406,-0.04940468000202676,-0.7834890602162194,-0.2683651099001379,-4.748295065833302,15.454103371900768,1.6237892777113818,9.240284730748435,-23.405706289633187,7.945459088128872,13.749720325307338,20.179986717315717,19.34110519008301,20.15616795832928,22.302403634913816,-11.346542004404998,6.235268675699471,4.219199785372105,4.284908224533241,7.082734912415271,3.3954197273748696,-0.6157969247277186,-6.09853707290277,0.2527826326649363,-1.2948015495714529,-11.424622931858382,2.897381367025578,6.704450746748328,9.319567829733948,-9.133022740744515,-2.5695238133846994,-7.759418988475436,2.4471603610166706,-2.105030964060528,0.26098258793354034,-8.984616397562,3.6541421074738185,14.424336278402222,-3.233150438564579,-1.3735917184229298,-0.9478747459787231,7.048071067598529,6.99692297454288,-2.618591837623304,31.935160177146493,21.89628495121511,2.393836057540484,8.015111238638893,5.118415341871547,7.577118303321534,3.1378999760874127,5.861890150642977,2.0625518170886745,4.496402236757938
17,84,1,-4.841621702582366,0.44937935685057606,4.0227113470844005,-1.2015711249011312,-4.4435467479705135,-4.326401532196056,-3.3440553148890446,-5.677617471756007,-0.8530692240768469,-9.7165845955563,4.208246363806765,0.5980622607578594,-5.710670144603831,-6.856187659929076,-0.01890104988635266,-0.5628814041705397,0.5146309712492829,-2.618724136090861,-2.2041769954716672,-0.020067289358049717,8.771066519999644,3.643152559085226,-6.484841047536316,3.4699416680306916,9.306245741235637,5.8358110213288805,9.029211569497955,5.2972051238729145,7.777562491186871,11.139304510286514,-2.522559935068031,-4.1886599977705155,-4.499432112476454,9.861840934072413,-2.5904327545133303,-1.49055659744559,-2.974151608761306,0.7315113306465761,3.8639406518238357,-0.6204379798799025,-4.456700501282037,-3.9471073947256325,2.7689220494159112,-2.696396090499149,-0.286484537691606,-3.0942425721072313,-5.707760436051502,6.097575204666963,-4.22517545911961,2.455817309628445,4.587468381516817,0.5572062601766925,1.4090372767390278,0.5724642140472802,0.8416588722569207,-2.06894834348705,5.0329039769372095,5.829907505773008,8.71969009708704,9.411812195054642,5.673938323155885,4.0265588229337546
17,85,2,-28.905015042278823,-16.765136674046516,-12.889869800746073,-15.485977737630552,-25.99610303923851,-21.365193698566596,-24.490408816034115,-15.090559981286336,-19.55424618078167,-23.8048274332839,-12.180650137728318,-8.644639149316726,-20.519182380947576,-18.280329523221933,-18.142804319175287,-10.15654954631393,-15.250965834555515,-18.909460558306147,-18.512383473514596,-7.984896209704259,2.724242575353058,-15.457421903748344,-18.465383629609892,-22.270937977767556,-1.243509155947988,-7.288830215361238,-10.87521979015139,-9.425182408516909,-19.148392074264397,-4.370275435810226,-23.50278439390949,-27.49678358908105,-25.152833088596402,-11.316531174793473,-15.64187475502854,-17.793989863590244,-19.14385905065262,-20.417872130325655,-12.588993167227835,-12.743723859141651,-21.641951316297526,-19.9806364946885,-5.752848736982988,-12.738962610056277,-11.498916168759648,-22.028760077443163,-22.248417889588605,-11.62503095829813,-11.927723216869657,-21.487040160996152,-20.659520935358056,-15.6562549141122,3.5732959295373115,-5.651490372787348,-19.074062623447045,-14.704544711926186,-5.0090853866280565,-7.681266060553306,-10.364460355079755,-16.533311038482466,-11.459370796909417,-2.491298825593619
17,86,1,53.36109641485102,83.48363784214524,22.971837438302256,-34.70393770206264,5.656648420887756,-8.111395691101231,37.89125458060243,1.2090858144731058,-17.792571088106072,-18.82040235872676,10.54054496659921,-2.6162592925858212,-20.01543263255097,2.0442039330558086,7.316484326550666,-44.29563396805671,-4.899635108505806,-7.934132859275514,-2.705846619519702,-47.3570285944677,-18.17582092634062,5.654111496740719,42.854097408310665,34.19593195144724,55.844447822832514,25.74139670973145,42.42511007189751,26.18618289104142,55.13890732602197,66.46379494521673,76.41909516415355,39.59679213765915,16.873661132302228,113.78017149356809,21.160300697722462,-18.522447216949175,-29.670348735361504,26.835176969810245,20.53041229796846,11.705949256332913,-26.305311984768732,-11.77350944816703,-7.109078650703516,11.822938229252655,-5.455975806488225,-9.988640953491371,-15.717827428382169,37.174375932186656,4.844807859601047,11.167692017991369,17.59289625359746,16.413520655526614,-146.31125396853534,-12.367159146361239,19.722046574232696,4.242321069284183,29.19032119032815,-11.198472020829593,3.5905497684711354,59.4161925907815,15.71163529339361,24.557019231522958
17,87,3,-0.9921814086392693,-2.929387951042595,-1.62451075499866,0.25467035570749724,7.1160882172606295,-3.9314166726629667,-15.348164127549015,3.379669062089084,1.5583452762263583,2.199559881647186,0.5214483258200853,1.528334500904127,1.1737607168715172,5.368504681033878,6.724181345232379,-0.9609202772787802,-1.055918110943423,2.721922078896768,7.29281000556742,1.0151704437576403,2.0829076665061788,3.481243820747407,3.1212353744634953,-1.1412851824084442,-0.8041935861252654,-2.1237636065769294,-3.850125607387046,-4.1466258148770665,-0.008260187176169817,-10.572395230170686,-9.904656602365035,-1.0307890418349066,-4.559044761083474,-17.974787553272602,-0.22200240828551188,2.1576819935268365,1.4629626221551608,-7.11409225278511,2.855852121373686,-3.2304691103707297,-3.234244541151496,2.1090708864262173,3.905481928648572,-1.0238874329980927,3.8622212710722166,3.417723552187586,0.3240099932725839,2.113579678951148,-7.125911416480224,7.401586829366663,9.104322595476383,2.600556563471002,6.167131255267235,-0.5455795483459236,2.6872942303875225,0.040218708377967385,-2.617173050746048,-0.4859308562604947,3.937139851995174,4.8648511314404015,0.4425739981461224,-4.435334681135761
17,88,6,-30.59718221171601,-35.592801107866,-20.529245982355448,-12.185856331366951,-23.482019747539276,-21.151920449624715,-47.46338852222374,-11.727014481964543,-13.425037058751755,-18.344703472605563,-17.766744564946105,-5.725278777632545,-9.77553596118147,-16.01961789988889,-13.65366439266903,1.0595492456994222,-6.596359206863295,-6.564773424937413,-9.758654948732838,7.196068697417352,13.540450911560072,-0.08161567169718609,-9.378771662961961,-9.127720398828387,-18.910698890050003,4.121893382994692,0.08169987319014638,-1.1988297424665306,-12.082574237387899,-17.994049369948126,-32.11309637601781,-27.9475816488266,-29.43573339646911,-40.06530057657053,-22.79990099988333,-12.497121329623742,-12.454678262606633,-33.21421088605393,-7.415570188154714,-13.037915538496732,-17.028379786668765,-10.654179243189164,-6.9432861098065635,-17.08817279629591,-7.129566547730598,-10.127127900992225,-12.367483725453289,-12.322708106804175,-1.1882971822136514,-10.049191412785682,-18.525849902956953,-14.620812833854345,21.454155821728012,5.257455333862907,-10.83271660636429,-10.983864324121948,-0.08989990378798117,4.456688526131934,-3.2477348865146145,-12.613521160648723,-8.364611182566277,-6.1060638483429175
17,89,2,-7.9301169809272025,-24.42287275969143,-17.823700007210235,3.8966205447185307,1.3779321317220228,5.4531983004474105,-14.819321316865667,-9.611847676092573,1.0738573013691295,3.073922732754085,-2.6828816337340577,-4.738820549543585,-1.0332778897391983,3.9019711082346924,-3.1288462279637055,15.705731734633446,-7.718358615697245,-6.104416675150125,0.8142812962802829,5.660952880796858,-5.5394431388902845,-5.988233338422479,-7.147469561104091,-4.893154511414185,-12.531027674129817,-8.02010106772934,-9.276535637682398,-6.812494153474888,-14.320513202479434,-10.305821645305002,-27.39498026832575,-4.512910469119983,-0.19594734107576017,-34.7218289804168,-8.429141544623347,-1.5209640767538861,7.891629735144165,-10.09183896816813,0.45808431530575633,-4.610637693291123,-2.415586534301214,1.8580557706016236,-0.5327023553048689,-3.136577423843671,-4.401728904828791,-1.9208183502551255,2.4030942237231736,-10.852723775965325,-8.073305181517243,-14.339510450582582,-3.2447170131362806,-4.209568944464367,45.97417868055951,0.4864718769449825,-7.254851760660729,1.6426422001294243,-10.522088720349641,-1.4035423114986685,-8.196173638386488,-9.051407087639696,-7.637175856907734,-5.276981519239884
17,90,3,-12.857911395343459,-17.205101624358353,-14.581568014538263,-9.586874752538279,-10.49736837654307,-12.01002421546955,-25.144188086718042,-10.534112319213948,-4.021689331658731,-9.661540895791315,-9.995674756242009,-6.489830781231497,-4.540829109459569,-8.123852109343453,-6.954985030449743,-6.897368206625534,-1.4560250229224918,-1.0587076450266495,0.9870114157476084,4.5809155734392215,4.207464771004528,8.97112598778998,1.394368452815022,-6.364774120653549,-7.428399360670547,1.9621193328327144,2.9839386843690066,7.2288929236280515,-0.3763003331586354,-11.716938843544597,-27.155146921967805,-12.706559095986,-15.44996723741656,-25.867595799494442,-15.027881402647264,-9.779010687772999,-4.275361685843277,-19.43440774230786,-9.91348190357619,-13.600628699806355,-7.696259348403394,-6.477470618505148,-6.719636420973448,-14.908295307830883,-3.5507036985420615,-2.111030705454873,-6.913659984927355,-6.175090910693654,-7.143754397223632,1.0546917831752365,2.251381322559787,-5.710946635138697,9.643541693233141,3.1139491008730893,4.30395362803304,1.697313221307788,-1.2632398278248023,9.960361625749346,7.2395578284816,3.75404553465182,-0.2721524754675426,3.3571129475788397
17,91,2,-25.111267744586247,-33.7556785526799,-24.635773464094658,-9.73389849302688,-8.817910204664235,-16.41174117961852,-40.76202779615059,-17.866756245119078,-0.012251965235918816,-10.02641892344861,-19.276574899783217,-10.161382998368229,-9.527731101128001,3.996644266571551,-7.033101811278158,0.5221577301257987,-11.239676880445792,-3.738631400915724,-0.388023290783167,2.0862742434482935,3.3235552405438784,-4.308378291202756,-5.199297595405723,-10.862029903000455,-10.325564230042628,-4.494358189040566,-4.945757448786822,1.4601490737461456,-10.32622558909764,-9.352428032721322,-33.341936880313796,-21.692750725986013,-19.705369842022936,-43.429086672096695,-18.524551353122046,-4.817406316996246,-7.098906566014106,-27.583088420717644,-15.1307667182395,-17.075127337346547,-12.008593450304657,-7.039943188851946,-10.57720460291248,-12.918966756145494,-9.841136369672485,-4.211576884493186,-8.18677120656911,-8.805730350338285,-12.70021081370551,-4.903867478686863,-7.502476254977833,-9.85483116084119,14.071457945718992,-1.113330501290719,-10.422509929301537,-6.096793744985651,-6.233681570829417,0.7135842711460296,-3.8387273152972154,-4.489392565699613,-6.079588092182101,-13.110453472995177
17,92,6,62.65654504008404,107.7707050050177,33.380195526815015,-72.1529070938506,14.61945413316532,-7.62077569894538,73.25982861111804,9.013989838112783,-16.84108933770074,-1.597686214077217,34.796663293024395,7.353372465591971,-14.358014596478526,16.344325359002127,10.58538058511459,-77.07416059912704,-4.0056259070818365,-3.0683078298220288,11.20443593206384,-71.6886548821519,-26.982825882369415,11.628481676892891,76.20181734968976,88.30870339056342,87.27041184029936,22.828060129929977,56.510431187908814,11.117337581724303,72.72806496009596,80.09340023994446,103.5044933295831,46.39198403532912,27.829450442296693,128.05235071007795,29.00662582095075,-28.972791588161048,-50.660251934353916,53.07879643178564,29.506131252137614,26.110747596839584,-36.337790905702384,-9.336076115559019,-20.108266261656116,16.63383974825463,2.922702888526568,-9.29417414098365,9.409720263284877,42.27753331603072,0.2631709658109196,15.980685778507382,35.2549161009672,38.335054743580706,-201.93520239504386,-1.996963500522258,39.59976145261672,20.168660336151344,47.29472258178201,-11.741887595777104,16.423476174473763,87.2284128287943,26.867472158699485,48.447562240972736
17,93,2,10.552616493867296,10.596778946133648,19.172932034948982,35.77118220587444,16.98822121681054,14.267489558494674,39.164413798146136,5.069467553550878,17.681124950230988,18.277455827039557,9.065390486111191,-8.654498461406773,15.959211734316614,-12.643880544820943,7.163533016786595,6.58593488325615,-2.0486045663341583,0.46635657078416237,-15.937725569235113,-7.231814703333381,-8.580914384935317,-10.510245626928608,-30.795389963461602,-14.999626059664367,-33.35273411637172,-11.272200597098049,-38.49443885288769,-11.431163526980622,-29.960872976822085,-39.846556528675826,5.703131387873391,12.246996020580202,20.472098106654688,15.786060939838249,9.447666430664132,27.471450007991958,5.313977985438413,17.38840010271566,-4.057098604008986,7.562461684571532,38.089835192167726,4.141708125632892,3.7385112532164615,7.686099548347108,-6.411978459530848,2.88476870971925,5.285025384538329,-9.095821979773664,-6.38164307103242,-12.087672225256426,-18.275844649093713,-6.132780172581014,17.319577811001913,-7.318215623497963,-22.890630544636032,-17.846304236048063,-21.509415857493877,-16.39498028840597,-13.450803354836811,-43.974786402157875,-16.49121670562364,-21.50702315891479
17,94,5,20.02661443737949,24.626334909622273,8.83135245913049,-7.551820801275711,0.2934221662126653,4.02147284677116,16.011081208906532,-2.9461848693658474,-12.69896030326362,-3.7497772834286445,-11.205542129146432,-2.749708417394175,-11.41240695655835,0.5967276398228802,0.7431982080225015,-10.488290687182507,-4.036899096815189,-3.362090730142394,-2.0024582990104456,-2.6071935179643333,-11.992421813218339,-2.91506794969716,14.340063544796637,10.281858736456071,21.628689249296023,-4.777740642064952,2.909597272337299,-3.04686984167684,14.006927641548728,8.661844806950086,18.726534586490644,14.663917101283628,11.162678268147491,27.914396669443047,0.42776100105810466,-9.040730148667423,-4.941741574033188,8.828045990272637,5.404334763519284,1.4503980268974126,-10.21494777406361,-0.48412729267076315,0.7492700951946192,8.254078945066931,-5.7435665910030025,-4.842210863058159,-3.695238491883729,12.271680256056529,-4.088588211282227,-0.22729275569819407,5.1060430493841755,8.359332840367243,-24.725493014672296,-9.730363679186604,-0.06632179617398937,1.5869011822633614,7.757399079912318,-3.4321036777890694,2.080935833904689,11.647502895697343,8.195656612878903,14.511110205385021
17,95,4,0.11341792226928071,10.704341374791971,5.815515310753408,1.814338148003671,2.6409796519182267,-2.68515411469086,-2.8583048964558166,0.24226204839694077,2.982027017034409,2.2406683334081268,0.6374994033447852,-2.0096723769816975,6.460818018219093,5.46103771289856,6.736830080654927,-14.460827775867418,5.972049627748388,9.671592679522117,6.7098372874372645,-3.4974514893341277,0.5248149211515628,6.574368186556256,12.089668104544328,9.216201600595946,16.04557673196967,-9.038698208313892,3.943536397308204,8.74293145905363,2.9400528658056504,14.431298039419135,6.552232856975821,2.802022727024627,-1.545804726942329,19.081084360618423,1.3113940616660726,2.787798899384897,-4.904192147215698,-5.738648917117133,-1.9946550157080163,-0.422001739134785,2.1315187701001403,1.979854007373655,-4.650002750886103,0.1537448102068839,1.8500360092602492,2.29756369195288,8.231967648177513,5.999739826259364,3.0814615440804793,7.710242804173928,9.938743416060952,8.408473001270577,-22.693673028406227,-0.03550546441408997,8.706103423070848,8.553320474454154,3.3712045028692184,2.654133387375623,7.383792009454489,7.275652389019368,7.008177062411362,14.024181400630159
17,96,5,-19.1684352708299,-44.05200145593502,-13.016802244160955,17.048350857247087,-17.741747687227186,-1.7466456662897583,-38.808084491549465,3.2024302556060196,4.685784764576522,-1.2899680922898191,-9.228790139864634,-1.4665937179035116,3.9765890649315443,1.5164672959959364,-2.881750771105743,28.66914944714164,5.593825543412891,6.424807574369992,6.934689285386948,20.458607754420203,16.597384508534496,4.695668079504154,-10.366588473388159,-17.47191565656443,-12.503650147376998,4.546299827534973,2.5728062656594504,12.839575422428013,-3.7800765185298895,-5.044831317285838,-34.465403280970555,-15.089754439617808,-14.771287224459925,-53.91790620655548,-5.025112747010298,4.975960603347276,1.8495671255968336,-22.124347234826253,-9.435210058755219,-1.159572946963969,1.0833197623326603,1.3613878644253246,11.530369723192981,-11.386760683866541,2.4612279462063027,3.622327884666271,-7.877730531697496,-11.547972124674725,-9.598549624745981,3.067069399920176,-3.507467149893142,-6.977132289795343,81.00114084162355,12.465487425828842,-4.441695158233547,10.237984891978046,3.715281818414154,16.046093730755683,4.080087518364918,-17.7864029557677,3.3786110070920192,-0.9010551387668447
17,97,2,32.80197232452837,31.835701631972707,37.416673990284515,-12.36584842186875,50.565326168125225,-0.8713209018474681,76.10776967682483,27.036703285295516,16.068301463272515,39.558160050613125,-13.58137887909373,29.34675930388179,15.450231797084582,-12.083067219931538,-4.356821065019003,-21.44218043328784,17.69990577966701,4.477657539997157,-7.845363189287412,-27.079999986490833,-20.057106231407417,-6.032828555964841,-45.62398122325997,22.5464209267279,10.285237396999097,3.5719132169814247,-8.882212022617578,-29.066455025135035,33.92896149798138,-9.518460940819503,34.72924736382939,31.425867694180177,24.246331280324515,30.940225542454844,12.832914354461364,33.039929668350936,58.27584557724753,46.66496642442737,26.226846463069695,32.07911784601649,71.34555095797629,20.295713011084544,4.230898682999127,45.20585129246479,16.789808953362634,-2.243902819185721,6.46171994325591,5.939141242060716,96.04923361405825,2.8770375546158817,36.18949264651392,12.940789489731443,-41.447224764289636,0.22261558466863435,16.728633289248123,3.1818820750198853,8.550266504003783,6.402660327986243,-2.4754517429235676,11.942307777521082,21.249166592978316,-24.131602681097103
17,98,2,4.419066917060349,2.3829188016129725,10.737838877251418,-21.449370481954062,-7.375772368957904,-10.234810651575286,-20.532985270500372,-1.3705137353234285,-14.963639674299372,-5.393766138239811,-8.325414491431193,-1.7906517992931892,-5.571077026154208,-0.03340136396085297,-8.066728346969747,-14.847528451826518,-9.004984259923422,-7.360370190521678,-0.2528788452377414,-8.406152434283634,1.8495790999490644,-1.8530779476277532,13.155265165549679,-4.081518415032276,-0.8782464594398509,1.117767116211056,9.097565385444858,4.7003693240723114,-2.039827426191328,8.393371543915174,9.60486210373843,3.2278119426152476,-5.183402391922911,-9.763764863742924,3.731826164861914,-17.70597766707197,-10.751016694328335,-8.297471844065912,0.6761430266381395,-0.5562324099606137,-21.35791952008518,-7.475747942521308,-7.561704133784899,-10.934748264290853,-1.1662700604533822,-6.510739673877405,-9.498201351561702,-5.203481762272465,-6.799773257384762,-8.125920135641424,2.0679624520651094,-4.905490699860196,-23.48498963369285,-9.580923239768644,7.432210731887955,-1.8387820043305816,1.1936957411405569,-6.7176164792759785,-0.7647564111351279,12.189860132227581,4.253791445874744,-1.0812397027862388
17,99,6,-9.169225545736346,-10.323652484976662,-3.230625486137666,5.880225953861801,2.371784958806705,-7.72088362558222,-31.614372357362644,-9.987366473052381,6.1210692286741235,0.6302491772817678,2.5374330374761485,8.425269896992226,-14.124674044367739,10.038322153575045,-4.649978697250266,10.685031563849979,12.170189609910102,0.14125237634360083,3.8498009811269047,18.113996003402352,43.05029751215036,10.798233182919093,24.526190916314814,-12.981320826745616,24.37061849881601,25.32487779468434,29.63302762188562,24.07245908822957,21.86652665885546,29.407177709224722,-2.9434194899641146,-6.565578974147399,-12.653186761524253,0.11085690982730634,-5.652476356932665,-4.473653699810867,-3.121103133635721,-9.614553001777432,17.51203811500313,-3.0301090878684342,-14.528965144395457,-9.276980484449643,13.901409196190347,21.881988933537063,-0.5093406347810612,-4.090896731818933,-7.908041839737713,8.962072267310647,13.838622365226383,3.829300874537539,1.108809599221296,-2.134717078493317,35.78159469057144,38.937301402411784,4.815879334877363,-3.83948484249413,23.02232423860854,26.230537877031935,12.745022445553676,22.581277253106236,13.708659976766231,42.00366142610224
17,100,4,9.840342834819015,16.783376391227474,10.509764675550704,-13.386489574683878,5.536425180142608,-9.223583992638789,-4.569000250286505,-5.246537994888681,-1.7467779669365506,-6.189723552306884,-4.920700444433861,2.267649170268248,-10.607876665276914,5.700149600666654,2.585106337208743,-29.11374344476838,4.24719056483676,3.4544794331219575,4.998168054139011,-12.944095947717246,-0.8430896788585669,6.770147260448825,23.638048992696678,9.331567225852842,31.95889462712333,4.700621800605073,12.4850136423086,10.507191659587365,11.657879260368645,22.984053395234238,24.477134905392067,7.563495678895315,1.417429524814573,37.60805265641793,3.964036451255129,-5.910982169659538,-12.074590534224496,-2.2879809011682535,11.783512998372316,-0.16259413514649715,-17.54155595345912,-13.85362766235897,-4.604469664965575,10.797836395752869,-2.435317246646551,-1.826842638824374,-6.8536025930377775,15.025993684079593,-2.761491484145021,5.705067227881331,6.273238943401365,5.610790767083681,-62.593770376065834,6.7074325605488685,10.265530758043294,5.856563657916875,17.740328871417884,2.730350551468025,11.313537396144168,24.63216606350387,7.6247074146224065,16.07608045435443
17,101,2,-22.559995638229328,-36.937632547509764,-8.370406543099172,22.311685687521614,3.79707781215221,4.922131222377461,-23.008918085561422,-1.4257618161599823,-0.4231920316588218,6.44257831432652,-5.282452246458151,2.6266716493793374,1.004974443556332,-6.440414038395915,-6.693918099740473,38.63771115229807,2.8619119762272627,-0.08427288913645015,-5.099201709209523,22.023674041748325,7.9428980091555506,-4.169662864335027,-12.446875056638039,-32.07052104275036,-25.27002647389634,-8.759668220425166,-14.12831712993453,-10.842720185077138,-26.43907380617429,-20.29632632559302,-37.88425697455975,-17.76015562794693,-12.347043687386854,-51.82259018828228,-12.39250467551826,2.9458962643984705,22.141612906077096,-12.442330181411254,-2.1879211304220956,1.4053218311107747,6.213061235038702,2.9506215415483283,1.9755255455923526,-9.138505515445127,4.777211645141063,-6.524410435305219,3.30709501815869,-18.486893566461607,4.7433774840631875,-2.568814472726933,-10.489661328312822,-12.392937491704688,104.5012315631639,2.6776393749410405,-9.06210807826733,-7.518479576672241,-15.53885716892688,-0.16145190699934625,-5.4119456712803915,-21.925742632141574,-10.299196684449099,-10.457209838824006
17,102,2,-2.546655089977743,-9.71454067234938,-1.4818756188231905,-5.8187136081751545,-8.779470997260567,-12.328635707031935,-16.505825289979388,-4.597544116036194,-6.021598615014937,-4.579604995584616,-4.844940239745309,-1.713460781411325,-10.625262679872895,-1.0706830505117002,-6.427428689436056,-6.327344828103552,-6.434041663709026,-6.987195982572216,-7.678043773235963,-3.1623798934544034,-3.301347818384628,-7.607261289388126,1.3027611286975675,-7.474028585685942,-1.4989971129632587,-0.04152924576547218,-5.273350435399975,-8.208016782287764,-4.259911437334336,-0.08453738959733315,-3.6876757361772827,-3.5403394391930605,-9.027864988756981,-4.271802740489563,-4.418369521790114,-9.873792298490228,-12.59695267924902,-8.851203320366212,8.16655968647541,-2.285011135359726,-14.20440203114981,-9.631157494595888,-5.91023668675206,-3.448503786607121,-1.9489535654031838,-10.271590580913898,-9.26471641192797,-6.321477368065133,-7.490031899475468,-8.432616237800838,-6.3988488132372625,-8.87531050507025,0.6292392071279735,-6.060061880875739,-10.903571219444736,-9.467168577549211,-3.5982447258969072,-4.432292719706666,-8.222986074868684,-2.74216964825982,-5.231761060030447,0.3626896780347676
17,103,3,-10.692065360524303,-10.450741143942599,-12.327144773517993,-20.545597978776744,-18.21816785940219,-20.7738165472657,-25.80193523200876,-13.259280699868855,-19.526531909240365,-15.386074240205858,-8.381059418455127,-8.022481735159714,-19.26728069349532,-19.337942959967908,-4.920616261260703,-8.120966463926154,-9.311235492168809,-14.300542230517646,-11.823647637737963,-4.89504221320243,1.751815789458682,-3.9500411107125335,-8.529213261699713,-2.285972982486029,3.694108350974758,-3.263942671973806,9.440716833830244,0.14915183822556263,4.859981578411306,3.691258739884489,-8.917981981526966,-11.159900793737565,-17.722702392547326,-10.579092317042177,-11.695236264708134,-16.472820674818824,-20.421058340174156,-17.561466870250225,4.937773866113275,-6.351644384064258,-22.12774975100398,-14.03862164396702,-16.1662447606554,-5.994209004969266,-11.312467309703095,-13.639861482206923,-16.15696258522661,-1.1114668267574634,-1.5958947581693355,-13.253990355402042,-8.938902922133671,-4.397556780871553,-7.239124932076517,-5.7480031888613965,-6.996598333165769,-7.55505513832563,5.074914205887515,-2.4625264731031384,-2.8037902065893525,-0.8220966533777627,-4.974337359333817,7.250895975839077
17,104,5,26.117913325090054,1.946669103895744,31.747569123419336,69.50027649577073,31.75913572384092,48.68875444516903,39.440606272802135,22.135986013383405,15.137920687452148,27.294030714325796,9.924711854356094,22.18406798890452,20.192262614009575,0.3934098099721822,0.9279757841013196,65.08024797061599,30.892155338714787,2.580068501848273,-4.728275909792726,37.343390734457415,17.514286503559212,-2.448519056549343,-31.517294587522,-24.8271878699704,-23.225666144817332,0.23884736487596525,-21.625515129326335,-18.199627649311612,-32.28386634951686,-44.834528713691505,6.531949147945506,28.05515601576827,31.946931343253052,-28.609777422303836,32.126358346968146,37.07753843141767,46.8226065344927,20.71408366829883,22.353058617289467,34.122889170559446,52.63785744876396,26.590353935230052,28.280404976228393,29.99487561278227,17.063356164933694,-3.76965214293904,18.94454515489137,-7.675061931413388,32.004403742348266,-7.662521426338797,-6.073035245397827,-8.399299067558674,114.77706687770241,12.507930552087183,-10.194411593148626,-4.236285249060928,-15.863011480066294,5.682967981777902,4.1548138058676205,-32.30696376540312,-12.876932535547668,-15.977523538851877
17,105,6,14.203091514414664,10.563666152097742,12.516924118032536,5.459907482065854,7.339713782571803,4.286158810664969,-16.709371576835284,7.294421187954071,9.12731159818018,7.817564759102489,8.541152666209312,6.650392963800847,8.982355954738832,9.302530463194335,11.026836483330444,9.113400364683645,10.37953785597915,13.084867367816228,20.575777062010488,11.874795710531673,4.760535004267627,14.32699406211742,18.924441893289735,10.674823574199364,10.37297301382825,0.3596597268450547,4.009641777017021,6.849718989804387,7.5115540132789755,7.370469942450429,14.274403026736366,12.636389853600294,3.2838655692161764,0.26177614286723455,6.369559460671666,1.7263860583259922,7.047578122018175,4.706849983984196,4.742199140623572,0.46143891213876376,5.589869799805104,10.722112155615964,7.432319006465215,5.27574314220763,7.126284165779223,16.190820927118395,14.926799565008492,8.027351332987404,-0.007851350382424321,10.504726855425021,12.960303700279168,16.438421418572332,10.84422312433855,11.646817623717126,12.337340760215115,16.7249901069033,15.475433150079196,10.100784419581482,6.288075954698748,14.857772442171491,15.028662929016095,12.278389361709726
17,106,5,-33.5183702114027,-42.40753164378609,-21.17685708928877,16.202592015834288,-15.970862444785494,-16.567806553209156,-46.87664044194108,-6.877060536755157,0.3484177045160672,-13.541965802762334,-12.662276552808352,-6.810149541272351,-4.909254054061885,-2.419602487009111,-12.441187872094241,12.455411691082316,-2.741183665887703,2.612844613766889,-4.693648126317051,11.980217922978646,-4.219824995039172,-4.67694746987985,-20.25183919964858,-28.780090601569643,-38.02374172601392,-16.759702124292172,-15.81705761543708,-1.5159864094840894,-28.157307952915037,-31.20844625284122,-49.72869328682015,-27.38922098544482,-20.009108286024443,-77.65412763560694,-22.78808200647826,-1.408423911280386,4.170949360023527,-24.230460303131398,-5.826468700066027,-8.775815871248883,-10.655778386838811,-5.1277094214995635,-2.7036943928687833,-19.321122092069917,-1.7003310530832623,-1.2390845541546993,-3.3191667160519,-21.371938855773433,-17.05626232802821,-7.982118749624782,-10.4192395592222,-6.040186960159276,48.613474890589714,-11.840913349444536,-13.456334309774546,-1.5821999189239464,-14.924587314630415,-4.654222958496913,-6.025722656126426,-27.773649305309636,-13.249866296801272,-20.484795021120366
17,107,5,-35.08661059853509,-41.74692311810282,-35.68207592353588,-6.421200499585947,-18.134087394196072,-32.316883129317596,-52.00995298638576,-11.503124389229576,0.46835241330469324,-24.272927221001634,-18.499289962576658,-14.153602641212148,-4.938639576461666,5.610778702070888,-4.356664804355579,-6.886162313837104,-8.683258700638826,1.306416264337649,-1.0178276043748715,0.0035108800682163432,9.730315586540659,0.033726001181072385,-7.295707647802261,-10.771468740149698,-3.337286123960482,1.9598708936359666,0.13085205205602593,14.863892568229911,-0.6708767109624357,-6.942552646271396,-54.585151747232494,-31.6153463837577,-31.60080989686455,-70.76551214151272,-27.691973499953747,-22.089947787272497,-23.399093449479206,-33.097438494243285,-26.101140710275338,-20.162997423330463,-12.740826254790061,-13.3874035044048,-16.882221696943766,-28.967356941322006,-16.7040932601667,0.7455788732211047,-1.501293596573082,-12.270658224094195,-3.7530356256558166,-2.762573546911704,-4.537474588672747,-10.509668497959291,18.139678333644614,2.0220806005229126,-4.5990590504739775,0.4640119437045974,-2.985706205902871,10.155623702389164,-3.329362606198141,-1.2366317128081148,0.36116266198365393,-6.716750805288912
17,108,5,-25.304906639611207,-28.16129974577939,-15.658407055159518,17.287510759498154,-13.98579027687437,-13.578108506390778,-40.54921120591462,-7.167031896686776,1.809372436329042,-17.456345187977142,2.4339706359158555,-9.265377782080781,-15.407512177106994,-29.09302687708563,-2.436531592299594,17.26954764563863,-14.672814564915699,-5.896145139695939,2.20667783601391,13.319867227408222,-2.867707360126986,-3.788961869499804,2.1157559466480094,-9.62312578718837,-8.888800941938653,-19.34609491777856,-14.039667749402625,-3.140052210153423,-12.598179125329242,-11.962807852036613,-32.47786610419066,-18.384573384364153,-13.27135240213617,-48.563372986527455,-14.784068293798503,-1.3346836493668583,-0.231320664025389,-20.657981807593163,-10.86823410504474,-14.07792653779432,-13.780897353809864,-3.7686662267348376,14.729733927584277,-1.7265303345275023,-7.335673844396346,-4.784570078087245,-7.109210693501729,-8.995954554811934,-21.387521385419642,-6.416715731513513,-9.980272592336405,-3.779030455230939,39.095410890695554,-10.779777004042781,-9.133275278924863,-4.193998423541284,-2.2417986243111434,-0.812153194304102,-5.807002705862609,-5.145949212817204,-2.475523908017771,2.480489617860991
17,109,1,-17.634413576707615,-21.53094999939942,-18.646674218837447,-9.094439250581738,-17.08171621153825,-13.71333720053478,-29.358458253850277,-17.14458724019323,-11.088829716860614,-18.300216393443062,-10.888181097260336,-12.744806037575472,-24.192273386421896,-5.714277209458514,-14.243177831661326,-1.7905315715654897,-11.92928618665149,-15.08715741012655,-9.754783342450445,-2.59241661831748,5.218980126352639,-11.726882240679627,-7.196008573581535,-21.41886668675579,-1.4048289025668055,-5.791336033975976,-3.048408876298132,0.25725537513541763,-5.301750031572472,-4.440360596619273,-18.88670002912716,-16.095221723861453,-12.628466355705221,-23.012092241063343,-17.984995593816585,-13.745584291678556,-14.22406052321014,-13.394533459551445,-13.267216184855116,-19.124585464914766,-24.75069406018705,-14.445954611184217,-3.4960327865158374,-6.393931147472071,-14.003897736996137,-15.69582431131927,-15.517767996717497,-8.679074502481917,-18.64293495286256,-15.491977445227558,-19.976404182556102,-14.572887044195546,16.298828304949684,0.11505309858064117,-14.831813663846207,-11.183286549194106,-0.920413022849527,-1.0150621826079012,-11.021870699870151,-8.048236146109272,-8.653704894615746,-5.321444588508911
17,110,3,-1.4263870234987355,-19.136717203533184,3.490802529285005,-1.5534035432601094,-1.0642624841094364,0.2842962527817985,3.6644102634816687,1.9502640993834104,-4.647080972359132,-2.3354257277735475,-4.954955478051176,1.6858186847076004,-5.278773066973906,-6.621223847495344,-3.1485769042699814,11.870779845412127,0.42761670992278156,-2.2982851070715338,2.3765101807373696,-3.7319343442142756,-6.886438820283955,-6.446389781927307,-2.951463231090002,-3.77423313857488,-9.451033035917892,-7.325778558714001,-5.72402832311828,-10.642985341161856,-6.290853405916471,-11.55951476351517,-12.716670939937329,-0.7575422961537439,7.0966582151368405,-21.63595155302561,3.4610924086329073,-3.0442728226004916,0.4159778736577137,-7.1728993431642305,2.616896527130781,5.780815428980372,-7.77456869178156,-2.449913787814538,3.6941083222996713,5.416430434423627,2.469031209330552,-2.8638597601036566,-1.8064627715091162,-5.735378529762896,-8.988932819787143,-3.4535295688405223,0.013478317664279205,-6.345885074311274,21.64587074922534,-2.7891095103128114,-5.505789343608404,-3.6540458927544313,-11.672992740258033,-5.203794373017618,-5.69122813169549,-5.706546096358355,-5.77916819920264,-7.253961984408881
17,111,6,-17.534438010850337,-18.41897282887692,-11.184452854150836,-14.138008129896548,-24.254555404731406,-15.922431696740146,-26.6724625638709,-10.234269608652632,-14.072203370038325,-24.699449843749782,-9.730483884514287,-4.619330718443252,-11.312419231981039,-11.644881754136858,-12.696387285412076,-5.4560238859139165,-3.5201038742301702,-7.518215072057329,-8.805634170838797,-1.0787748626728595,10.262584992707138,-3.70872890999223,-5.154485921227804,-16.407821524979123,-6.437792952399607,-9.003613549207971,-6.41457549961874,-6.931262518665415,-16.26898592973992,-12.012885831160148,-17.987340234623225,-15.517972316138636,-21.246593688092204,-24.370269961780078,-9.258163630235483,-21.676134128032675,-17.58654803039916,-8.409170353410358,-6.2666981476671415,-10.599051351519867,-23.088718172980517,-20.629654427490582,-2.1516942591463217,-18.389310723216067,-4.346985850397998,-11.225465105573946,-15.377585603230894,-18.654718158812056,-11.398952514398843,-13.992427238802685,-11.28778303307821,-19.203928714845237,7.558229378092371,-1.5762602774108325,-10.371121301906324,-9.198935727850067,-4.079787037585202,1.1218070758097785,-7.797557665807439,-9.260400002072684,-6.0150698076297635,-9.003601521707886
17,112,1,-3.308910642228113,-5.66098899098976,-1.791914264989517,-3.0621397445296386,-5.103349746363916,-10.141544092639647,-8.041635264937836,-0.48576249922739284,-5.882293994424912,-9.944045817275057,-1.6188235631462449,3.6496814080335143,-7.617854000194139,-3.7584702914308115,0.026091037386256274,-2.5512360472731808,-1.5561209189444307,-4.957648791054765,-3.154732917219674,-0.6233116259412247,7.9498235830659505,-3.4613569101954758,2.119795849751227,0.02651191961656263,12.79000240777585,1.1688550916477667,9.051058310879075,3.4963093116331456,8.534936550963483,17.768223471082063,-7.215486671877793,-3.692785750654322,-9.006847852886446,-7.835672227983793,-3.235218435372568,-5.286287691057999,-9.565965902650865,-5.348473410144807,-0.17790011271107517,3.6858121066811367,-9.374274826188364,-9.420757812043233,0.4723442314056359,-2.3822333449015125,-0.312539569147658,-4.674867447458557,-6.614154010326832,2.1430373450389077,1.8159853683290543,-2.120312857538145,-5.348305089745623,-0.1806414652411344,-3.5380549560323726,11.13556520450043,-1.7803716794928395,-5.407028072008227,6.395590360608613,0.14298378277808632,-0.6652497345377222,4.516758053427245,1.5425463391570147,17.343047462112736
17,113,3,-0.8501475353884264,-3.079910545496316,-5.8279957593895695,5.304347143167771,-1.8528254341061519,-1.3784371676468639,-10.693977125261613,-2.1303044080495748,-0.014656686928216311,-3.485788773381855,-5.194632425241275,-0.6111678675884699,0.17663765914465546,-1.302725091667439,3.296358053072738,2.386718131590455,4.517010550082824,1.5015581362176558,4.0012492733076215,3.5596251646624646,5.348245014300256,6.632009016599771,5.7888471884425865,2.081561038157019,-0.008103835987063601,4.764911587440934,8.479772522863813,5.731531039425509,4.954234072309639,-2.1021693628962805,-6.321838063301471,-2.357368723716496,-0.28563090722735407,-4.758442963950518,-2.1028907880947982,1.3299943270706929,0.8165056628243254,-3.5763379115974763,-2.7901555680422807,-2.7386107081235034,-2.691334187581273,-2.039610934511917,1.2291411062327735,-7.278501998178846,-0.13255939711021533,0.14954864501771595,-0.08373187709508956,-2.1149142674743993,-1.3644538377794984,6.7612498900058124,3.5782375914476243,2.757247164572887,3.974833699352131,9.821381713331842,1.8453588322736323,6.251452381563619,-1.8376156952027682,6.698715574880373,5.188728889723017,7.143886606174904,5.566099321711016,-3.9223268782697276
17,114,5,-7.4797758182096175,-19.700091534362333,-8.162928514534654,-3.477612722738897,-8.545998184237535,-17.192561042063474,-25.30530338934283,-2.779658975177614,3.2203092408570915,-6.951377878306296,-11.044378804360955,-4.936511342379649,2.9064951877268745,1.1049981798519533,-9.745885985948867,-12.048992484308238,-1.3611714242298798,0.9138481429005706,-3.39859410544585,1.6512991296831603,-4.533975698701221,-3.4036439833864454,-4.189080844655994,-7.761390868869681,-9.435991619906682,-4.170492445425381,-3.2889996403033246,-4.921830612541425,-12.66878128562849,-11.504711550092559,-9.8421583463418,-5.435595961446629,-19.058636401666377,-31.37168962962744,-6.585766504632262,-7.300697476651358,-10.0852980998958,-24.11674169650893,-3.5315141825121827,-9.585636360596345,-0.7541035873298652,-13.424640298525732,-14.692184464165525,-10.256525133293486,-1.4610629110347206,-1.894835685663743,-8.815240969725247,-18.314957300337355,-2.6368315375932467,-1.5488827260091846,-6.617737119756185,-6.422679369817718,-3.9407830193934084,-3.357413503023365,-1.1219152537239834,-5.067038812825071,1.0101445485076814,4.088419815911573,-3.3009390434358155,-2.1252545661423587,-0.5356000253317388,-2.479467614336655
17,115,1,0.5539118794429061,2.238371845320571,0.8546323338296358,-2.712784162935484,-3.0949278925431964,-2.468189555279934,-5.397337097402023,3.6617890631825434,-0.9208458497106646,-3.4256350100040436,-0.608967572101392,4.102174808328017,2.758112826134736,-0.3319575278338318,3.530900974621677,-3.893542581470683,5.217020253865219,3.5557776766193157,5.985155228171893,0.571514298696435,7.504063347604394,7.231718434222473,6.676832716349829,9.96844143259748,10.011629876476238,6.817423797848563,10.86722412918944,11.110363869439444,12.085700341454919,9.130161209318716,3.6558494674405324,-1.2575646852165816,-1.801160330270847,-4.427158730127277,1.913351907690123,-1.952885289824138,-0.6266181436424108,-3.738186572401546,6.4404862199841855,5.175947894410391,-0.6822028999577454,0.34031392624544976,-1.8196645987719855,0.40791014940250747,3.1694377028814915,0.054550744482406655,-1.2000922423264975,8.693791298241145,6.533692652467501,6.51540486474817,4.490186030681176,5.646741111467522,-7.716206433898886,5.292323578976767,5.617608050929335,5.270464823193699,7.3003367003416875,5.947184949443199,8.144436428368815,9.239515119411122,7.778187743365406,10.482278858220617
17,116,2,-14.809101297963043,-20.88380768502178,-17.247075755543797,4.57754901286055,-2.7570547501942726,-4.465970579418354,-26.357566223939788,0.2785008810801278,13.033298603690628,2.3703660932284385,-2.2402474907022434,-2.10106313304703,6.130243201649223,10.78623366492188,7.5305391441868865,6.563919737707917,5.874166063498706,10.7808230571199,9.876942389258529,11.84714152741178,0.914365208639604,6.130627882825897,5.4985632080068,-3.9405184684253145,-11.612105618716537,-2.736831199468637,1.3058392115209894,2.1260360490087757,-8.28436619034264,-10.853216738962544,-24.62502419239865,-12.09017295382417,-8.951130833113334,-34.59042381177224,-10.008876571227322,4.818548534474359,7.795285270526646,-12.834549693572454,-7.7752659735468574,-11.942644340951537,2.4010381761415847,8.14907746934673,-1.1892590726294183,-16.63862503761789,4.9833430131931475,11.133725651744285,7.052363506200293,-2.783386290164258,-9.395929248427134,7.645640398262116,7.897737663693539,8.551709243891443,11.378728971350938,-1.4483420427962463,6.545247227544107,9.532480385381634,-0.6564003743214262,-2.332492003717073,3.494349447651144,-1.8496993538134205,-1.6634068137443654,-11.455739659870538
17,117,2,-26.501560111889294,-29.693373655037167,-29.542959282379126,-19.33395113103466,-12.899897474704725,-24.642734844237566,-49.1599439927945,-15.511347376332596,0.9875764790013767,-17.265507668438485,-11.16082664433776,-10.493448709682903,-13.066639706405816,-0.7906430802285325,-0.9408168922882613,3.0840105339430437,-10.351390759176692,-6.114564495846888,-2.011175281084256,17.756091805155062,2.156696057611532,-7.4268603081241364,-7.964456227358163,-17.25419368794779,-8.012213631737524,-7.2252017274589715,-9.843745436292236,0.15583693437141988,-13.589639121393974,-12.706511098823343,-39.48497298359871,-24.659351441918364,-19.794199735874592,-42.973214252692905,-21.800878210765557,-5.096664779615112,-2.961683231337769,-27.397048275318646,-29.801909957372118,-24.34940909960013,-17.12686439171978,-2.883410020027219,-6.273431355292654,-23.976138562554635,-11.624189265072346,-3.469893610082204,-8.550158349842556,-10.63539844406087,-13.38320719942497,-6.802670942153782,-11.977416526219555,-8.363781580349384,20.957836631049457,-1.70945697685522,-11.530129196213144,-2.696023392877201,1.892479059456781,2.179156001177389,-8.85349986743091,-2.269103964770826,-5.41495152315261,-4.111649324890319
17,118,1,-5.439671954276358,-0.08725473461899602,-9.064139873152833,-3.7028373926877975,-7.5884565010258,-6.220948707130622,-12.717680890567413,-2.467251703188551,-0.3319094678864058,-9.693571619497806,2.285516132237163,-1.1470084014098814,-3.217471714194001,3.2672851914412173,0.8362482573110134,1.1902569570328771,1.5241624156876292,1.1161920920741288,7.597065316058884,4.132281722228341,1.7009803766609028,5.596098028804837,10.171314507541128,3.4391855420771855,3.2162693129716144,2.6970934624919964,6.01258097803674,9.639694165625821,14.144356547596448,2.084554870646993,-10.652556025400393,-5.147920956642073,-8.41437653315867,-13.615862422497802,-9.343855247083237,-4.267967198424541,-4.610770062540611,-10.578118377504302,-6.70570118643525,-2.750730397497734,-2.2661461826050417,-4.933493455122341,1.9069553405364486,-3.8068890602486913,-1.154150300818245,2.0310502054124373,0.33688725329220237,3.6250572275461224,4.7920727278219495,5.9484474334366055,9.155855409074114,6.273178849823585,4.773845037195559,1.5065719255178083,5.0223954436937115,6.576628618260345,7.759936038109403,6.284240536192979,4.337799872930456,4.984990217450369,7.328567969521914,3.752542688715749
17,119,6,-30.60313381436393,-32.65096878278544,-33.09511781829158,-32.8035113389899,-20.465485185748204,-32.07470519222864,-29.956532538664067,-25.717049082604838,-19.182238215353433,-27.491072164803008,-20.343975436396708,-18.456954988764554,-19.961987965354105,-13.663944540022895,-20.57833802990797,-17.452870341881017,-12.437616873895985,-13.0251225612876,-9.645393278086324,-10.440857872730357,-6.600687673860565,-8.993886553727812,-4.802857809677358,-9.14217268089514,-11.59631878660037,-5.570187287257483,1.2156867066784405,-0.9424641203680431,-11.218407319608803,-10.356116071581933,-31.641906300695943,-30.704479861550222,-26.00936519009312,-37.55122937371091,-26.40479481147555,-24.62872746405079,-22.081868088100013,-27.284796726412882,-30.698215824074854,-27.987391500211324,-23.860640619949585,-20.18783796451441,-17.399005015085386,-24.313650951879787,-15.748739830967851,-14.659324170067537,-18.90956872774335,-15.877151142169792,-17.780884189394907,-11.347551931990544,-12.086024975631291,-8.308449345618126,-14.650306562370645,-9.734968608710915,-10.702044823184243,-9.739753946423438,-0.8078727650047257,-3.891414343799668,-2.924374160890625,-2.3075912576168776,-4.329323280159746,2.1880173539606576
18,0,3,-12.070718790455603,12.877896628637869,-4.751613774068549,-6.491483046196216,6.530907140817589,10.579842822489944,5.253463156112446,5.904380472460702,6.97675121577865,5.959262762832025,6.948617147508914,-18.88300336231249,12.077713990112672,3.6237852147030765,2.6286387522137034,6.967472450853118,10.121811054294882,4.709500268507726,8.847214657995037,10.413139550268037,8.065509439616394,6.603493911759331,5.329024275480888,11.45488796180126,-2.714510342197084,8.042903189342923,9.744335425509387,3.6609501839912166,10.322958279991663,4.771681628212692,-15.508975068459334,10.709038472768462,13.519142040937423,1.7670087735518236,-4.791032331870731,9.394042127720292,13.152060813747536,6.179140659503458,15.672055936441197,-18.950459042155167,3.4631683697310667,12.81795567914662,-3.405665564032773,-3.461432603846603,12.836474019483223,2.4611588201709917,9.131015220702414,8.322550472286649,3.72133427553685,7.947168111528559,2.3571489793447262,8.731128814080789,11.151263619886665,8.045618663502218,5.867720211697053,4.090913134786052,7.989270453295882,-4.97989309290651,6.033978349540569,5.692028802380862,-11.732603953499627,-0.8086044589034853
18,1,1,-15.839180151727515,-13.982195044901761,-1.223889573681646,-8.195831870807835,-6.168442787057383,-2.2923211444669023,-7.0775836374065495,-2.2035330371681323,-7.4191346859741145,-1.4704468513770785,-4.963132983950966,-2.1567559811150336,-8.728692736692455,-8.572726504593275,-13.012696306380189,-4.291211113833437,-7.724882188412112,-10.45173299879903,-9.64957630434414,-1.4805858866822703,-4.280232092930664,-10.705427147042744,-10.830177114509814,6.2086417831298775,4.027279167822222,-0.3649060211496483,-0.9593466687152485,-4.990834914005886,-5.079624913178567,-0.8346674760303849,-4.840664510558383,-5.238638137807929,-0.9029463684163632,-0.06889728016061081,-1.4078054630862002,-8.365736720958587,-3.3478704003117454,2.6029892299187924,2.624003130942583,-1.5381464570215562,-5.186532587687508,-2.5192930139374083,-11.9468459531256,-12.252349496546499,-4.467459443192814,-15.378034254899484,-15.949263472973204,-5.708896903786808,-14.464332421628269,-9.46548894427081,-10.368684879798371,-11.978611658122851,-1.779973196251909,-7.988372764391137,-11.617894310595055,-7.66062063787405,-4.615711512032713,-8.87486447939626,-8.303398905867118,-4.8667870843328735,-14.44429450054658,-15.052911804216656
18,2,1,-7.856566006634863,-2.562507242055204,5.457180663866629,19.24506736751191,4.670390875757357,8.916108277450292,-4.15215023144762,7.106207528333298,9.76197275837383,6.8457415653846905,2.225992207795882,10.23920995149217,6.530633388337012,8.788531110281266,6.904158840833302,3.5203192507643726,3.2025552052754636,7.157111658987301,6.58123214280505,1.905695358484348,-0.17408039849024548,0.510964163800522,2.2255079765554213,1.2552064947057042,5.903829155353512,-3.8557000428029324,-0.39871496561823916,-4.8109307022731205,-0.4886855727016197,-3.0926414557846913,4.833380505329045,5.836613694153354,3.941826597586554,-1.1387610284032363,7.442495336029224,10.593150032593355,6.936995498052368,6.675914913958231,-4.124649374796893,9.69749320255274,8.568358965717797,5.369908512047515,-3.4219135165941448,-9.716639047034272,4.007893038133487,15.664175958940522,3.5723874733567524,0.574676362207023,-1.232626251149469,4.900823234799082,6.556513919290609,4.927029583073592,3.1633583418854565,-0.6753804243507624,3.821609836162593,6.674601994841026,0.7200138126556725,-20.06082165785837,-2.0527926879003644,2.286659341350926,9.198187838246044,-10.879157441247974
18,3,1,-4.02845068250942,0.8780847016676532,-2.4661054178481785,-8.601866143528467,-3.6418099396112495,4.151660344949584,8.161168153329593,4.741869502723577,4.7221835768077405,9.180718026510103,4.003361745913536,5.347395371850126,4.622373478759714,11.799733742526387,-1.7587953604212612,9.893490748139238,5.519265083028234,8.10545317992205,11.16601419437495,15.14096632101233,4.5221333167538385,9.869895519497065,11.54989105014971,14.864712368884335,-15.436578259292272,3.116583150139265,2.6132121721691473,7.654385064950027,13.33102637184102,5.256592090741347,-3.287568172167353,0.5323505194903148,3.5745143685035585,4.229329761844583,-2.2605776710935492,1.4779542817211735,5.363764266415337,7.625679342666777,-7.7864060031658955,5.471728141937776,3.639357107714179,12.483169070831158,9.920771834054369,24.703343028974963,8.297016322544613,3.421704880075482,14.529070754785375,15.883243548536186,4.119118016593659,6.0212932665164685,9.791406623485333,6.776015515734513,10.557236471690425,6.215309269612702,8.464656501485988,-2.390121546823804,14.790939282040997,13.102527318306542,10.325845060821786,12.566138976957744,-0.8164416184115064,11.272311088379197
18,4,1,8.019695284980827,3.4151844597626004,8.98999675985698,4.675989378879708,12.684729709403541,7.932752888774642,10.083517398688763,13.17964535224729,13.262702707314817,14.547490331281837,12.237604561943284,4.13780750637617,12.405494202825635,10.239018095140464,0.06728434006445003,5.302721040357452,6.3513568304252,6.399266191553778,4.332363624125719,4.074069238063402,-0.823762877548976,4.1139125221227175,2.5721155827546953,-1.4302124784487038,10.816786138817855,-2.4772725994130833,1.24511944870578,-6.344015060259578,-5.53957304136725,-5.603564700219644,0.9517442109517584,12.161400898745867,13.957730028687466,8.766539488078616,7.740277107805014,15.009332598709477,16.097973807555885,16.4274989899884,7.88061014126714,4.670837910492906,12.747034057611364,9.664490775068902,16.37057900863767,20.850636024754966,11.343080093169858,8.300579145763686,5.691464410609252,6.363276391960226,10.746777032289044,8.280895061472929,5.921382661977015,3.103968820432428,6.171163794729381,3.144020689060777,1.8652245451436407,5.633635575133494,-2.7653921738993845,-4.33874251232369,1.4667945102129776,-1.991116096526838,13.952723850246239,1.391468145089541
18,5,3,-9.201961149847728,7.345493826242845,-5.58393832026958,3.7910790374593404,-2.6790252397881753,7.5994748071903695,2.054249151496263,-2.530482548868238,3.8458587639147357,2.386333445229044,7.113720578686674,-1.354515468972883,5.05664989022288,4.409472367700713,10.048816395469197,2.207105289960121,5.652271285539539,8.163550144833762,7.210824452268193,3.350660275606857,2.5410071913970698,12.544564437762856,9.013456153183629,-1.3790401396307546,-14.871350056514515,5.0404671233306395,7.089065620857407,4.747944808962597,6.369379573422144,7.367107430586544,-7.511040481670601,0.008587704630705906,1.2933846010837882,3.007855759120814,-6.526401893400428,1.2485854672495196,0.4500679311246003,-0.6008977624062438,-14.919080718000206,-1.1842977550653058,2.664202040478744,7.492319408315805,1.0012720865538194,-34.91312839417923,-0.8931256735288509,8.90819101325497,7.801175184304604,4.6662060148196245,6.413439320536645,6.564190839212841,8.544648259923585,4.227074233485706,1.3350530635202074,10.14192728030427,13.532622480713881,20.30311955472529,6.159232999033452,4.578457157136077,7.740865696244302,7.44950181177658,-9.545059803373574,-12.073955695303832
18,6,3,3.8132530969635767,7.160723059370019,5.764486986337369,0.7355316741301152,-5.340992328460987,-3.6737302373981158,1.1984579189248932,-4.977967339436338,-2.996081396891939,-5.772199362970706,6.764745876931297,11.906349081352984,-1.74600598733963,-1.7457526451567322,4.240843263886321,2.7386977937208785,-3.103674584954249,-0.5102024987203696,-0.03112509184539583,1.0922783207213624,-3.147039635527151,-3.773661438466572,-0.021300657124190214,1.5985938536979987,-4.027415178159658,0.6010597305764199,-7.388540412600313,1.8870057300550913,5.981297408957488,3.1406868954030083,6.394233983373503,4.290071309476001,-0.4047324554710766,1.7251205347001384,4.916521706413931,-1.4208090406978824,-5.518628082022342,4.61558116329607,12.610610295632268,12.246575863131813,0.2808727307256482,-3.6772223374530904,-4.09710941887347,-19.80221069395179,1.0142979584066434,0.3500847606578994,-0.9700333398267067,2.3793510897369003,-5.751232016559053,-2.217769535303844,-2.511934433223272,-3.0992252281526236,-0.6828729760401504,-5.5851023035442,2.866017953310979,5.5231445615020816,-0.8744677859017768,-9.256964581825473,-2.042662972141419,1.5381781800718213,10.657990890873096,-13.266604529103121
18,7,2,-1.133186797145754,1.364408799606125,3.9171419103981995,25.136140562366787,5.764138769040385,5.464190865685116,5.700499200946421,4.6762445830830845,13.02653977847318,8.804857276243771,0.43521689287977283,3.9640549125331574,5.219756783417809,16.777902165018933,1.8873260730377786,0.7719367701196818,3.3054122544155002,9.404844179238403,8.6818654147238,6.38955171953244,2.3419849810122337,3.4486394547289474,7.640258524680463,12.299335094850235,-0.07123642360859703,-0.40748329751375184,-2.278358439386754,0.40797680834905914,-3.4517925690359856,9.33823963406882,-4.341923546672106,3.4713947924660395,3.134348937633971,-1.2029128225758758,4.079898639831963,8.125584415182832,4.648676741595675,10.041945919246846,3.032253719656157,4.712904809304035,8.75776171838728,11.963941303314641,1.2006630289095748,9.996513512241087,5.503246253925993,16.309260051515768,12.472530858727495,1.6846981834188635,-5.9701674443544706,5.960832860091528,14.220300548505502,4.560713658813479,1.3140614104184607,2.5355670175106257,5.5403441611915945,1.8064626621127835,2.1924608744135705,-1.2178757526065662,2.0672899304048684,8.27816286072044,-9.822647254096298,18.504466128421992
18,8,3,4.786100559549907,23.237352975803184,1.2578958038910768,-6.865191006465118,6.395682884948097,6.470068781114207,6.980399669075268,5.3464771963247095,7.269454101387341,17.07037223389419,9.548151472366195,-0.8503119696170176,5.947486630260443,12.997729693925594,10.188313178888452,11.93627468934397,5.9097182133757515,7.307431135485636,9.569742783631495,12.144121172235955,8.067641929359874,8.743190026433185,8.100232811644673,11.803149365110134,24.661754799370705,3.3029389488510787,1.710580460758449,6.500294249666647,4.296407365294104,6.842135817273914,7.318656022535498,6.914549399394447,11.247281759068738,14.654751940743951,2.8464268931676053,8.178987934503972,10.153729566781806,4.729093135368628,-3.6818468090453416,-0.6902892478207906,7.551587714109476,9.261354393751654,14.185746660592361,16.128175000069522,4.013444941872789,4.777313539124432,12.32190788737158,10.679453606751355,16.029085753462837,6.23219038839111,9.633980216219927,15.771053947935673,13.517726683796083,7.523029096447291,8.975572255871649,9.101583090860668,11.74393493878064,-0.965125828862145,5.879014040589075,6.707002789895168,13.037192965108089,13.222330611153717
18,9,6,-1.6048702966853416,10.398705572852435,5.1140800904533705,-5.508734816798893,5.859106389425195,6.573545828904596,13.36305851167885,9.448773561999564,15.798599524514332,13.021682533399316,5.824798402637697,18.541873272780965,12.875886955094053,13.715122994603355,6.676158824469894,6.592531621811074,11.96983411325789,11.979049473137758,8.474501427603746,11.74134424655903,16.609325179739344,12.01791110748379,7.493418089182277,-1.6457936049484396,-9.632240676684543,8.764015782295111,-3.9431434099380738,0.6333153015570483,4.203976267403584,-0.30037620347049954,12.5162311650858,10.415232861755277,11.460110290055509,12.715361302832095,4.068075909165711,13.975618782742856,14.304436306400993,7.420155280451408,1.0561022805277172,19.595507767960058,15.918512650197608,12.44486242959776,5.3071201205418275,-7.27074481033941,11.937891238244113,5.212143152316171,11.252615788406349,9.11686809206518,15.796181990333439,14.625880391768572,10.75925725743901,14.222148099414465,10.811725901377317,13.16782254961932,16.15147219239394,-2.2950068423865257,5.616976128510631,-3.2474922059024327,7.230443429201841,2.24531693913315,2.4714169973144076,-25.419475468920496
18,10,2,-13.446268672282551,-9.42901870341427,-3.069098401292251,10.174912877051476,1.437788924849708,-3.758797183292118,-13.174100866382267,2.334309854830059,2.6524016815805584,-1.6195481253515287,-11.834486695600628,-5.42225432382306,4.085932991342483,4.23297447853767,-12.113063087050874,-6.472907130742759,-0.4765127796861459,5.137008524689362,4.871828718042772,-0.1540983078047269,-0.25612464535799645,2.5724936421909486,9.4784850415592,12.968710960458287,-4.717343034449871,1.8249995353398845,1.1975731981532072,6.067373710241527,8.57458507142416,1.047101098146835,-8.049462722603046,-2.663691703116569,-3.7039278690055824,-6.885569787697819,-2.673598033296533,0.9794312149964881,-2.5902165699023967,-3.4943884175055007,-5.173531010122287,-3.5423798148588452,1.2427914556933608,-1.7653493059234058,-9.123749795477696,-2.3838005310333354,2.8395954759155457,11.9878978439743,5.792907810724546,-6.747026653574185,-0.9545099128281873,3.8936211530420186,8.080535604896744,-0.0250424099177477,-6.944635260214169,-0.61916449601285,6.840286470200054,5.336593263129498,0.22110142596577045,-10.895992025088448,6.706207496750097,6.741798700577373,-3.0254447958545696,10.417017015350263
18,11,1,22.72858279919615,18.693039994959427,10.253956776930066,9.242739265817809,13.833590958068687,11.32991076803699,2.687702314672629,7.072083903192661,13.054044342849684,15.843074445226577,7.854476338479574,4.754111308104741,4.820462589674605,14.519371234976525,4.405561258323583,-1.0016296011645622,1.9370904941418456,11.704294744924434,11.85879532420417,-0.2068146383475019,-3.3740618055481932,7.735082869554255,11.980557969203451,-0.07028472503056632,4.135216853922098,1.8085355754606658,8.523855955612552,5.671482332175732,-2.6971709989919916,-2.4339559829741364,11.546311366462668,13.246682091684244,12.584763441507405,9.80089214180664,9.341975706765748,13.503251796043132,13.3471103810319,10.548643220852059,-0.7964241405290262,4.846452975103334,9.648864771080456,8.468748265866004,4.416527219116688,-13.287931371207646,2.88041644224971,2.853958638839243,14.495153989160157,1.1140670127280785,-4.0826718650939995,6.044437834788567,13.852546705114774,9.453448324350687,-2.970966446781304,3.702037529849515,12.04438561213589,15.923015955463615,-0.9977352869492492,5.9404279328996275,8.075477223298176,12.034699083623902,16.749974813823375,8.136922829807165
18,12,4,7.177039856730005,0.779423733559867,1.2128955338082126,4.375758464221005,3.0553200740321786,-13.663624730267822,6.5071219262814655,-0.9999571408710528,2.598001677452062,1.1707615794205095,3.934511062938993,2.4243234309322403,3.228320319137379,6.151136973191333,-0.0976384015776583,5.282971784324816,8.369342324164945,6.486512200134552,10.602745266222371,6.222963953072706,11.959551488480924,12.25325287851256,8.490062113215286,-2.1793139064003046,12.167390590760762,3.0990855194556874,3.610858116560138,3.4040862133090477,3.7373829096919158,2.364941404700826,-2.1576666702947973,-1.6553293574919425,-1.1717728460775478,-4.3695528220794175,0.9566834014726832,-0.8038216215194893,-0.10398186098148043,3.86481481326585,2.5943270109184993,3.076868465726788,-0.7986944231386417,2.45220423090022,-0.3418434257732663,-7.3949006617569015,4.261296631456009,0.8308998266371308,-2.4885050270979003,8.367923174218113,18.078334209849917,9.01016897908071,7.737384651492278,15.375495825871454,6.589892551348338,11.977039866047216,14.175726643241035,28.260219990207673,13.206118233320185,1.8456371666823803,10.12462511714888,10.79101183960533,24.252548755737163,3.4045797896730496
18,13,4,-12.84274102615693,-1.1613674644642045,-5.3406812632229315,-10.968632693044698,-13.076807038086205,-14.952692106093583,0.030767501025210114,-0.2525934006553143,-0.8362095919324152,-3.0056711757703294,0.22152423322564305,5.327720573558133,3.2016463926652583,0.0051757955140001866,-14.073929488465819,6.382200650734509,4.681528302429173,3.0133052355178247,-0.25871716392022215,9.006648936694196,3.128838007077121,3.9083269476243174,2.327050130019282,5.341690733813023,-27.226226882963633,-0.22091147763137886,-6.043158307512536,-0.844789751430566,-3.273994741893215,0.12003795719682829,-2.2724955400292997,-0.23473640319482414,0.77262585392263,-0.05170503692565201,-5.895204199679626,-0.9593391591546736,-2.2417018651300684,7.209198583871486,-0.45739854183956635,5.329750614880696,0.6786099666042452,1.678045559174767,-5.547151396232772,10.369979306124499,2.955822914500901,2.7845510366122883,-2.8850333961862598,4.388037523782881,0.38202557804222,5.4748924295304375,1.9357216287881305,-2.834486761184339,12.181725747832216,0.7393682788341962,6.5474400483838435,-19.57999733126746,1.145974336623601,2.311524789189783,0.8159573210812199,1.4260965190464399,-19.76342536643056,-9.530782393054896
18,14,2,10.094736751282541,13.352051415866825,13.728102382624568,18.37791894597751,9.233613356686671,7.260339344556372,6.656431873275921,6.995716378149552,9.390758571850997,7.083219434395886,4.909567362975282,12.778216889105368,5.7459929230872815,5.319019304293137,-6.545238624440459,-0.4273424778508428,1.305930022547794,0.24144299804778108,3.5625966280562498,1.284314544559116,-0.8897751937279605,-1.3180396106639298,2.755629174615734,2.840366506358472,10.528283013303467,-0.5466076036370017,6.993161087060666,7.144575605628917,4.931549710198877,1.7054457884599896,16.44776034421038,12.934797843055032,7.520933791591856,16.70155142174987,12.858739499422933,13.0068574886735,8.831072925323074,6.64222154932142,12.161043418929122,11.8118879402258,7.044493642283556,7.434529674756222,4.132339356849029,14.250423744850421,3.9466820854429976,7.557039103615551,3.429223487562524,7.211126215931983,0.9008175943773695,1.7567280205648133,4.429190036454577,1.9101689218816058,2.357899552080553,-2.599843571595026,4.729083844392402,13.522077384887536,5.83772002728429,4.369496987008193,1.7180507439302235,-0.4767679255682886,4.570886276435197,5.394164986397346
18,15,2,-14.709511405981447,-18.756078038182928,-17.975056349722927,-6.639738905607025,-6.400808294871592,-3.9842716975183015,-8.865747907585124,-7.608680855278379,-1.8225131463600217,4.203128881721256,-1.0966457708670596,-10.567433398962299,-3.5381129767132404,-1.7230886794774378,-4.463945011528796,-1.0689941195589376,0.08574303121465043,-2.7020002865209842,1.4443577499378748,3.2231929635901646,2.6049913336386594,-1.988689398251068,-1.3994188903853644,1.522362333378136,9.677030490660226,1.5730206617551694,-0.24499472758800858,-3.65971733020369,-0.4986442075247268,0.7981580518634721,-18.571055891128584,-8.952995706974274,-4.695127814553858,-14.118156837458473,-16.242281135217073,-3.9779430732426286,-1.0411748117596904,-12.03418879890133,0.8360642930112983,-10.389665321378805,-6.2792300586702305,3.2457601346484384,-4.066057010576492,-25.52907265150328,-2.062607771955523,-8.60638255466957,0.15824597534260848,-2.0124187592769087,1.4823981007765528,-1.347955948059877,-1.3470042849459278,3.56836643331207,1.8579293423440164,-0.870796941855722,-4.0314808092420815,5.971972141494382,5.299215877155179,-1.8816940753164175,-1.9045759927163421,-5.257732031128662,-2.932909216550062,0.5342075015281936
18,16,4,-16.790807105373684,14.144730178287206,-8.710600966405936,-6.02909502213844,-1.3066712390126018,-4.454683086159066,-2.5919821785035997,-4.54547703579045,1.2995623281788484,5.493785021843659,-3.7937347023952275,-2.2214292585963316,1.8559365326584114,11.437459230877272,0.9724526879173245,4.7366398095562126,5.449416106010264,11.14535032712468,11.16387050893021,13.138878427673038,0.258707844958891,9.126694321621025,12.135600508213411,14.394412721052953,-8.206624709160591,-6.518015392442664,-10.66704597750043,0.6215540199290688,2.3773806360209497,1.5665356752621684,0.8390497439200206,-8.731113903110893,0.7234127414980671,6.093086636875095,-7.800839953226735,-4.747652411097432,2.22044578685834,-0.8816269965524353,-10.015208649199185,-1.8458048628910069,-0.09858829162378904,5.573637205766651,-5.777322940982692,-14.752898873659088,1.7217235372809228,15.103188407857248,8.925966072191555,3.3558210507716693,-8.995662348276772,8.726387055261377,14.28878442568863,8.091131083462841,9.273735804040347,5.060300217464384,13.098144991669757,3.933931795448613,12.663155307220968,-18.808014097191936,6.702894236969123,5.564781267604814,-14.719818253388144,-18.98641165753077
18,17,4,-6.900534527163338,-13.48901351357288,-10.519343360247683,-12.267425987687774,-5.144629652725485,-7.2827631967772595,-4.548892720386657,-5.739882311812124,-1.8695435364980542,3.219775362190129,-8.208615634522241,9.71348033451884,-3.2542081524322684,-2.189194095434574,-6.055398341692792,1.4084573035796033,-1.5659080249847963,-1.1360195558291017,1.6338181815723474,4.959868158608466,-1.6245488516089124,0.09656196671379164,0.6503231718045901,-1.5449927859803338,-9.445046861837737,1.1712905042208503,-2.6734471772854205,3.7597730993179668,3.591175692178669,0.6677332090894639,-24.013686967411683,-7.488231304215219,-3.102080387858356,-10.154522929692687,-12.039537740672548,-7.241850887856828,-2.5644571397726135,-6.466477938564266,-0.4223418410912885,8.348987742486166,-5.968165327817564,0.37291644686242287,-2.0760582887777703,6.682185712838315,-1.6039931340790472,-6.421431078053104,3.403836655907517,2.254565781141381,-2.9597638490178215,-1.9911925099880963,-2.5607975510789487,4.788274028679216,4.211725891953926,-3.406933849961381,-3.914478584896865,1.1448997133979337,1.700638767604421,4.821060467943001,1.6116253726820409,-1.236481533192733,-11.80506964889355,5.109686537219849
18,18,6,-14.978295051901625,-14.565833634083605,-6.926170992994366,-8.065122054785805,-21.470580942020195,-13.720108801408157,-5.196574953600497,9.845173441373355,-6.617231345196002,-5.5481682719958085,-8.553301210799138,10.616247909825024,4.2355279358694435,-3.5437990997509083,-13.806715969325653,2.5296276432416605,11.437965774681514,9.181072055612033,1.2244369635222185,6.607224447334686,15.877322961735281,18.069390777771066,12.329879146341863,15.20746477711492,-16.844497452013005,12.345713656486524,12.374169831186903,13.78517128395417,16.3141843135037,9.417817955575421,-7.295608383626105,-14.85919215171258,-15.142670344197885,-12.66859738843334,-7.035920883915051,-14.543502868073645,-14.035215038404429,-3.5250851372256875,10.198038846549649,10.449993523678224,-6.225593702762571,-4.3577356296279115,-2.7734229957071546,40.808256166737245,8.020943104993647,4.926385141409384,-1.997454110294489,-1.1595943968561362,13.685793236715766,12.022010380901932,4.2639803656628255,3.116266622026332,6.653608490088274,17.282880481786837,19.233151346842604,-1.1143463181286335,12.577782907954811,9.9895832908408,17.960378477849602,12.24698385414553,17.95356953915256,-4.463077120624891
18,19,1,-11.176050853701842,-12.999949696110324,-7.579608099830408,-19.271856586045644,-9.784124559700114,-6.86081800489436,-7.050239284182106,-9.970251226519446,-6.3660085824908785,-2.7939396336867763,-2.1954128481665975,-12.543419071632178,-5.888655901068774,6.387558922523679,-6.187717186951462,-0.14080796713327487,-3.2524612041945575,7.384031412305263,8.051541127045871,4.504222186728062,2.6530925375977295,5.4822211787218205,12.608854028543954,13.625236078279046,-12.278563349587253,4.628316530787456,10.735013794381077,12.006483177949745,10.143638926535479,6.10100941422464,-5.795405425301682,-12.882880447810749,-8.850323134851523,-8.397992356237383,-7.73701407260648,-15.285532579853802,-7.5920716179868455,-10.217857062362324,1.1307861285579455,-13.556787714362144,-11.320548265870006,-2.1648278370976617,-0.2356899487388482,6.803009742462053,-5.956463581794396,5.736479586013022,2.1547389397079617,2.0521408538050134,-2.2240683108301305,1.7901887344792715,10.649412364880671,3.7801351358989135,0.6179501823853786,3.315212448854453,11.438455704698992,3.4884267567554725,9.136839096070965,5.800446988015274,8.447998856654296,10.351723689499313,4.973808632421074,15.978935807784342
18,20,2,8.149144190874674,-0.5273573946963035,-0.7597210241322678,-9.71453636490262,-6.658065284099765,-2.8494272965039187,7.333685940017971,-0.5062056465256148,-5.944761915688928,-7.861339483870098,9.212867622116084,10.70717965416247,-2.601663142556277,-7.829700344707816,4.5841227141095375,10.980248799093253,2.6170431681249933,-0.5318588665885322,-0.3819306055538175,8.237066318728203,-0.8995288293695135,3.375082452134113,1.8188981834583275,7.975656048088086,19.10604732901584,-0.8466839354517929,3.4247201662226696,4.797968119132992,1.6846311226282733,3.672514104216203,7.358225497471098,-4.355828516673656,-5.022963890905223,3.0543236770985143,0.09329523264271516,-6.618657976371902,-7.8577524141093384,0.6351367580340945,6.511107565962892,10.89239565827089,-3.0969008658785517,0.20481065624086764,15.550472037684985,12.915113692841963,-1.4743858800019787,4.889782637221423,-1.0490287703734538,10.201890354760264,10.49017556833399,1.5744473522574443,-2.79231563533753,5.028882754535029,12.500959125052136,4.623284213571089,2.7502338426789574,14.305849935518719,11.763282047084925,21.90026062481082,5.723621306191315,7.7404559022269925,18.545443519802262,12.84829311973199
18,21,3,-7.291378749489061,-3.707971219722997,-0.2344067109750146,4.183956954807114,-4.604685827090246,-2.369280965226452,5.243948017707001,0.9610899366302095,-2.5967686678873525,1.4126868924898353,8.647915010136078,3.7941780082608862,0.4255638731893432,0.605185072142177,9.704056426405721,7.043273791579936,2.3515467505004795,3.0979103734716773,9.923004886635189,9.355297707748125,3.5480695553155916,7.352194887881238,9.011615987821692,6.335475763805759,15.681535939708727,-2.396491184558083,-0.2357047432181772,0.26597317502118634,-2.6754605243345955,-2.9181364277014277,-4.1907063894706384,-8.78703000108007,-3.5978172230193506,-2.738321597807156,-1.6826084991235553,-5.266453788547616,-3.272759954626789,1.2627661619874901,-10.44840488024056,4.170446794908837,-3.145905389579682,3.34611777443348,-2.471882756935751,6.173190204108635,3.2581677207887925,0.36776121720535476,-0.6504572440029645,8.772368799065939,5.788356053608854,5.346438054683572,5.951883783109671,4.303706210441659,10.379386506446567,5.892527899046136,3.9642355790498103,4.76362657560626,9.124733252041949,-5.111189501382771,3.510826308013325,1.295481781117482,4.349643311116892,-1.7324493004508872
18,22,6,-19.764263489268004,4.301627787011794,-10.391473715091356,-18.18261788658253,-14.921559541895078,-20.96341785362627,-13.07143765884428,-14.684498922445067,-2.5469670869955205,-8.063339666900703,-12.501054160160622,8.750267245965766,1.4417409955001455,2.571899484888447,-0.97662821598351,-9.481476241188894,6.0775613113102045,3.4078389383943346,0.48368877434741653,0.2652785304661199,12.327800702042413,9.812796817592739,6.898934723332336,1.8806343168792545,-26.32387455316578,5.38624026540031,1.4165925318481678,3.1329279778547923,-4.595112926349405,7.753101903172897,-3.866326975393416,-10.254340412907256,-14.355822928755241,-11.048604050497866,-9.58039596460464,-8.75339805498356,-10.686430271817137,-21.362678550910672,-4.590996907874883,8.482448381621658,-5.982165252653568,-12.43419998449206,-20.01784216143509,-12.098642253299902,0.7279756846837699,13.096045995449161,6.116482559137233,-10.73760823604492,14.624274946067768,4.523176271048164,3.020965514704585,-0.729951795116748,-1.8324679209731465,13.45708002140974,8.098105889495196,-14.26903135359015,8.078388251560146,18.78226762169562,9.703413723402935,5.32466053235822,-1.7752518694586588,-12.831776937924138
18,23,3,9.644722765220743,20.648777263295827,3.837416420866759,-6.462246449444185,8.018702681380798,2.1711191993161316,3.7737228498430686,-2.721170363016426,9.683852595027265,3.3008548454637054,-1.4803401097291848,10.925360865527528,5.148659982085343,7.806950645294134,-20.757992585484928,2.5294936077808376,3.2169686712767582,4.241066824099639,3.0133668076156113,-0.3992606283367116,1.5138770587168773,4.81018565109045,4.833942933893968,4.90856721031866,1.0563816877036563,-0.16936098620658951,-1.8681727718709527,0.9005680442219832,-2.1105878392189026,1.5185815307606996,9.551891288845008,8.927629362133036,4.599126522457681,10.246302119839546,4.092753228765528,7.919293021266466,5.528571708599199,2.993624891438408,2.6256924207981034,10.154226776644045,5.104179292146711,0.9103085905960877,5.30284021087786,-2.9382191516030223,2.6090812656301536,7.911494983893983,5.472193761217618,5.22240889581238,12.555221295892826,4.219754878062435,5.383021956877551,-1.6034231939602908,-1.9967034516299549,4.725671849872282,7.356854732625374,5.506285703150415,-0.008177915565305671,1.8021884013603382,3.6551785617328534,1.4078427824254205,6.195101811164394,5.955649743996993
18,24,1,3.280591527249938,5.756571671471185,2.7472575813895324,-3.420151575014174,-9.515240303293242,11.860492128151936,6.538109222052212,-0.9078986194121756,-10.283400056065945,-3.716311245668317,2.704263093483792,-2.6998286775637013,-6.749216847749219,-11.288087809958107,-6.433291075345152,-0.2691877779618995,-5.093252370707554,-10.56292811606261,-12.387817786856015,-5.775646727955216,-10.317221968616478,-9.324854305564862,-12.199249452740956,-17.724315974150112,-13.708660271825128,-10.191192534184319,-11.25639472472505,-11.10040972345485,-8.699919871463463,-13.07761907601366,5.215167680777969,-0.8924105809717557,5.953584224576272,15.161561200349805,2.5970647997881575,-6.905721422492831,-0.7017172016203403,13.600618286603478,4.836552245315257,-1.7771702153755853,-8.56309015060372,2.7795969706948673,7.327221503731137,11.332885086672702,-5.523677221117841,-6.18873971128246,-6.121000806162157,1.159871857113592,-10.18916243832365,-7.825690475920005,-13.467858058377733,-10.082163368402862,-4.7769728108740805,-6.752098007885762,-11.479027058656627,-14.145670743187795,-7.781353315156767,-4.936814812398176,-10.98072928028102,-11.09454670518909,-7.909600786001583,-9.679837229178945
18,25,4,-2.9580988233920356,10.251367964032225,-0.11160488325602813,1.9480807298067497,17.097802324811138,6.416879256874916,-0.9158381460143661,1.1197046035355542,6.895353133670939,6.836777631488699,7.078082843555886,-1.4917661837733742,7.893634195555933,6.68699831571203,10.893723572490783,6.000456300382386,1.6279682788384584,6.308516991472372,10.927042650158958,5.162609655364623,2.2237759397774024,2.14639712421496,8.852645612685242,8.004903852008283,20.21715679439637,1.5646899805358814,1.6378261504649387,10.049857466281443,6.960726672170182,0.5144990756383689,0.37328891105461537,5.334345254865359,6.714243864277147,2.782666246520309,-0.3524556079845319,5.771042755804956,9.777604195124631,9.481505992504335,-10.467479948996472,-0.6855213737864869,7.897692509404407,9.188925931349443,-3.8456036894150616,-1.3427169483336736,1.261054497986262,7.665976915235924,9.023591523285862,4.513528737932352,12.492799779871573,3.084811829053227,7.960553507224041,12.923857751234271,7.6221072127270295,1.4047324872780127,6.9216620235124635,21.96567895131685,3.133177473982115,2.394937851829681,3.4393366309473414,6.316693006378669,-12.222805582293562,-7.3844597956198275
18,26,4,-10.158059677767865,-7.422818647493131,-12.62512058762424,-3.658717129395128,9.838157795324202,-10.84328312211011,-12.795882136969851,-4.988046865563887,8.704153231333754,9.669595616710623,-8.467710821011964,-10.200476812414552,0.2230123091807095,10.714452503385342,-11.049047422590712,-1.1899763446346654,5.518412056594816,8.164060459835689,6.865783310881481,3.8139943897950572,10.448287494639619,11.527098482315676,9.747199893741657,2.078228053805794,-23.85061738185766,9.804315308994825,5.666926798683295,2.730031844546518,3.030286978112486,1.8142979551083962,-12.992548352289132,0.3912335001116781,-1.2912912794002684,-12.3819287539596,-10.772778616556552,6.927105991215237,3.4320880524450676,-11.68604478839694,-2.515422832175361,-10.403503241369547,-2.221818448328297,-2.941623650445806,-15.752552437164425,-35.36802747554894,1.227830470085326,9.78990367000423,11.436390195541625,-3.217123273697614,-4.937259977831075,8.283861935672512,10.27271335208561,3.9308792974618143,3.017423124711325,10.228798893433654,12.893865100698688,8.953863597861153,6.393893069809118,2.4975117655675394,10.740837680386015,5.92230086481744,-25.83856930170301,-0.2851880121430982
18,27,6,6.455152432448465,16.957063199429797,6.014201115544244,-7.466448197095864,7.446229446315902,7.912288391553773,0.764794286999216,2.3870709632443843,5.042342617937434,8.101007526240695,7.250531694874527,17.75596817296634,1.99317237487767,6.381904558755645,4.845182795849875,0.4706497759808125,-6.743867900216859,4.9980500081508685,9.813208377215917,-0.5169537770789029,-8.594723674763996,-0.8464232478290797,7.33701224982698,13.809694028573062,26.285728058685102,-2.3417931558200857,4.95940812100179,2.246039452530992,3.9815430983719304,1.847199812576903,2.934963596814382,-2.707084672235905,-1.7845659961401523,15.288775061552483,4.4992140543408565,3.0885441597187655,1.7250889644393042,-11.331018951873391,6.918320825987879,17.802022609859705,8.045395126816153,4.8124299310431695,10.444817689020281,25.274242399941844,-1.2646285385846738,-1.2587619129591034,3.132631823937291,6.272584879376202,6.1625053276217105,-0.9425958662702725,7.718508880494569,8.045870018441496,-0.013685271916230313,-2.229283114440919,4.556929256943078,3.3584024116351534,3.0711154148618616,12.100281193988721,3.276361968345582,4.67203729522483,25.122902437953705,35.90028299318579
18,28,6,0.5111410693242787,13.914651818755202,-10.931959462871705,-19.557512137630006,8.464541085473286,6.895911945393541,-5.033073217532796,-11.24882008337484,-0.3997448231661471,2.3355725848019437,15.352429451489055,11.464542880563483,-6.965006624507472,0.26386494718196785,23.941385423264848,10.1853612130735,-2.1079973400366017,-0.5647775479933115,13.346266735793746,6.742163765846135,4.599180499455194,-0.7260071591633124,3.131235023888067,25.081705228221146,25.055066703727896,-1.449201950224163,8.961499652132487,1.7834968664484656,6.28027867671193,-1.1810850395037356,-11.033691475423415,-13.006062180271627,-2.4328217858721213,1.9068705620295252,-10.145775020142404,-6.5318217146687445,1.9020821692694616,11.88738754178148,0.01213007804188107,10.91994117180498,-4.136047515910252,4.581561808701512,6.05152805900292,16.264071712452104,-9.119056491168473,1.870223322162042,19.89907989351126,11.114962839907623,-0.03836067636474633,-3.6516138405110334,4.876088129674515,14.05333841183199,5.482731434255385,3.4875813370070845,2.6380570825961636,22.28616214014316,6.26425975704248,25.1321493836983,2.471346327904385,2.7860876207762377,32.37837323255655,19.410982817524996
18,29,1,-10.334417877054385,-3.460244353387856,-10.671955331149167,-26.15244804745134,-8.557569898937539,-11.0275752118039,-1.3064291502190077,-5.624556270995872,-9.189460466820298,-5.673108207902346,-7.635755100253421,6.2308475974458855,-2.762745600159662,-6.816655856772991,-17.19234535920934,2.9169556296901877,2.403778881320117,-2.551537411514575,-6.942070702227147,2.789412035373971,4.9193042185520985,3.7559755917343254,-2.437500230877135,4.325332788159934,21.682014516486632,0.4344812547106568,5.191350827542296,2.829782234561606,3.7776134855045753,1.9061143652694965,-4.941238159961186,-12.79985280633939,-11.760451067738776,-7.591021175473569,-11.21214127463356,-13.806235394610953,-10.192796045425915,-0.6580802005511248,5.527282849282151,5.98198094832279,-10.202162224776675,-3.0372245770356603,2.999106044313166,15.827426235929762,0.2276758459430746,-10.645532954487766,-4.235499936476117,-0.36018854910621334,4.73117535562459,2.3415324454843187,-4.238047784466931,-6.0715829147446225,6.842640506807809,4.402816000962401,-0.09888998891522342,-3.9453840151701765,0.514243922991361,4.922712429994489,2.494483412550082,-0.32896278548145247,-3.8677387898929823,9.56400080184202
18,30,6,-19.60643648569722,-17.91049308366166,-7.479217041749507,-27.677337768464902,-16.644124867519505,-20.00153280503866,-5.544069039506167,-3.4768125926901816,-10.3410798430829,-12.393332441110259,-14.998975664195486,5.469247394809271,-0.9541150542180536,-4.483537870391113,-8.976078827740487,-7.6835266938603395,8.056856567040086,-1.3012385872624264,-4.85200861082753,-2.2951613763228726,4.253409112985361,3.107680694376142,-0.76286667372986,-4.567466826700581,-15.525399904919599,2.824012444672606,-2.6241595237856594,-5.9612723735229265,-1.0564524623360945,-4.045203256386717,-5.6253198584677975,-16.273512304527685,-15.543938746891639,-8.014897690926924,-7.127923522290075,-13.88750121976454,-18.481118573000796,-8.351496446855004,-2.6889501388934325,4.855251128399152,-5.2039372464499944,-8.880135226245155,-6.224543236502695,-29.901903406512467,-1.3637755261961284,-13.274605629170637,-11.5034735166445,-6.631588933807681,1.802745227131243,2.827817352556779,-5.534529605062632,-4.2559607506888675,-5.335758840971875,5.4442143284193225,-1.387525363439103,-12.755901079360832,-2.0211591669244746,-3.906758789041237,1.2771813646640362,-2.0384463682066567,-13.682185750040107,-19.074581468795863
18,31,5,-3.408408905078499,-12.311833960163156,-3.3320190462215633,-13.75041252268739,-6.494030928954752,3.9936956436395983,2.992129348456951,-5.415864245784353,0.10400047597316428,-1.2932672609188933,2.287093293512375,-6.104047131951804,-2.9158717428075676,1.6589964894441565,-7.543838118401739,4.988957577725737,-1.337110992157605,1.6601437859594976,4.838572981435145,3.4241968579931075,3.203374695271345,-0.6702829306808912,8.084806204432763,-3.2478926391567926,-15.796208075270428,1.1312647657468915,-0.9071256146658347,1.0214869201473655,-3.0262138633364106,1.770599518806947,-4.652096143310389,1.1078464866774833,-0.3674687578274707,5.351392172379189,-5.083982982928295,-4.699817473012046,-0.7268974186352845,4.605887212472537,-1.9165701136452993,-6.071895766639852,-3.6818207526556797,0.8415883096707314,-5.487328037000603,7.555064875314513,-1.2590207213439366,-8.928286742350856,-5.121267211737064,1.7203304668456836,-3.538520803834061,0.28664446302984925,5.341185994026044,4.682280780432363,4.0071517524320805,-2.098394588272017,3.7212988669393456,5.72099152680986,3.8116532842310678,2.205827575086092,3.643048492646434,2.104149552584602,20.080587720498443,-0.48414326609373526
18,32,5,14.689873914120765,12.112839663991847,7.753766816234356,11.33736612770434,12.6195220792348,17.545633485688388,5.847380484181747,7.634015587331704,12.401307381053526,13.323217165077152,8.919866602549824,0.6270854608269366,5.869796796593953,8.235533510675516,7.80855236041768,9.691375045142724,-0.035714125601438884,6.315180791851425,9.33371942124625,8.953528370679829,-4.573937014494906,0.6610992567204841,4.1243328966069726,7.008690088941924,4.816918373414566,-3.3693666022225464,-3.0212057603369824,-2.742921759272221,-0.925148447702934,2.6920976644131973,22.65559766103127,18.48859627567595,20.7122622682605,11.478047437693291,9.904672826276856,17.190237153684958,19.109975207528876,10.31807688070552,4.280463016546537,0.8744100772480405,12.109435079119562,16.74498533429124,11.02472575433643,15.064023207759531,4.662946749842025,-0.7203564610241386,7.542651731418678,3.124366311061125,-0.9985007304505154,4.888059866989438,7.493405075880083,7.200329606277543,5.634360137486424,-1.934542683220081,3.0602256910841383,3.439100034285063,4.746728645421834,2.5137746513525894,0.5940382677675575,-1.2401206732682155,10.95869848218451,20.656984941306987
18,33,4,-2.429227255438111,4.087726457044482,-1.0179483459853533,15.54203334735229,8.744728369768943,-11.359626047256425,-13.183604908425638,0.831195905861422,10.962814491514749,6.42335498496527,-6.085396555945183,-0.24054718358305993,9.088881259193505,11.205373099647321,12.956564238885559,-0.8022777138891192,4.194427564013295,6.4795652560367225,8.261669119865422,5.121740295529005,3.1259345123317193,3.2396849031196675,4.415836300791766,-4.5651537373934605,20.381477950277134,0.6809845115152191,7.2092005489961934,6.237615612585364,4.374439834866946,2.4895498505339195,-6.53363569539676,4.127400222075422,-5.033034149682287,-13.41396271294302,-1.2052819136098587,6.775026580835574,1.7546700913368203,-11.57659659225766,1.887305598637861,-0.1950868932961885,9.552986424651975,3.5368725752298977,-8.647931670656474,-13.262138432482399,3.655007160666241,10.362408545913128,11.975713723225565,0.07172445303060504,-5.411655125426831,5.726932751696289,7.884921702442738,2.986545693220165,4.190292909605112,1.0961596278825838,2.5617957829793037,14.375345018942188,5.4441305236527455,0.06962547510317263,4.673281430153224,11.707306334941947,11.239448366368684,18.837608291426815
18,34,3,-14.24068126579884,-9.451976963000867,-9.281532085818675,-2.4514666038851773,0.12840035525945698,9.13752625125642,-8.92347794529278,-4.664686245079965,0.13789878234199165,1.6737880304274033,1.6578660217772525,-0.8846106908465854,-2.9667144188158394,0.003642899461271165,2.666612015968964,1.9149293332735482,0.11876036808258206,0.35458072051462636,2.7622743978778432,1.6211051764761706,3.459177112564578,-0.3536923262404237,1.944404298431105,3.836244879080345,12.55687140821048,1.9968115056342446,-1.4520440558425909,2.762717713511029,1.2603746871258101,1.411606700440708,-8.385707649947479,-6.314556799806294,-3.493295159145462,-8.710939914124404,-8.26509967060169,-3.261279872902554,2.0773825244296624,-4.525712823381694,-9.328225262656172,-1.3824520773118045,-4.901400500334938,2.480267413681734,-1.3286368474037729,-11.301765552926348,-0.9654070238083046,1.7114502131575482,-3.3477585732527997,3.029853069882204,-8.837718160016605,0.9326839792916957,1.451485332555889,-0.21894098945791152,3.2552344062075957,2.62966121760447,1.0808690120409274,4.690831211815793,-1.0129272183062652,-4.472376306544105,0.05217065381613062,1.0710595005260013,-4.34383630320975,8.31141118380446
18,35,1,-5.389834783596512,-5.787110044246132,-3.5935466448242592,7.599728120865707,0.8532359923531365,-5.093971236836072,-5.1853109247472835,-0.46329879792543394,1.3802692971636656,1.3405676910755924,-2.873398744168966,-8.392475737667667,-0.17746260086437943,1.2349524194283816,-6.243253293787918,4.643694716732857,-1.2150112646276978,0.21930979410322682,0.9116942865160739,7.1327100044141964,-3.654871240735234,0.6530050614212705,2.449721572154042,0.6164249153807753,-10.30780732452234,-0.12427878647186597,3.675875929161544,2.847328304949148,6.367200485158076,5.182818975367744,-0.8557167313879399,1.2588977682199793,1.8707894643132628,-4.826146778742328,-2.6137001462757756,-0.5210958642987308,0.44017655513016496,3.60020858887583,-7.277261477690644,-8.547013598516946,-1.3040247483834881,3.336190964834246,-2.262183195359085,0.8727096664355831,-0.7081537195765297,-3.544482563486002,0.9346507060818543,3.8070753993829944,-2.5687166182551433,0.634024957206282,1.2559290865901858,1.943175095530999,8.584066771067363,0.6332836637852671,2.4317751062988515,3.9317154500433995,7.857296146776121,2.101186371476549,2.718207197763572,-3.049270875161376,2.8792486875424474,5.655854544301357
18,36,5,10.818665318145628,13.986201132738545,9.4172163608643,0.33789132740462025,11.513016575004718,12.279740342810726,12.225098281371878,8.80841451656164,16.268569394230564,14.349492453683238,0.1602145212861453,9.951487210281792,14.596351497488584,16.302281573664676,3.1329819699522217,8.203045073419624,8.503842203173694,12.157383665851341,13.29689164927639,8.341402059929912,11.779997381006883,9.969003307837532,9.717411978011274,8.665826046816644,23.767837342465437,4.1737023788140855,6.4628425284413735,11.18528857350168,6.4615611760172875,3.067144665344642,2.7103850084169556,9.259154719323286,3.8274989045088796,2.1860223536595433,9.280781423241443,16.25714898543295,9.09596597647476,3.1581491534257435,7.357365005649626,9.013318299815603,16.690313406197774,9.486318470228737,7.377915246923244,12.654547158924002,10.630674471510808,20.05131197096099,27.601000193597326,11.304196050163453,8.685148920057483,12.800087487359136,12.040237983947108,8.866846691817045,6.767383087676286,10.594690208266513,7.799035271084531,5.0868958579603465,10.87650155505484,12.85480599218367,7.024774247493665,9.812718548607542,-3.9015086696698966,17.78809711414322
18,37,5,17.113497022607525,-5.2666604517811395,5.397943890233315,21.4654534844818,9.93813901951127,-5.1767456054960075,-0.6204700480590049,4.271709548298085,8.945842134698129,1.3127986957637061,3.753109300872539,-3.131739695170303,8.052597224666947,4.232890714857179,-11.443104315154466,8.26117188478934,9.70395773384583,8.07430390280774,6.969662707639719,8.595327182786493,5.809887739966007,8.450989911855174,9.871301697930555,11.841970125349562,13.222934044568191,7.8428044520863684,17.202082259137555,8.740714713945287,10.248564877888048,4.922807430730644,3.412469044100587,9.266908207866384,5.547302162751741,0.848814536647008,6.0224237512660785,7.577751256707243,5.065066202890081,2.1466131227931413,5.645024515529408,-3.6784571050552723,7.388709884954663,9.291252121315102,7.29378873084831,36.33052721583262,10.53220909393802,11.972582901623564,-0.6894194198681447,6.151485275000149,-0.08769668468342226,8.653070280828121,8.623176202791303,12.18437413092158,7.531957614723953,9.276758659676439,11.042901298349234,7.859385820710466,5.0208072223496165,5.858793431472755,6.939438985706097,8.465101616911403,-1.5849105358555389,5.374762087123375
18,38,1,-0.3793735469736885,-6.814290446274704,-4.627426261701283,2.6152253910535705,-2.313783951626135,-4.941340668944689,3.318412041155302,-7.278764428161992,0.10808483550961256,0.025180192028240844,0.282437202395735,-3.7638463118658754,1.0329968952460262,0.9856238469606394,-0.6833553729130228,3.235211328364815,-0.7789060306613251,4.531393269128053,4.838751758611334,4.25520083634751,-1.0253794548079007,6.822703161511129,7.510865494901338,9.64476372353255,-2.8316186379056374,3.5684819376186994,7.872726393414932,3.665047506938077,12.97166298805145,3.829391205825318,2.3647831118688347,-5.274039466115764,-4.1252993920977,-3.7073081626397775,-3.2051775463538754,-2.3546328291001672,-2.4198088773821533,4.944331638049334,3.684320105830343,-4.585286705800125,-4.247283619942096,-1.4864600462520987,10.771057734031674,16.237598903477192,-3.245173480043688,2.1279533208154784,4.415035481746421,3.4507570537829366,-1.7152738507564467,2.9851880329263554,4.518508983196738,5.599065019885394,2.005198077821149,3.5568453945196827,6.869966287393028,16.488477034653286,7.731058034000966,5.117400764510395,8.42945819878497,10.256549252060854,-9.067697827289694,5.246112175819625
18,39,2,7.52579852395759,-2.8288511304729975,6.897930791334632,-2.1956083983603136,6.597074020699389,1.3569180220365524,3.7542397868933097,2.5019629633639076,7.705695369899869,7.69472930821158,2.552533796657639,-2.525699825362209,7.979421835137172,10.40885403643294,9.504089888631048,0.6940829770684971,2.8243309716046667,8.289551718964056,6.234872358056103,-0.3888961454262826,-1.9327342455749539,5.127832305027036,4.653088834363875,4.561266825000599,18.6882908424567,-1.5609725267490049,0.12741891098799307,3.831892388787622,-0.8758348791701024,-2.971977684294759,5.628513919530299,2.28414872812857,-1.9233214703229509,-3.933540683909797,7.064669471931155,5.005332145088554,1.5606596916346112,-6.060985620633317,6.300512146568156,-3.365660334697346,5.38499432692032,3.7322388295987152,5.871865974125882,-7.147743635583764,1.9811353759510761,5.949200031160171,12.600307308074948,3.6946398608568245,0.6748813255235735,5.684895630715774,7.236449834708938,10.037705079902233,0.08745273067502407,0.7311548962734813,6.071554879862361,16.09913760751327,-1.514547503422719,14.601316704863406,3.263619078391389,4.274696866415936,3.0052278224924,19.886195625666904
18,40,6,-5.675587137517227,1.279256136446237,-6.275968930397963,-21.492924514703642,7.935946962818863,-11.573296206117396,-5.187601761619853,-4.4408954504775116,8.132873949733922,0.7812471454054482,-9.092298782737252,-14.146778898177343,2.2787085818751485,8.605699103938914,-10.513137636024778,1.0494161212508755,4.116169652451901,7.286730122301028,3.7257183945067696,5.6856667022788665,4.956811875899936,8.75554545300944,9.390857298631316,3.905155261660495,-7.292023120129982,11.877486840662797,5.026208261337424,8.7294935740008,11.407278432908306,6.468778005539917,-6.042184289618643,9.66301944810988,1.6571378567733048,-9.412133778081973,-5.236667751888291,9.037101658629021,2.0334233467171834,-12.566379234808055,-3.636326889479079,-14.001730114056892,6.531391446467305,-4.038602774190466,-15.738841128842235,28.161521901035822,2.2872013002236544,-0.02815083410908964,8.364557722509588,-0.21790547934133664,13.899977632412101,5.649499921997006,8.097023891012478,2.9738941341525003,5.7122716348357025,5.837246948325004,9.085376146346013,0.38566105071705115,6.305170125487015,10.860084161196445,10.279932313155749,11.943441396965301,3.172908908528526,15.408712529180677
18,41,5,-1.4848136165315609,4.160575849208527,6.8557353007902515,7.091807152444169,9.863179530675819,-4.676769707431426,3.6938259309930017,9.816761914595242,9.626738956788696,2.1657088356910346,-0.49888628020473674,2.101417345903451,9.751440562853,11.11595923982833,2.7177230069277525,-0.42587486581831513,6.815448904762092,8.442329517406659,3.6385748139582574,-1.2815059446275407,2.125241672483887,9.187834492452987,3.3033076715769174,-12.5961261462511,2.3739463405274757,2.7274840400531533,0.9591753064688845,5.1087013075650685,1.5837054999272628,-4.190231487413343,6.891091884999746,10.06535114747722,4.015702187208597,2.014294221792824,7.838487398969697,10.489808652868001,3.7365764602791653,2.0470080343870123,11.450434833992178,2.108006563844023,10.88998559171834,5.610234107464408,-6.300992676272719,24.250527850738393,11.615750645082905,9.454264027248255,4.231518035391117,3.2569925190721873,1.9267111173284368,9.195446331053972,5.732857192099863,-0.23563968415425982,-5.262034136926892,7.43212524817394,6.289503300860642,-0.13702529571132824,-2.1513772999964322,3.380867199431365,4.036455345044772,3.4499022437304943,-10.322665847383627,-6.008291558175136
18,42,1,-9.09114218232926,-5.904186736338023,-1.6809025545627243,3.854273329094256,-0.09871306363493243,-4.406168379071287,-5.37080803717964,-0.779893071910298,-0.012426207886962831,1.2247052775467346,-9.160760180502223,-1.8292272606546554,-2.4538952916088284,-0.11750130394541766,-9.359555232452182,-6.899621891766428,-3.2201628037359225,-1.4221630405191665,0.45317266770161524,-2.735809148686779,0.4558098743692405,-4.513294083316151,-1.673257166576548,-1.1104091688218274,2.796940047566483,-4.394883886053475,-10.134397441873373,-5.074532926287048,-2.701141681181402,-6.8504889030236615,1.7115098662651733,-4.968986667579086,-5.808455437789501,-6.172454567592043,-1.1180209428094692,-1.212785681243986,-2.299458067333211,-7.7575530532247745,-5.881634454408989,-1.6496209829858302,-4.058752498021576,-2.9335649185927517,-8.338163294517097,-9.373514208689945,-1.880055121759454,0.2935466832288252,-1.7621924743289124,-4.952837458862804,-5.047224084222007,-1.5305161820213515,-1.1694429804650492,-3.0387071140292217,-7.645898025937191,-5.064323023154695,-0.8403181392733563,-2.713636658154428,-2.9502001680524614,-13.525221116659113,-4.901167713400979,-4.236090283670534,-0.7255657008144911,-3.159994801460969
18,43,5,7.741083576375188,7.391697253322042,-1.4628703591765881,-22.48857198101924,-12.520604187338732,-1.1752333040065253,0.004698966448080988,-10.96143066705908,-15.119183047322508,-7.023813174174332,-0.7463449598488772,-7.280079341425398,-12.424995806363482,-11.452006832355776,-7.672616528528861,-1.7468683449778624,-15.06481660268747,-7.8162348122142795,-3.6817351247399808,-3.5762985958462243,-12.975387905707306,-6.337615650578784,-3.3009572980880044,6.646579563685852,40.142726292697404,-1.7968003574826925,13.830300053127297,5.706866821274161,1.3236287338999897,2.457908782789985,-1.7385301368492774,-10.55889029047883,-6.988072922582483,7.609664165732881,-1.4367366010641185,-14.92511868874384,-12.189784443778244,-2.6037937778093636,1.9743486231334226,-6.432242563663576,-8.16218500544897,-3.8597600764663094,7.2019871541457965,7.325653269793266,-14.362347004548994,-8.565086698670658,-4.271106192759786,-4.539548914061812,-5.480850381833478,-11.511591839325828,-8.177969183511568,2.0838190484224124,-3.5260853768303644,-7.662565054061044,-2.3403591472746395,-0.33192593284042055,3.42054271579879,19.84603960130637,-2.7934237179323693,2.670845353192219,4.729910773974728,10.342417061419747
18,44,4,0.7631516103382886,-5.817639168320654,-13.81638764415118,-17.90623917471526,1.189250009747722,-0.6965992096357221,-13.275291008261478,-8.593652840363005,-2.4429702501312462,-0.7728232879066717,-5.85251147004707,-13.446456725731862,-6.2718193360672405,2.6811522002695365,-1.401538360046175,0.3167805526314709,-7.74461099651512,-1.8003521058935563,2.193053054827743,-0.17544560139876653,-6.302141767869728,-5.760436170144763,-0.5327827279830759,-1.331346709508359,4.3365411248921255,-3.0595477931655766,3.5706944564902576,-3.9209189801363333,1.3255247160928676,-0.2251243340135432,-23.776890803900788,-7.4566665358114514,-9.275760336710906,-10.404760399146195,-12.952451995324061,-4.4523196898219055,-4.172098771759834,-14.549999028626017,4.086601621675783,-14.465867026848159,-7.31319161371624,-2.7523904102811803,5.144316796985702,32.07943857824659,-10.112629193903468,0.2032983793263756,5.950812941740791,0.03219042677807163,-20.759072867108554,-7.399338865371587,1.5042687763755258,2.462428966150961,0.9013148989619282,-8.467366322284422,-3.9937608220682663,8.767191306112917,0.3273276060637903,-9.651420136595641,-4.738857976955973,1.638267584690234,-2.916173374939077,5.640627300985753
18,45,4,-3.48779918994505,-10.756970143081945,-0.18845283349680586,1.0461196218526396,6.643245869997618,-15.103341271373903,-9.341154337338196,-0.6852662234663622,5.8153353326601875,1.59305119360002,-3.824230343216983,-8.12013490088057,3.141258630106544,8.684137646008068,19.38010359970035,-6.162024825453618,-2.4108357048343576,4.905643165202402,2.509720104860097,-3.676214723382145,-11.333153259895022,0.13795464648297392,0.7067904206696984,-1.458316756758792,-14.91251933974463,-7.840124401990778,-12.195058931272891,-7.313718761749017,-7.176008073295036,-2.4557279141665216,-4.8821764201289275,-3.119110543212697,-8.859072857904081,-17.26976325867198,1.8241148928873148,3.32670548775733,-2.9525729803817096,-7.396468840335018,-2.635196395414291,-8.632471648044884,5.456502645821652,-4.422163070111372,-13.412100364482498,-23.595083178816036,1.5939209708878654,6.995498418296894,5.52575569084232,-5.007518676541197,8.200240246479177,4.224716457816569,4.574488328588081,-1.0276050480173495,-3.8940587854012847,-4.3695994167384224,2.961741781219976,6.906315541576326,-3.0393645515120236,-7.6534147837948865,-4.808909913065004,-6.228268239624438,-9.576611572297338,-14.724247140508911
18,46,2,-3.7330341315487523,5.245924059619626,-13.741629190027439,-13.230557029271822,8.047376746959172,6.1487046581886124,-0.30312517702738606,-6.866455641575158,5.646531195838352,8.512550980655515,3.619339606202231,-3.80922465903362,-0.4749389231125493,7.752841102697596,15.468366503749579,-1.01884414925717,-5.140563984878544,4.489104685237313,8.941457931048848,-1.0953178443355363,-12.862328408967429,-3.6881325958103583,2.9896113056825784,-4.948794121115764,11.150067951058874,-9.95423616906458,-6.28027664583812,-4.170454271966819,-5.261497776728216,1.6623824051149738,-6.346808676074096,-4.3877712153352615,-3.0476468126175975,-1.264576384048091,-12.179198434156154,1.255945890006132,1.3855251245833813,-8.760065563806764,-17.85863527237643,-3.7506304204395793,1.794775870996359,3.0380850527435546,-5.559760196368699,-13.099621850628083,-5.546622461968716,6.558253424139918,12.893073611835973,-0.7071518397254013,-14.46707205365345,-2.1025980912978066,7.965678978143494,5.219812609130379,-1.198975616963807,-5.940930915292257,3.852837459105435,0.33636421091264146,-3.452064519648714,-8.167364446332725,-4.094056958185009,-2.8079004819794564,5.2035312137634655,-20.087655792875992
18,47,6,-8.996576782724842,-22.578513008565086,-11.701590579411969,0.9907846869900823,-14.453135354447225,-6.244301853480005,-0.9874266611423514,-4.935989817696351,-7.5164937867851105,-4.989635502834374,-3.341919817677816,-7.8269494973213884,-4.7620639322530005,-0.11577483910851429,0.3696664546321084,8.117223875097382,3.0107704962468183,1.846426888124836,4.8785241737098595,8.599811833692579,10.171210438785394,8.857530764774024,7.056944097586407,7.136816622445177,-7.119237194519223,5.362343310719219,6.555783718406992,6.606309888248403,12.426938299135093,1.986298025960509,-7.818961482938903,-13.063313642253728,-13.244028052002774,-10.287173379451131,-11.376272553135074,-12.516886692741883,-12.099979492767549,0.8926358450056491,-8.320416088840675,-7.204877689097459,-10.835503622276212,-4.089065600709035,-9.56915421786196,-13.701590599827233,-1.589285323680265,2.680459262240997,-7.237326945439435,1.268336652670193,-7.20498575681889,2.390678497167623,3.9393384366029323,8.572441449093562,6.299146994857524,7.108924801952612,10.912111464637988,13.59997757393639,10.35616740543486,3.9036913695858724,8.93927698346173,13.827366759228262,-0.6993649605116462,-2.5548022994998725
18,48,1,2.4678487802006344,2.664436637003703,3.366710745820368,3.6747360040700596,11.99492108485685,-1.0097610278242473,0.500085657871352,5.969299484350967,12.548576126329413,12.87408410827061,1.7901085166306017,3.415234753952886,8.05065464482802,12.796777997830342,11.166003014801483,1.7458774935590406,9.859635351634608,15.334456953083775,10.271569819314548,6.023407146152922,9.122950878119235,14.750939568822712,15.548825729229463,9.562572427639145,-0.09028739828570964,2.079857700146598,9.574892495596993,6.422196549397509,5.61610826352475,1.8106885268352926,5.26293003622715,6.499715015669807,4.0841693325513395,2.747700797166769,3.3694858350677466,10.27421453154487,6.05241089321037,-5.398741033848192,-4.371541891337897,2.7796397866090627,7.76271399736359,5.090780932728838,-3.6515355651528103,7.1618684669161565,7.448790313721427,10.5264000862428,10.385465504544811,1.014366887373533,11.150408791877872,13.15218548031337,13.197144880663698,9.528262490134047,5.446318846411734,12.599478529561772,17.903454826520075,12.734883526232235,8.85652877971893,2.116171560810648,12.154142985165839,13.955657111628474,14.694582193731057,1.3693758876269864
18,49,4,8.092572613772601,8.69635517901575,5.921963702538051,18.497085122641458,10.575015339086114,5.098206440661186,4.572331606330944,7.622313819439491,12.899972074085893,6.228188002527478,-1.2680162373112451,-0.5073398737429928,10.062428965602388,8.837122131513842,5.73103753622712,5.399796986793411,5.408878267425745,9.181796466647766,4.856119022857994,3.9290019274893675,-0.8707764760432095,5.729270134092786,7.316897921979695,8.256141476935088,-0.7106122266410324,1.3578529958971688,-2.664727266423585,6.019363770579417,-3.895526346903888,8.953900870764866,-5.067407284499847,13.757635079943222,9.27936780707137,10.118067538149933,7.461108528983373,15.03116603393005,9.337097917160975,4.3574990547668895,-2.4423016218053992,-1.0556553217792541,10.303607594170726,2.6117557029398872,-2.7542453970442096,-1.1329670651963473,7.89703129226251,10.482956815738136,9.382332882562817,0.8954630776694626,-9.616678096035988,8.16527105857339,9.395628869192818,4.7303745040511,3.8848956220488007,4.228981389982126,7.1890991310611705,13.416814109560379,3.08170155047371,-3.9619670686221156,5.724405388875934,1.3245134394525024,6.916411781910712,11.924310351835517
18,50,6,-8.3055183806502,-7.204389738651541,2.508962048213395,13.054256656604656,-20.305771661377175,-12.187303790399548,-8.199890068062103,-7.850775749536184,-19.122278512131846,-18.40232806058782,-8.99465853185677,4.2962546403656106,-12.820989679954039,-19.548469949445536,-6.949965537627925,-10.81148753301581,-8.308796245536604,-15.485148880108284,-19.044035513726314,-11.083299492181999,-2.6715530751432075,-8.795938006579512,-14.007613708685364,-7.307526066763012,1.8835937854345537,-2.6191048893691398,-8.5239062790827,3.111567598086124,-3.6943382204715394,-1.0990091715257888,-4.62579294553072,-8.38210946435063,-16.024129693282813,-30.518564806933096,0.5976477357127319,-15.220596654783561,-21.158029925032714,-2.03136161663825,-1.2921386439745053,4.264712375934055,-10.844985366992018,-0.9675767782482148,17.673210524533676,-5.073305645565751,-9.555312579565847,-21.29687662440828,-7.57286232584383,-15.452066349728799,-20.88303124613878,-12.583403783327922,-17.609991955218792,-10.224513456043669,-9.599497096067886,-7.7063937441150525,-12.786458209315988,-3.289927902268019,-8.755631086158159,-13.22633679565496,-5.681446416110439,-8.297856344137246,13.79578904537256,-7.014288592345372
18,51,4,-12.756748532081344,-2.363382652186131,-2.7076154802925885,5.779649083173219,-1.0951725290676526,3.2565604475193384,2.0381184299817177,0.5145307667212697,9.181563658834996,10.772219772916287,0.4464548742114687,3.2418397463994393,6.972396779941711,18.11851828120132,-0.7952395616689836,3.7889054439643908,7.83489278300166,14.774160520673336,16.07193109080219,5.994658544475053,3.3787905658118254,14.659706085920334,17.558676215240776,16.11516207547449,11.53695259988308,4.057834376416327,8.465436894934983,4.134188792770502,7.700869811028696,7.945911014698191,-3.641409482136823,-4.3144319785713465,-0.9567932058807209,-0.12559549151578986,-4.987279597703915,2.1977352383092215,3.895021715542168,3.2624513763570917,14.95130278025868,3.11290668459927,-1.0399102422290918,9.875836666696134,5.073650204613461,-21.276987669342095,6.444167805006495,8.541878875418822,15.662458838457706,4.545069173205549,1.9178272595220214,11.241705586247868,16.55781385629643,10.213798837105907,4.503391550124122,10.0667591980153,17.855057473135428,7.041839673865316,13.082701614132246,12.751658578235773,14.268407352263013,10.748946781292924,5.236324994007079,11.16101167732622
18,52,5,11.46148661224218,11.067779758990529,-1.5582011937754374,10.285795169260647,18.15640586302276,16.874832792616473,8.665239438232847,-9.036798093714985,6.209869070932628,11.36679822088378,18.33781865863811,16.288910956880102,8.438761117436538,19.97829325061018,39.73033718873815,20.146518131400047,-1.411459621871117,11.664960068880534,14.883645906135811,7.757884589251036,-1.4180135147010038,8.73600656807241,11.048816427436558,19.98423442053722,45.326187708755846,-7.881198680891494,10.618166250165366,8.254649595925354,-0.5840855025936182,2.5834708551978456,6.066975200213724,-6.939981029658555,4.0203303532992924,9.203890588815984,-1.5098988491368885,0.3270426544746965,5.886892146589922,11.279432998481768,17.763328523216092,16.424396102725552,5.173534714866702,16.40582383212792,11.133710243233779,11.996634581819082,-1.888357877663177,21.193604399154836,34.63677761394805,17.150885601596137,9.068331047177045,6.92454697879986,13.871556815395993,20.235864973286308,4.48398673186851,4.877047300747619,11.632739779743837,43.94021374677738,7.9772185523562715,31.85926096541127,5.304006094482115,12.542841712217317,28.43198561259522,20.03918011899946
18,53,5,-1.6481571354443298,7.315996504343324,-2.8230439882509697,-3.1629281757433496,-8.557389237492055,-5.6416646563334405,8.051276740170842,-7.369260446690931,-7.74906218535176,-6.868383236479281,-3.535656385078298,8.56485201168533,-11.200249568508125,-17.378352827233513,-10.855755847674324,-2.2038217487222544,-12.202927703310436,-17.939366259589416,-19.857590198516846,-11.604708277007074,-11.452310321761711,-17.687255260057558,-19.54815893140961,-19.9742424331787,-29.712279191104365,-9.101100679941288,-12.219436357979006,-0.9126403569811719,-10.353856141167906,-6.551366068331931,-1.1902836501746001,-6.629787905096285,-2.3439125976547937,15.265827892575318,-2.2746894176135126,-6.789048850400057,-8.040304965359475,-3.223140838442417,2.2301119244409007,8.965559770830163,-6.545249781775766,-3.755893647034723,3.511254791681452,10.388627927335792,-9.693000952281599,-19.2817090361538,-12.111038627489123,-6.142474769813392,10.53925466399765,-13.605076974712123,-20.6312498353967,-20.26759165670815,-5.4117538536751155,-16.666528211861127,-21.566127603373875,-22.343970342198528,-17.814655559109053,-10.401227332946915,-18.022198456271393,-18.763613523779107,-28.11177250156859,4.000076294797134
18,54,1,5.428946024973924,-0.4932077629491687,-3.657324008507334,-4.304285492634448,5.507451577838965,-3.8282718142017558,-5.675979997849139,1.7091986009717648,4.7943436832780515,4.450310112039627,4.302139923291667,-1.4010560159321606,5.822250595664117,6.312653492187811,11.274451024211354,-3.92293781694593,3.4487717374080287,6.227873257027722,6.940094648337946,-0.6516082035292435,1.2803550100680892,5.549566964090731,4.796641997743125,2.0394762943657794,1.800951715377046,0.7342390951575575,2.250470247914697,-0.5392266925219903,0.3540610441392871,-4.5097144994254394,-5.858247741971666,1.2428324141357907,0.20567854425142829,-7.380064469234015,-4.177585494318382,1.6529920406003555,1.9718938874444223,-5.635349111307819,4.4908107053602055,-1.424064517872999,0.27808097191154957,-5.03799193329746,-15.600985137382285,2.4535879809239,0.8982213233461283,11.46827333999752,9.71987593821364,4.359296381273366,6.324753675632539,4.246145718730986,6.960750945903385,3.3343694981914487,-4.493151845336642,1.6354869191139796,7.4664853056665645,16.516996643153902,-3.315527162764495,-0.41915895164271294,3.2304154811426997,6.753027375333197,13.998550998694382,8.124859877572417
18,55,4,-17.900635086874495,-22.287331636268174,-12.310947348211798,-13.887830775776294,-15.018069352673534,-15.122311890846488,-3.745370911479724,-4.775443712646915,-8.367446388819303,-5.005158853932944,-21.77099810313807,-17.678783049897802,-10.076628267779947,-3.451950832014541,-1.705516550871657,-11.319805273854335,-8.087484449393788,-7.531829133902383,-5.643234598427648,-4.652950954691667,-4.426213809391257,-5.4727264036447165,-2.4402287870463795,-12.307649026193268,-11.806155350286419,-1.535080935715175,-1.1778388869801029,-5.2347494042762435,-2.0488535705953845,-12.835514812219168,-19.488216259357774,-13.24559627264375,-11.273270267073254,-9.924105587858342,-11.366125942514529,-14.481569267627664,-10.516476970870142,-4.125195119166523,-19.248242694418877,-17.36322611409081,-12.763948754475615,-9.192866851757394,-21.308286104987317,-38.14671184395145,-5.249486896178184,-9.798891818968626,-13.258136146043128,-10.40190707521922,-25.021829681789,-7.745888673359668,-5.761330006294884,-8.395023579641084,-7.159158599676517,-2.124129785775638,-3.6594509435136167,0.4491293468035553,0.8764420238312157,-16.091065754790275,-3.4363622740365396,-4.540187781517645,4.354556383107932,-13.93397276418102
18,56,6,1.0490231629370186,27.14109848657758,12.740435302802709,33.738857960919056,7.99419659569224,4.066578518667418,9.902432274607174,2.3522153633288916,1.0363566579109782,8.226808004876283,7.4720819866023485,20.33671615127382,1.6761849840489653,2.2324567711912096,-9.5136814877936,5.880332634352696,-1.672456373432197,3.736911679845211,4.042649862160566,3.607853899448656,1.3346972631733514,1.9939806037355312,5.083364701135621,10.323219026620619,-1.3267744639576065,4.75181679354225,1.6117333702107017,12.682874830286364,10.434484818524384,19.479421938519646,15.945266577574165,5.175698913736037,2.174097167357814,8.484550979953807,11.398988727207596,2.658601660437585,2.9452553980574914,6.693641616889028,10.991149707174884,20.101545810699463,5.648957929710244,5.13083083439255,11.568470707492583,14.732950347634711,1.0847670827628808,11.328890220829981,16.114400401848638,6.4551729233935475,16.854725916847215,1.8459948333570881,3.2469986900885974,4.475585236148792,6.511755734139762,2.665513124342485,4.8064999281849,-20.86480359625208,8.021187163866697,22.123461193155215,4.00652219936615,10.852422162072687,-8.176712119315821,13.274391401036667
18,57,5,7.718749213662766,-8.698176741009437,-7.886337121176287,-18.193921018028394,3.1868214481623784,-4.331598228979401,-4.885299728774442,-12.218739909687773,7.262000592118808,2.692568901798507,7.464967503098818,-10.426403812155492,3.18026368797007,9.93648526869805,3.457599659086909,1.3915538120469668,2.4604156703529205,9.654586245515954,10.962298617437025,8.254498772584355,-1.1757473030877184,6.734285648691781,12.579682515434378,20.2366696377228,13.915581178987722,-0.5277820407525097,6.786689179109003,9.810654977319489,10.213225273188298,-0.6889557476416693,-7.178956255748321,2.0434023069399525,-0.6293707308018728,-5.3365485444664955,-8.477684236824418,6.898703722642961,4.027865894919647,-5.545838373985783,-8.557433910531605,-9.939338456816609,2.4059747415537966,-2.2797497162231943,-4.123034651868229,0.6109511622841037,-3.9814239751502156,12.878799866635083,6.755133844139733,4.770528726279736,-7.4025161538000575,5.5942059605177965,10.772095084292578,8.50186433234229,5.4413666603746025,4.545581316265201,8.530665123204862,6.636962008635549,12.58034005168849,9.54440613546432,7.115081975827131,12.501629670173298,0.9167488256878241,18.052224700870106
18,58,4,-6.984543549805521,-18.924125979438703,-5.409308451659429,-10.499701969162285,-6.124820726395514,-10.01395334294009,-9.890138357866366,-6.01244113042031,1.4224480040280554,2.5345407731195038,0.6703909285282776,-5.376654327943608,-0.9930809714899569,6.030478808245191,0.26716515237022526,-1.5863762818981044,0.9658726232989526,7.928620156159099,9.293114559344453,4.6068294895358575,-1.2781573245642572,8.277328531666681,12.55874688037466,5.653941835140496,30.54284920452573,0.13501946134322543,9.843113488108827,7.4031810395919395,6.614067014170497,-0.6082654516780515,-2.8875812144024433,-6.3956232553393315,-8.68425487903395,-14.714482368452751,-6.251619419775809,-2.4752499867094393,-5.561641186566617,-4.021045596361522,11.080988227503328,-5.30472313486063,-0.9942059014446858,-2.4900638782305706,-4.294628728158411,-14.580163286169753,-1.5760470770594717,-0.14109658090988308,1.265762774293628,1.3235411520439726,-14.82384105006279,2.4508240978437943,10.950460957698288,2.4675227832347275,1.794522580804256,3.0912223397356646,9.935146189953498,24.693697492978202,4.3784590301021575,-2.360149387153797,7.535883604585788,6.747516465748135,9.376751202045055,-3.576933712448651
18,59,1,-6.15689195721217,-5.6943344333572545,-7.577015642312403,2.380811306960292,-0.6768144682140615,-5.597705521882034,-3.7054327719095275,-2.016590623298613,2.293982394539366,-0.714610815836505,-0.056210229673038015,-8.010221115427045,-2.822576427891874,3.079664080880763,2.8869033033573412,3.912703675842596,-3.840548985433287,1.7495539214138347,6.234382448161429,6.619339570993697,-0.6208890836640473,1.5193265196810513,5.907362217685523,4.263218766061316,0.04969921086846771,0.45653996290355114,-1.6810069085530397,-1.253113026230981,0.5559942491307126,-0.33150313645828455,-10.974274063108075,-0.009533832076846438,-2.2553218893434206,-6.980293537917399,-7.71724431826371,-0.1700203008836182,-1.3628294687809015,-3.179932179542759,-7.797487539085898,-8.023016024508701,-4.128605169357685,3.3029761869437655,6.2915035292368495,-11.016255288907303,-3.7694745868807895,-2.6409345758942564,2.4805169674431564,3.402311315987166,-16.24283981804803,-0.14555723318921057,4.308621183389843,2.2740003624505074,4.327677714002388,-0.5956754489779122,2.48791465574376,14.151844733315176,10.583722290815786,-2.5171493795677686,1.2060474036715756,-2.442394788263413,-1.044597973717695,2.0002514158926403
18,60,5,6.365291553360645,-3.200279308721518,0.6917549622835725,21.116000210531293,1.8276516391623125,1.990711952150776,1.152842992581654,-2.936289653772622,3.731330020285054,-9.843366912316256,4.281833758577704,-8.540632863154226,1.5293409245190905,-0.3013596200485716,-9.128020404366682,-4.91350264627793,0.2777289698218439,-0.04009459986601277,4.1217756362507005,2.135904098974494,1.23193336415627,-0.37555544040213373,-0.3744826929575621,-7.346423165509245,-13.642154433650942,0.19710762134934787,11.531154872622436,2.678701142661227,5.137967730531607,3.100566177350672,-6.4926005128952795,11.19548171295262,7.752768491281244,-5.6345277867484365,-1.5108077299792493,8.364382703856727,6.1562121949817366,-1.6335816503667093,-1.607801757244644,-9.396368180305085,-3.790212855254097,2.8118432627865912,3.931881258991069,1.3123125652896186,-1.7186225631853504,-6.3961577397791105,-8.552358741759859,0.9703630067453517,-6.922857706452057,0.28761477121606316,-0.17002402715066925,5.516849498253131,1.350961963782404,0.042845436294134065,1.1982251406794904,4.201791660201439,0.21526268407384502,4.347406484073075,0.9249696961374084,-4.628020422340075,-9.476097445162697,2.591900237773477
18,61,4,-43.40346030491152,-55.88884610664557,-29.598271650512057,-37.2256679178738,-27.581992056493366,-36.324172327431235,-36.80869904523943,-16.804680239318362,-17.24127525527303,-18.054411085867663,-16.591978543290363,-15.11416949749719,-11.77836221147601,-13.023291621902375,-12.04104075630808,-14.243543809188951,-2.5560520148904255,-5.232620663532033,-9.348023157180627,-11.07760605278492,0.8573482481467467,-1.2800122225293653,-1.8638462682322783,-12.480017914368606,16.811111224042932,12.011625423005267,8.63625244522558,5.9533327718197215,3.02511867862649,9.672752494673905,-47.48955369068357,-35.09854919372537,-36.17327578765591,-48.521541012496506,-30.116648303299396,-26.62782106148759,-30.71084886062434,-39.759506690792925,-4.1144153265873085,-15.519056545343345,-18.694628719876462,-23.113472935720903,-29.297092655083024,4.833639400681798,-9.146514447996534,-13.590536898592628,-16.75675049133417,-16.87637675971519,1.3061683962132957,-5.699727999727904,-5.664608024242452,-12.458327905820097,-8.305728847751533,-1.1232935460227569,-6.334302459366433,-3.535861331469763,-3.6869722468914805,22.428517650812864,2.9586277962548726,3.1005587361003393,7.809410809800482,11.539785442873836
18,62,5,-14.401298041262363,-20.379630487775668,-17.95418578690691,-19.483208178877593,-7.435872551053762,-11.154252906846695,-17.35668529429552,-6.032063778285391,1.7400945811376263,8.29712443354698,-1.622388379597223,7.285134003846906,8.400400336002699,10.5644292604269,19.55502763781242,6.089670888523047,19.657592260437767,16.192157226114926,16.004894494465205,14.055055601692688,22.38153206502519,25.056216017865566,20.62817877384539,17.772555139688098,20.4300914285875,9.953193229600425,23.3459258564725,16.26305667910634,15.92396218774887,13.854243555560519,-12.842698336147308,-17.13881880924015,-13.163591159507632,-10.903162381759406,-16.810390468482396,-8.553375665586803,-6.379853944640558,0.69206409031389,9.121764440180325,7.080166859007103,-0.34530382364897605,0.4663066175289279,-7.900361313970141,16.926714859641624,12.87226829559701,19.814037141412868,16.1566629436594,2.4256346098987795,20.858083858359134,19.089672718924007,15.156471061906434,16.39384093467237,9.47490920208781,25.578202121141466,16.66341053939811,15.191378736221115,22.424515192033486,21.787791757321926,23.066744281478773,22.3558955556009,32.382783459635775,26.24698183885436
18,63,1,-14.685664796344257,-20.808099738649435,-9.792295107256303,-7.404695193856818,-17.632849785226696,-16.809526258716122,-11.34881833629546,-11.180062585584146,-11.821896662878828,-17.305108623647293,-14.515353981007987,-13.338781548925198,-8.390125360135444,-12.358970428090078,-11.795990162929401,-9.919352641828903,-5.504252005777345,-12.619805205749671,-12.301996526126631,-8.704745530059968,-7.0971002055945345,-10.32234747920319,-14.57556479733165,-14.7381688869138,-0.8515746795186168,-1.8674743550875021,-10.9105600456639,-7.781746219298465,-9.017730407166958,-9.855174797428088,-15.462801463666326,-10.23372882482505,-15.045927771730586,-15.700679735212422,-8.881077627407203,-11.034781045825563,-16.109964049148676,-20.112618106582044,-7.244918316489133,-12.86326336238545,-12.445994789812229,-14.139610462185997,-9.303933520710505,-36.46827332439218,-9.229683576111976,-13.361186739443456,-14.753267753096967,-12.006520484960296,-8.719997027772479,-8.84544170694994,-14.451500195835251,-7.267049703292737,-6.527806283028015,-6.705687900232833,-9.890730579519964,-16.127532508065254,-11.034123553969705,-19.54670628291418,-9.826225110329688,-11.194202213252824,-4.364110769999283,-15.259247875386265
18,64,5,6.444002008247307,8.01231072361513,-1.7037211479051275,9.900260813806842,18.580105460816757,12.642033436948939,-2.122207724744815,6.298908592406207,17.397340424177123,15.166071935216108,-6.592067875649512,5.1996684751002,10.567761122544367,17.469541576940845,2.945771336294257,1.2750842943560423,3.4857523630872898,8.879120213774646,8.12239396494882,7.562773568876565,2.212986775787501,3.940994147734651,6.500370624566044,0.736231898093914,-14.467829977184905,0.8447916845950051,-8.701156583822636,-0.761749218041985,-2.5436872975083,1.1830573835518072,7.489695112294774,10.854113224257786,8.21039989795082,3.4146033598340044,0.39949714730453856,17.217201510580583,12.122855803951987,14.58306305250153,-4.301562533956997,5.303806857631835,14.37230555549627,9.200785962728467,3.346613193805353,12.312014526843727,7.50092556977236,10.315594134806867,12.51798558453235,6.513187939982591,-0.7127708013660335,7.101098844281781,11.170940305129061,2.9226771432270353,3.473776879936183,3.3079097723097135,4.860072995013581,-3.42028947217708,4.509455612429034,-0.3426219606772064,1.15916223060794,-0.9036243401063899,-18.93970349262945,-9.066248961429041
18,65,2,-3.80350506728197,-3.173376415731249,-2.4177881746393886,1.0769727804097167,-5.160659642631713,-7.377632059929204,-5.931789969480257,-2.02501068432338,-1.5642094837910505,-2.713173016065326,-2.1735756987160646,2.411008825514284,0.1037061852928281,-7.72206433503547,-5.02343324344696,-0.08157116359826591,-3.7559235301294662,-7.089702523188522,-7.543899539097141,-2.9276237076147704,-6.00294633519767,-9.331646586427608,-9.399560460326732,-10.54469853848582,13.729392915627665,-4.914446964360225,-2.809781547862941,-5.928521375145578,-0.888208855057088,-5.813422614788041,-5.791758711245365,-5.833358155041025,-6.073583087486374,-0.7803345111450004,-3.0562978391422027,-3.722732937335395,-4.225087052551895,-2.0474660881999416,4.995796467160534,1.549905988035678,-0.9634998450918175,-0.8705175891518593,0.08965602183214794,-1.1282942255322888,0.19515580412145328,-5.116292651254326,-2.7377200141299203,-1.6185480530214769,4.803439952614832,-3.8440410716277427,-9.074613035014806,-2.866759159427602,-0.7822677182010949,-7.488316836539751,-8.883671979601614,-3.7298400510193357,-3.9630287043798575,2.824841207304328,-10.793688251500626,-5.942012914217913,-12.855472724470191,2.308025235083045
18,66,4,-10.95382074943585,-7.619613360749873,-15.6852551126624,-11.703119594461798,-4.687437736894935,-4.992341682610173,-3.7230215902815047,-14.632434359501769,-3.5226993948766383,-5.470541811548173,-3.2697651293767613,-6.750110775777477,-7.643122938427526,5.075680289275538,-11.561793932282344,10.38141099213646,-0.6815246130487443,1.2820684031651548,7.108613743918112,9.918927977622557,2.1994431495592703,3.8496433149500735,5.2526213062725455,7.6183338436956864,3.6108393745792173,0.9274132592912705,0.41594989620512457,3.7676121767542146,5.635451542849581,7.383442897349596,-18.40593552587144,-7.283729770357105,-5.009924925750169,-2.8003128608972645,-15.053804039553368,-7.777510994500143,-4.9486338598199415,-5.8850446557853235,0.36425231996832885,-6.0506956435104,-6.003499534628472,1.7481180039949973,12.302814142040274,6.219032229872692,-6.8865811022157555,0.5011956783965595,4.838835538614807,9.06126872426262,3.526953199469461,0.7171586718092247,3.4860075715838454,13.922721704422711,11.271942354667718,7.373609208433724,3.127271729953038,4.560000385407624,6.419842405957407,-6.425312416404402,6.9259717480234135,7.812048112297789,12.757577412585704,7.085584806641798
18,67,2,12.078527946716521,15.653859860695361,7.831423101696851,11.747635633207668,5.553425906004569,9.289195951653598,11.41868958504098,7.764783122463199,9.710993973083982,5.205514689854905,5.938906402304408,3.2349207743139172,5.99116462619021,7.447212899393379,5.2269252760154075,4.817657830965957,-1.8943382108629445,7.1162590537299755,8.620840754178236,2.5224703180194803,-4.187247878985432,2.3027657579982708,7.258221769659987,9.600299842314934,16.53291131792271,-0.27820944343125725,7.735529807072539,10.891633859540265,8.286243892411086,6.057765419803283,19.22459920250424,7.287549604673125,5.654858143682161,9.970012861803717,8.400789682429693,10.061430771664787,4.362635760749807,9.024170686933779,1.9186671965346636,3.6128843804912236,7.491503570989777,3.621986108355044,6.663302492818842,19.020717744090845,0.507492552942983,9.047289228282597,12.679453519275178,7.453068391158723,3.3948521171582917,4.900309138613323,8.380563538646463,13.456709431393488,-2.8950309691973364,-3.4085058520389016,6.122224511226593,15.791335927095359,4.268113238481442,-6.4089807092961735,3.074767594361996,16.138364366096702,11.121518647900173,8.103883159006154
18,68,4,6.786441509498331,12.893779430396435,-0.292779315552651,18.757856661590147,11.093179838777308,11.554876737205728,-2.828232686421491,4.640969958767702,4.727953381972707,8.206486925664475,-1.5662805533956567,4.7470247789581395,3.9831114177387676,3.1601083638464504,4.765773940274899,3.95825709940343,5.675451153111307,5.918691512367618,7.96951380718312,0.9766170369779197,4.986016816539098,3.7798465214862778,3.32063029564792,11.879524317819898,7.068565736797344,-0.5655094915319502,-5.59240313169615,0.44214147556766126,-1.281625199049326,5.755416862506712,5.738718307599785,6.931219944684978,5.408600779023115,3.3133573956197018,-0.6677034631734944,9.263157124653826,5.138716394036288,0.8653287562249199,12.338632628423857,5.231138098718051,2.5150280101281592,2.887437821195532,-4.665868903941857,8.67345649099599,3.4652487007441817,6.420069618502679,8.626779970267169,-3.2690685793555847,7.728888270240731,6.481125991200889,4.978555870833011,-0.1650103001923462,-1.3850204020556873,2.4601438171599366,2.85989427120175,6.186281227892858,3.606712230912795,-7.238938008889369,0.24643071740865702,-2.134380744429439,11.357625746917794,20.16878363517363
18,69,6,-4.457284885935667,-23.52726799554033,-9.962522141112968,-3.87913320913894,-3.787879108519453,-17.523990041053878,-18.97693550379141,-1.9985379524438116,-1.5186281847517642,-3.4566964244969727,-19.8301472847191,-3.0196357025685368,0.2999645614905688,2.647110514479078,-12.460261116298376,-8.984791303808777,1.863635859577122,5.820868673211918,0.6597880626597065,-3.6739761444013097,3.382180166055973,6.371689027260488,5.917702494955784,-6.521317495220549,-19.532899917523583,1.6061628133478432,-1.7211144100420346,2.7191962208712415,4.0162311083773465,3.7435475727940735,-6.131961327699218,-4.4594286109814885,-9.609703335524877,-12.241340557567588,-9.774998564909142,-3.6399996745309267,-9.728782061305711,-17.79160969995144,4.391438361620757,-2.5495222578983663,-3.3549474934030816,-6.535589352898902,-21.050848378564904,-2.337260015928911,-2.8452963815241064,3.0692752592901646,-7.173432242074165,-1.3523252201834461,-7.607274671312326,4.06003759479968,3.7603002221794926,-2.3702400686537346,-3.9312070569636792,8.497897277422902,6.323550492076471,-0.8983871568812106,-2.2946492101054465,6.992090194031782,7.127964529447352,7.927279237631523,11.09614471702768,24.174007729513615
18,70,5,-0.07169089156271145,11.991196455531917,-5.287309316691105,-12.029767332507712,-1.3756410631283025,-1.951507584589375,6.163969195993021,-5.089451154194225,0.22112753460320056,5.085385461292438,1.9271189944105918,8.97406366732108,1.153882224396689,3.069524914083048,-7.99768691964266,5.036881956331455,4.324502232282923,9.208988175914833,5.304847942829902,6.1824818932474,10.42963694513878,13.618797593023164,13.746546101801815,15.88981428124555,12.6686234652539,7.373592483529983,12.755335027829,15.713247515011302,9.288350517770688,6.857683489885659,-10.062386160034958,-3.3926377798907628,-1.738578569484738,1.9214535047322863,-4.352522705477186,-0.7949751402001547,-0.5556813750143453,-6.1433687422697165,6.174695061147785,8.814826899878224,2.892157245927105,6.399918058023951,9.89832009465956,19.004974615941865,0.9935988069670957,4.847676590880062,17.044944493083005,7.6455422750924,17.012385178357363,6.110126131827513,8.036960126514114,7.712219498597271,5.278861313643747,14.30780361915326,12.751662203542349,19.430657619496852,10.46764013923069,24.101711564356602,13.672134163959813,16.282882395086858,9.993650874486427,36.087499339678665
18,71,6,14.821846524389786,19.971785904794203,1.8284283015446121,-9.21631866306203,13.51439098432297,14.11130679884879,13.34516227876814,-0.025206278913042085,12.846318878119858,17.249486911678453,21.990635656728966,5.856694543597903,11.55975820580725,22.721166615624266,11.568601079029596,20.717480825305714,12.18724591940323,19.621738365101738,24.866749888774383,14.071644360244994,0.34459053855616495,15.154258489018165,20.24179692938924,10.79366966495972,24.135062324610075,-1.4149553742396022,12.161983843211365,10.739057212443345,9.47618120086447,7.444577517873814,-0.9283146501359782,0.16089432611607207,13.344138082662013,8.522472195066058,2.1667982939834474,4.780289782574632,13.446974354818833,15.887067224194366,5.759747047090856,5.512912287024734,12.502359703183174,13.13967924369727,19.007399402240786,44.883364771924356,7.992073414801829,25.20948169107843,30.62057072505718,19.38516377648567,18.141694446207907,14.894977029094964,22.282347759845244,30.842512075130543,14.02783789113164,13.90098526573949,19.006626534661873,32.217871759427574,14.438554408960044,38.69344248059317,12.237287848574546,18.80730070991488,36.22431610978957,22.97536923538996
18,72,5,-21.75978617570023,-34.05692934699174,-21.892915338368663,-21.337330854611427,-6.125675593139375,-19.429346353996824,-16.527588205752753,-11.496811517849334,-3.7144730827805192,-1.3446929388929454,-10.672983440638683,-11.128055808901019,-2.451004813913619,2.0038347677214134,0.08651590379091201,-3.361983859048382,1.559788001678523,2.1232842117002813,4.29294128784138,-4.267187510730652,-1.909312175819295,6.102473306923915,0.7089117922161416,-5.762393578189914,-15.351725554582103,0.04163480845348087,5.542104217768983,-7.622842704173084,0.014659291246859385,-10.352487294764328,-27.341947800865995,-16.673482675423354,-20.01456241782118,-22.28193428494581,-19.431210773247404,-11.836814759889757,-13.369511855334583,-26.375222141422892,-11.392498086865357,-10.502072839353163,-7.7583782060594295,-8.303447373801982,-13.20161273966476,1.7026241593426321,-2.777412333934591,-11.068282666320842,-4.409699596419203,-3.109086876916812,-15.205894622315723,2.898076092052023,1.3624886307047608,5.650643520488786,-4.874341193279938,3.3356545594486837,1.8020077173529958,14.791349009360836,-0.4929842444238951,-12.43991026818389,3.955893612245282,7.64714389925868,1.815789731219411,6.229154654517316
18,73,4,0.2699514223126382,-0.10702510700396439,-2.738656775360054,-17.755686915593174,-4.973298195471262,-5.010628930667823,-8.040163507798638,-2.675976333611575,-5.916290772999299,0.19861064983032173,4.725020008366101,15.013290366952914,-1.9527033396894344,-0.5597414979526623,7.814879022107077,4.384528755568106,-0.8719404863602502,1.2941221953710418,8.076762310481952,4.9610955197500415,1.4190639238236704,7.40341756270599,6.537040201492794,-0.48725902834316465,23.475177342503713,-3.507002746277465,5.215773076432327,4.906967392145866,7.606000810543577,-2.449241095744981,6.4979922629597535,-15.34470041959388,-10.09544265292948,-9.81755171092113,-5.283355374070933,-10.636390182788757,-8.052306651637505,-11.365123998373747,-1.5367682942433454,14.262268860957862,-5.3459966274137365,4.393591301426619,10.017885096246237,2.5191682799969137,-6.10631365297226,5.760397048845959,6.263835090303387,3.391423527463675,7.39576292198106,1.2115098143467784,3.0138602491962265,9.20460578322229,-2.9383904981177023,6.5372804377182625,7.249011994316816,25.146603844756072,9.59770546617305,20.109863476509744,3.9878587637085245,5.462129158308589,0.22713758984989418,21.1463988817683
18,74,5,-3.7592237216403426,11.207831608951764,13.494749874964052,25.894950948360336,6.001592363355825,12.122826110321752,-4.381306630982337,10.63317183592562,6.5551804258522255,9.39428969454474,-1.8547520157313215,18.20733419759199,8.11500942398135,9.864049413264167,-7.718901865333018,-7.126038770299264,6.696552676080561,8.548740089030526,-0.09081440359899112,-0.3819715528260552,4.386957304745279,9.616525349502522,8.433533264960092,5.1335835638796805,16.695247053736583,3.551524393696681,1.3564766489605355,9.711554623442305,9.546616841675478,4.188398852850671,21.52732578377672,-2.6023708696863266,-0.42604994530812235,11.299755975467761,10.537358686191636,4.1032573126438185,4.143888436132903,6.1763805766112885,9.526889920711707,18.024299257997093,7.715046568444313,10.85831486240665,4.790888883074084,10.124748133500567,4.56142890607802,17.710751842434817,-0.9343676320958625,-6.083735278205631,21.325578718446195,8.51607845237524,6.888840264777033,-0.8547761814169037,0.08756260845026483,8.527310817116277,10.257333402998935,-11.6802003303679,8.793397598911264,22.74207999548172,8.173922118923919,4.686936818517562,-1.8174268508375426,2.4666958279430697
18,75,2,4.072231003537594,2.9990631997040116,-8.626640360507112,-7.253459497366286,7.455014586812121,1.803320760884119,-5.203112147771184,-0.18007745951834372,6.558586790657985,8.729832649458105,-1.9443093233276159,2.3436649095085333,6.699171253321007,3.648227823239453,3.45057827463266,2.5109995978958204,2.4545825191932464,2.146160584533724,1.9541839537329313,5.198819149390609,4.3601680304155925,3.356476594114723,2.826981176281483,1.000539998012798,-4.3883876900824665,2.954496876225898,3.128609016855678,4.100150870657584,7.069496925477298,2.6100776609205107,-6.210962291752991,5.50370626589539,7.340800503473275,-0.16237500443963657,-7.500772907330492,8.08397925842735,9.337963991707603,2.034335907014862,1.344784251346093,2.379507558647453,2.533043443793204,6.490540646130172,0.15236991868218192,14.95009406646942,1.5594956241548061,6.599675976659915,10.301821465569937,2.422261684678675,-5.9545620686215575,2.5010988122113518,1.6390162901612146,4.110740669719061,5.197074066714116,3.1972770952653677,2.938321621316235,-7.625362650582161,2.946946441445774,-0.5893338137510717,2.4339001474947466,9.4882685363111,1.73019381024216,16.286953546799626
18,76,5,-5.989466023892618,-15.563563196919858,-1.9548824127740807,-0.7022181525485717,-7.367554452105589,-4.061231434129453,-3.869521176607189,-2.83800681170201,-2.2594397584112684,-4.294984426201752,-11.572396816146314,-4.441370375374923,0.7450114433971675,-2.735455333039438,-6.399424528732908,0.5786005420519447,-2.6076583533530773,0.02690107243067469,-6.958625953190212,-3.8203489976656844,-8.924273171825567,-0.9677127733537016,-2.337105421849139,-4.79082182013407,-3.8331812192663195,-1.2097908679875777,-5.402422914326918,-2.3966419818277296,-7.037915533953683,0.11401112237945199,-9.923993784877496,2.7164974670715925,-2.3869033619511595,2.485167540674435,0.46009721341202126,-1.135410600989239,-5.059855047914357,-2.8482893492015657,0.18257871629647487,-4.639703495950415,-1.7667088627094043,-5.632480931084986,-0.36747999834578193,4.334224167984073,-2.1644031839536098,-3.859484499360137,-7.950680740296888,-5.002152988755302,-18.739392306292192,0.7761700471441491,-1.7327621687635242,-10.591641369730045,0.30233925654802707,-3.912783773297944,-3.89877834179291,-7.9274021703238855,-2.51999514689669,-14.406902272731253,-3.1757324386115475,-0.05482099364261847,7.360428647978639,-1.4336226757206925
18,77,3,-5.106555779698794,2.483118813712056,-7.857232764153171,-13.529013079750097,-4.247827468644374,-1.238777817658536,-1.441476602476409,-9.312645941291278,-6.599931105153588,-2.851662295474387,0.3076546278032595,-12.305598512291908,-4.244549560117843,-4.615216149440288,-9.801590571083445,-2.8721211862994527,-4.44338367471653,-5.912213886777088,-3.2659471731678362,-1.455158041403969,-0.8387927896138743,-4.1448997102348475,-4.025768738887389,-6.340726021080977,-19.703646605425504,-0.13152924295026477,-3.3055872868564795,-1.470102213504839,0.963999048693152,0.6741120183056719,-0.15466825372720916,-7.1053563603654295,-3.7106233916994995,-4.009861640745728,-8.302883053243884,-8.247536952652762,-3.7900117716138695,-0.6142401382463372,3.053375645347573,-13.236116401760324,-7.587242216610055,-3.397560242165971,-6.34166270169634,-1.1580280651971586,-6.046859016636294,-5.883498772308684,-2.4235114313707484,5.5125118245700016,7.78783451746893,-6.336518735130795,-3.9395954823802883,-5.486603472782179,-2.1339187658982484,-1.4739407125133561,-3.0515299878230824,1.6276795719636654,-3.9545154948179393,-8.771132179102558,-2.9984820908185386,-6.745098963538864,-8.946320676403802,-0.7943717365766441
18,78,3,-2.9612500787422986,6.80035942751153,-6.255742768109657,-4.826189695107868,9.94822046025258,12.451733029776863,-6.694941610525923,-3.2056041073235804,13.5785968458598,14.196589904632882,3.2125807705437524,-14.147233271108174,9.776887213311543,11.335459020687267,12.906941250012046,0.3988676529559425,1.7145195606096486,7.299970137818557,11.715603544921958,5.328411481638508,-1.2833237368159165,3.9051496401292893,4.638470525240025,1.4670645532130084,-7.6414653376403585,-2.164039966859358,0.5405938021566077,2.3560370494975014,7.709366315385188,2.554347895920595,-16.530368874848982,1.8178142587137525,7.78883088886647,-11.312388910417916,-4.449580103374751,12.030914603446453,13.238321560639427,10.671953524553734,-8.236529875410403,-13.58143699228219,8.193516942604285,12.444065308539056,-10.338686588084004,2.7892276221920334,1.5667907708017834,14.496999641619162,16.433756739400867,7.67807909004708,3.0624923418934746,5.809701502459439,6.7630008366640375,8.8238020213548,7.27050449277797,2.633313439726806,4.715821447441489,10.620300726533479,7.4503547791618745,2.1202484294261064,2.908600927966578,1.6112564806939962,6.406579984760866,4.144448969376889
18,79,3,-8.828985145906126,-12.99466965018159,-4.937828018716196,-9.23635671732993,-13.073631506526796,-0.7610768864794479,9.177546411139394,-1.2907958062501947,-9.428132121411446,-6.886635060830996,3.8796826457212905,1.275270520005285,-3.8039111039237814,-5.865298893135158,3.3646955877690177,7.243961047239195,2.8765873359516263,-2.8047920893877745,-2.967578683139349,-0.32517275818419156,-5.185892070502699,-0.5277541194837994,-2.7261133942662212,-20.54992442523561,-10.09873166096556,3.153228528167278,-6.22050178046452,-1.091486820929809,-5.796129913441266,-8.440511819259147,-4.571541886020341,-6.291017440982479,-0.7579181313943466,4.456055711296091,-6.2958207053456015,-8.701406090278969,-4.795366251296022,-1.9357532677581393,-3.2470787943159114,1.8082617976384774,-7.514325909725414,0.36127801295142925,8.836550358396094,-2.504484823200761,0.6062876267937887,-13.00273969946657,-6.4292701137502,7.786553165943524,-0.206302497870993,-0.37871968114703203,-4.294455508996802,-1.7729480858528752,7.950533596753353,-1.8670441151210457,-3.4565027952648526,-8.632765905886167,-3.7906561650154065,-14.030460194275692,-4.0912502794128995,-12.989462289152808,-13.377985971639074,-10.884033290158238
18,80,5,-6.546443647500581,0.01161233500134537,-4.875818089729676,-10.582416689977416,-5.183113283841168,0.308470358947157,5.341446715901128,-5.9193694091561015,-6.197586190387059,-1.0408321281713315,-9.873801074680731,-2.9829642441089668,-4.690887094225464,-7.074816049205811,-19.19276073943006,0.6425884143824163,0.48092117767054166,-3.3373066432683207,-4.645488264448033,1.871975865533074,5.112882544243957,0.3746652520948845,0.46388171713163195,-1.161724984282401,-22.036719934128953,3.834144126243389,-9.127061331201707,7.679630517573433,2.802640993352526,10.431816092952127,0.17841992504531196,-2.248255814371699,0.4563536724052977,6.423194851147058,-2.6613543596254963,-3.73893990481227,-1.7598774541828142,2.843303593818278,-0.8231855293412169,-3.05903559091796,-6.889989372569975,-3.1152999645025234,-0.8114950229845399,0.8937589696313194,-0.3592535246059967,-10.376453166418685,-15.84351401029881,-2.2962769555132376,1.7911739251689922,-1.4306614170384768,-4.138720166065912,-4.6340435259952795,4.523820647719979,1.2909336462105827,-0.6353360758547777,-16.865222594428175,4.511074075736559,-10.228627552692897,2.1138956353974123,7.566312179514544,-15.78403510520144,-9.780137031236897
18,81,6,-0.3839010649954138,7.717641037059719,-5.4630454207497845,-0.009014278059692099,11.213698237725511,8.23419252387816,2.8812023926435444,1.2014377846087267,8.451544890626018,12.020117996846862,0.6980164521671945,-21.446683842597952,0.4433855587707427,10.960158644056671,-1.4442794953541087,6.552932433091199,-0.011954984309652444,4.513705577110734,5.573588734776597,8.556027751915703,4.406235472293478,5.52778570363071,8.578751426394572,11.579438695638652,7.907747722128642,7.672786033218272,-2.389780779883107,9.195993873449725,10.19844292555141,4.699214069740618,5.317752806606088,1.9141843628525899,-0.05409271600542753,-4.77108556111684,-4.598999885138029,7.190039647152507,6.455657105302298,-3.1324734572695974,1.7615833701565862,-19.972625819284747,3.579336252074869,6.469392612022802,-3.919047209366068,14.52050920472504,-1.1300188081066413,10.973357771250722,18.97427221366046,7.672616555287341,6.263911483630467,2.4561544662205193,7.532240713094699,5.377248379492725,8.4778090166723,4.254362682272431,4.420926372035089,-7.6773732540810915,9.618320810040693,12.58830005717578,7.72210717832715,9.614765423168311,1.6757137639357182,1.4706311866033417
18,82,1,8.649760623803221,14.164809215518575,-1.6918220577488945,-0.856646076890549,10.326629132339052,14.736274735427115,8.772631428340771,6.970688990521722,2.1843741165882884,4.0702940856629075,12.641010876608686,7.638973402200128,3.7396923560285704,2.284336863040196,15.925882240359838,13.217739740977207,2.2457415229391033,1.0676903950459316,3.349734618470479,4.258625947540942,2.300743118573047,0.45331608855006705,-1.821092110377079,5.432661711738063,8.971234671260444,-6.510563786816284,-0.11646032071013616,-2.6193023115487364,-3.559166016647729,0.3597154059481416,5.757106106183155,-2.7456205130509312,5.1038627551936635,4.272817714304497,-2.4064757319042327,3.1772409696131945,7.5239789143613525,4.027770895919786,0.20113979220935524,8.14147100141045,2.1791854372202675,5.983770723659092,10.168014406658173,1.0887452594640614,1.558326013590687,9.823775965584122,5.154381372307139,7.026776320460011,23.948909385856712,2.559326164288124,-0.37681447741825247,1.3191291244484769,6.919957912810959,-0.029471249592195395,0.8855326201471447,18.581198646255377,-1.6959753040722632,-2.017110238760346,-2.3689251314030906,1.5945020422748277,2.327636769302643,5.897850785089985
18,83,6,7.732583367424767,11.321624788955393,8.44636727849741,-8.525399910513217,3.3601977459762655,13.040886116463966,-6.090410307163325,-1.00578472084116,2.1701003890938884,8.695772230403684,-6.445626065384865,10.768163428346556,4.282236064193636,13.346318839844777,0.9047268698866493,6.854657023849826,-3.101056018327478,8.571497217865614,13.722904386498573,5.390229597085769,7.911945724746259,4.045229398239427,11.741035199428838,22.879405081198307,28.195544978103978,-2.1629635161399388,9.622040120475901,8.314299820104567,0.5974484763403485,2.321149864787713,7.614722572539642,-11.857102475901389,-7.922814870730227,-11.572240341136725,8.063578126270592,-3.647961564220082,0.4857318733205522,-1.7282513585300097,9.10716665799662,10.654051743305804,5.915597885142918,6.163870468167816,7.499845393444984,5.243661186538589,-3.6889631907546487,23.37816839120011,16.0003816947886,10.535697419755726,15.908781409445337,1.5862756978419466,13.816717256678315,12.047013560082858,-1.3147952000315244,2.641808080589172,10.21905460441485,32.63374543826026,5.9791648673893105,18.930471309347123,4.448596656883259,19.002208891710858,11.190330222748761,19.926431684777516
18,84,3,16.923112888706896,4.58182442295024,11.253174510852599,19.388007698489776,12.518976383910681,15.833926239777824,8.9447116094312,13.156836038455367,14.458914576325471,12.850153552459133,5.203238759888336,5.970539876146289,8.071778450115795,10.596940032887929,8.69543143566244,6.393786891772436,10.09950645138486,8.281116750324145,10.691641354073052,9.91770435804955,3.6026800457251857,5.928847369891257,11.299553020630126,0.022189124686097128,-16.546006032152146,9.51305007820995,-3.258009351063066,11.344553313377057,9.551105295421507,9.187797229566682,10.019758632082905,22.46059264154061,20.901186409769817,19.361430779644625,14.045149329890755,18.852731285230597,17.353120523345908,16.11522546596825,8.894252502427598,5.221619230976168,6.2406924530244785,12.570625557768626,4.568018099446446,-14.218775208039977,12.026649635898442,5.460633612811428,5.494708793737543,6.686478703759797,-8.822328793407394,6.412522992755215,10.42789560329828,6.827575273857241,9.381163342634405,5.672957286806541,6.98095097204262,11.477108738362421,14.400839898765089,-7.552155708576121,7.401519658703615,3.462291072100043,10.94923161197363,-6.264527977398801
18,85,1,-0.10437855911554772,7.793298954348558,0.9923882096233511,7.145911009073616,0.5699402155218332,12.416698656533285,7.637278568641306,5.224276937566174,0.9635557464164896,6.8155830230438985,5.3246978084079695,8.94218426546445,1.9057065593078737,4.721404966171376,-5.933095579058292,9.071895746139402,6.268908445564353,2.8298773383494567,-0.26385189454275715,6.228335131084683,5.098113349120692,2.9872031683533846,2.3070735143633883,6.339647627276621,9.484785664190607,0.7539511888242529,-3.8667144597388794,-0.06390589318045004,0.6130500221397812,8.140273290345583,3.246028358003172,1.8405490437658798,7.3608012834348004,2.454027503921947,2.0009982455748947,0.39752856389301594,6.890252003809673,13.317031964296238,6.8929021880939265,8.198889973760792,3.495509638530545,8.627234454198577,9.027798824614234,18.418581593827138,4.687033663878624,3.770759663873963,2.3058759893813177,7.607023235478601,8.805440199993004,5.127782024534011,4.022559770292081,0.6003259365887319,9.293980562537,3.93285527426704,2.1169239581994184,-5.392349139066054,3.913875173379825,0.5587021861702375,2.189864586811602,2.7661687682223755,-2.017845907612,2.2989011270607396
18,86,2,-21.97200755393361,-27.68555671031154,-2.0865084826037634,-17.37809205436851,-26.87893771289327,-18.170266093697588,-16.254295714699268,-9.945279614182143,-12.21089526715053,-9.753608492384783,-10.06477933483789,5.31449165054392,-8.242417059407186,2.044905299298101,4.621648993064854,-5.502534795137937,-2.861903757492944,3.823364340132329,11.067708981785602,1.8413685378504987,2.262058352813031,5.495347562768473,13.018171857906179,20.404186757656237,-24.475313296405268,5.368584325031671,-2.429016867175517,5.994956510720727,9.049537199759495,6.161579707864579,1.2549829796956082,-25.696917516929,-25.258318508816192,-16.39986211384034,-5.727109630455881,-23.629784122109413,-22.696064634066904,-15.179010248038823,-6.8163671287276415,5.36269160655396,-10.306527829842596,-9.880267384882295,-13.28477647668887,-21.77486820759751,-5.57748681641604,-5.822930312934101,-6.5171586342110555,-7.680310238152742,-2.98821634313137,-0.2758050268379649,8.671703948786982,8.96260408097424,-3.295822574280022,4.299612563853034,13.05670187930099,16.746534904442356,8.95092281634442,-3.8967053134309517,8.74479909952185,12.283535968949554,9.23607927285952,-1.7605963888600806
18,87,4,-11.616177164663402,-15.472173240126622,-9.586743145136209,-6.85899282755648,3.652919329918646,-12.433389801713757,-12.026368398423777,-6.477073357099805,-2.647089982587027,-4.3621998670760815,-6.389646722548979,-8.904650492289123,-0.28721999034013007,2.621460946435789,0.605605960110907,-5.4718529658800925,-4.574506926940888,0.0784031541382037,1.033920597824519,0.346631751810314,-6.967053378818604,-1.1572625660394287,-0.2952842986006736,5.267992051363717,0.8885292358719171,-5.393872595698821,4.469128194230993,-3.1661390167115835,3.9786824264858907,-1.8585289861416296,1.1035870276391506,-9.464673236943781,-17.200907027757744,-15.007248607214263,-8.306831398376879,-5.937580317003292,-12.162460644161564,-15.260000267554446,-6.027940315229924,-9.766323319488638,-3.7578697410985695,-2.943387402062555,-9.749164556493842,-14.092669502809274,-4.425347781575443,8.232836712265339,4.396185704927164,-5.236898693934696,-13.179213308479358,-0.5833628307460111,0.3522060366018065,-0.5775129475755767,-2.658856821405451,-0.8111504055758383,-2.000655612885588,12.280137048455002,1.7083977622593316,4.723226488613316,-0.5700556798071439,8.527253108735126,3.0952395372456176,6.1908087556068665
18,88,4,-0.26040263651165896,-5.886717139953388,0.7142569804848053,6.18291956168122,6.521231790746155,-3.9456092955589988,-4.854400012369559,2.948786624411982,7.3271748744541885,-0.04232577652749976,-9.177691727212242,-0.9390777215225304,0.3197418799419418,1.7627734959135455,-7.313122807229625,-0.4399865799379057,4.893686318349816,1.696044190372227,-2.000402286620357,-1.6161641174424781,0.014156407483557731,0.4437487176108377,-4.642258813405957,-8.562926217731903,-6.400897662995789,-2.056806248135684,-6.873795476133386,-5.515096989664727,-6.17713105880156,-1.9302720944510718,-0.3135641467439503,8.256510125502954,0.5634384140394981,-5.736002843009261,1.9357234879181053,8.434350881339391,1.999739254188791,-4.138019814383145,-25.134931825646536,-1.1729498512179748,5.116989180945407,-4.277205587501027,-1.1486897853021394,-19.990613364197163,5.421172223042511,-3.9375672734842238,-9.710232278606119,1.111751993845512,2.418054489293934,5.082079603177743,1.3878140627667763,-3.9626133988395624,-0.4945076722983578,-0.22804275684331224,-3.038904537128786,0.4180265907198191,-2.3794722352404056,-10.435200148829953,-2.9648277841156276,-3.0073845136638084,-13.988162343821884,-18.738811295570386
18,89,2,12.853904630619708,15.028208475124814,6.8510756094644645,19.955912254750725,10.402808526803437,7.58282087460478,8.385409596498219,8.86197080490429,6.48030465486937,7.6349821483443865,1.8844653719116176,3.4899241610362006,6.379710613176366,8.955981286151749,-0.846767800246796,6.3298120914004405,4.615935017777852,4.581891429406113,2.4153874716068398,5.054120664694918,7.662278140645205,6.000959065779707,4.653981016358223,9.257765499784094,-6.83671803830373,3.1227794847672636,0.7153092248410717,-1.589153121796965,1.5690443719987093,2.6218502043928136,11.206494337872018,11.698003433213172,11.99346464349912,12.856461670499572,7.804095546086925,12.012092864527016,8.968789192552608,9.41733372293231,0.6255023688441375,3.3376175652748965,4.990645026651828,4.423490967942263,4.107363987214316,20.221570657026703,5.125273291697366,5.274944639832876,-0.2623805673792958,7.54263498012839,10.799601451607375,6.479924741087529,4.546128922823549,0.9551767201231031,4.030802924072416,7.173175298682658,4.976985801011324,-1.9619577416763991,6.59201572490175,-8.36234892972815,6.060877591071978,5.562784712988789,-5.377116200445991,-4.192937635373685
18,90,2,-0.4153874288085959,-2.441402056186303,-2.947570416985486,-4.106077125432285,-10.092862943323654,-13.009965841363114,-9.04891321501445,-1.7118767699817348,-3.5824352511908986,-3.1769635175786397,0.4983554617956104,10.806794183027767,1.2306408588660924,-0.5302218037044117,-4.791363923106248,4.904678430430952,5.0817015408084,1.0816698618028766,2.338535779019499,7.639582484051944,9.613128334724996,5.567889690421881,6.234548272661549,13.21124915351591,7.337641813837713,7.272584852612739,15.29984919729121,10.389361736051264,2.499743031246994,7.57708454594902,4.079379039044242,-6.51749574801908,-8.288896119449193,-5.079096012726068,-4.4314695778416455,-5.366476075269469,-7.475691333549411,-7.893652810402809,11.869098349110926,9.749589286267572,-1.1288958021053461,-3.288004041449582,-3.0114334997346215,5.014154571619612,0.4597638312545491,4.153340270407725,3.415204986021285,6.209902641931318,13.437692047823685,2.530996572953171,2.0007691640100176,8.03748720518609,6.647849784153177,6.173165959595679,7.669068595239741,5.860190302167636,7.5701711512307055,8.663633964032295,7.223623204771883,7.819715807214379,9.027605127438159,-2.374922248035125
18,91,4,-12.753910211937084,-29.07373762094392,-14.254964283690228,-9.157161959503753,-16.69144009764693,-23.1383458256449,-19.40387759475811,-13.63616108033443,-10.391248433146533,-22.253396194609913,-26.563483119277837,-16.95186144299805,-7.852911909451569,-12.792151794019272,-16.049630256471918,-11.267593531809723,-3.9036392971203195,-6.612778189924277,-6.3428043950826165,-4.289501374235329,4.404075006176374,-2.3633192664682396,-2.6658708517235237,-9.160708070772401,-20.783049982949716,2.1311325269478663,3.0641629229776726,-2.6190788798579367,5.973149192905644,-2.607295177113149,-23.49404396298454,-13.007043886816176,-18.25232151196133,-23.63184214245938,-13.927428122337277,-13.124885841363623,-18.49329898043014,-29.609654855073934,-21.032788221429044,-16.437604619235522,-14.533391717548785,-18.71660003106949,-27.14358480401882,-17.066103547493487,-7.224654949656351,-16.09960513698256,-45.019905788869416,-14.585746682546077,-14.210206123282772,-6.244072767042717,-7.890980225507867,-4.1577001799852,-2.3081444135480913,2.330750714169768,-3.441724287686731,-1.5010187046789791,-2.2311511548213314,-8.37920023444132,1.489648528669664,1.37661889904156,-1.3257186324676384,-15.377574302378903
18,92,4,10.134118016454297,-1.423042153860102,8.598385230842524,7.415519632807956,19.053861676919738,5.781327165981254,2.964056797325611,9.02066006611397,18.171962747304907,10.480991927770578,-4.609472360601079,6.554794824784388,15.353746321438464,18.60716853667868,1.054524784390928,3.004898188583179,11.970605092668317,12.479258042510326,9.152891450851202,4.537874577839562,8.736094138834895,9.374858905209182,7.680697694985857,3.8583968002803455,-21.03592080586566,2.918879585863068,0.7142364997757458,5.062848017800873,3.052725643805432,-0.08436668044092288,15.511658894079856,13.772588543866458,7.909466732724953,4.599789558659969,7.637768377845247,18.465002882436337,14.549729000686156,8.350242987297841,4.812921612137339,7.010656887801679,12.067429634038264,7.395403460781209,3.2853482178435067,-1.0721434668024505,9.234624628409197,17.279205801556028,7.012282782177464,-1.594658513326288,11.55046839080751,12.404088062410265,13.005404837043367,4.067785394173569,2.3892369576468604,7.677572474866057,8.544774862170991,16.16991787654825,0.3162311753449769,-1.8291769833644718,3.741070556840519,3.3713817161666917,4.7012887633882645,-4.159931467085074
18,93,5,-19.72700351073048,-20.42399572246005,-5.556055681700481,8.736166751932164,-6.316506838744005,-18.24405960693229,-3.5516175263356877,-4.6002811700469115,3.545950229325124,1.5916338624069226,-11.324427846497601,-4.517546031669509,3.3428230415007514,7.947332009604965,0.5878513618031641,-0.19249626208187554,5.451479665480735,11.15928705954334,12.896262115299168,10.354191497144313,9.546648545213404,12.608893082309633,15.978814725196226,12.939377485933454,-17.47392016114872,6.635129395900748,0.7688171878547934,5.677695392699144,10.25547448291284,1.302674476602455,-16.19948590735383,-2.016931480228355,-5.068358958994108,-15.288128750319245,-5.874048780706688,2.674925916442051,-3.1917176364307696,-18.349155399335054,-15.288465854234804,-4.720010056802095,-0.7521725714876784,-1.0641703993400045,-6.696908326955829,-25.24398526658373,2.348970980812208,3.505602304380745,1.3094276570964907,2.5328366869816388,6.865760869789509,8.757700218529463,13.826137431897223,9.270577097589868,6.000098673041862,10.842677792704594,15.22350019779021,13.17118994552051,12.781435120373775,-14.83547011653825,12.794980801482943,24.20425188068938,5.048931939186667,4.355580814659778
18,94,5,-23.160072912509246,-19.92369389156356,-19.29924753318517,-7.645886681383338,-19.065891332632262,-12.08672079112644,-15.12610767648851,-3.573601779119088,-9.925463289749334,-18.284923547401835,-14.728823099058216,-11.95270332849652,-7.6060026509959915,-7.880369842975261,-28.093097659554804,-3.690328389247198,4.276663624477095,-5.477159054631868,-7.573711693139246,0.35748048393033116,5.445894257506221,1.4483042353105442,2.3070661251592215,-3.3524444002981815,-4.292732691778463,5.4584843945964945,-4.710116720304079,3.9555211566138744,0.9722627080727094,-0.1550034471708006,-15.171392946617631,-6.972975996090099,-11.768075905626688,-13.841705571025287,-17.20468960781354,-11.941077980746677,-13.20896020786064,-11.969124407649456,-5.903508804352365,-11.463693576910321,-10.374246145513405,-14.752494791806557,-7.845724731933593,-10.239913951900858,-1.9847168300709714,-10.375812477182322,-6.213960863263684,-3.1935261153025425,-9.53235983077391,-1.2471644090127953,-4.6743318761312755,-10.130359613387729,4.100320341519832,3.7238578878615693,-2.228523331648874,-9.812876855801205,4.871249429927005,-5.165336289846268,4.658171510823617,-4.111124351365131,-13.849889157919167,1.3568231018157908
18,95,3,-14.302801111008877,-8.239746324763424,-13.688356024213135,-33.046570246750996,-20.997712838985947,-19.77887620932491,-6.315028041680683,-13.754090792544904,-14.975995027732731,-15.12440733675186,-1.4139365933880939,-5.574637270248613,-9.021401245724102,-8.08060642582842,3.6333302291473606,-2.059680000151985,-4.110606646069244,-2.921047404522029,-0.634317394854961,-5.316892321252765,-5.223792671691626,-0.22300298961742676,2.9824595792934563,1.7224964871548294,32.50926005331482,-2.5110461171468024,2.0328217519038323,2.010010595223299,-2.1021808864912255,-4.542562349529076,-14.136643513325154,-22.736898587069696,-19.907661984413394,-16.30843124112466,-15.386692919336793,-23.097711034959605,-21.38129930096542,-20.990030314094714,-0.9012869395111208,-5.627798787727044,-15.638386812409621,-14.606913309812288,-4.250595064228971,3.941938450480466,-8.528251373731509,-4.798133835332782,0.7149796364360426,-6.672616532367725,-7.357906987822453,-6.098137580494325,-1.600871558477194,-2.5347996017009704,-4.84095132593974,-2.988538510847562,0.7426778735570266,9.166831839091438,-0.5263404918652841,13.518916736016191,1.3069543239501562,6.7302683940566865,1.5534035637634018,14.271044590851151
18,96,3,12.682645765746502,11.162263222606617,8.135194514048983,4.556528771455154,16.139865498643413,6.717847694801857,-5.258288807366274,4.000314725971804,8.877227992909715,7.813949656530808,2.6191551660573684,-1.9819790019665093,9.794094196316312,12.269526738219152,3.5793865321249454,0.6614344291014191,3.9180414918015085,11.205788479263257,13.65372213912082,5.5170468868824045,1.8784180231943923,8.980623122066165,13.669634705662121,10.001761819534122,9.938323426321606,2.9182575096308065,2.104847906861547,6.857709616936579,7.97653319425427,7.72007526916156,4.661240732694816,13.613521400095177,4.929154613816251,-1.8662991087838285,7.875408310884692,14.142372361940843,8.439070229736588,1.9011584042114336,10.02073080680424,-1.636786926378746,8.529815812393592,4.236352986599343,6.096247143347795,2.675486605126049,5.180999363744178,25.092650833880388,13.082917633421001,8.656588277836306,9.452453766722327,9.282295606621517,12.871227104852837,15.065706895096465,2.5478628166928545,6.86793247885185,13.469135545080574,6.287892225289311,10.396670003421605,3.4209654512403485,7.622742313709923,18.24245242733599,11.080967723562312,18.665932132499055
18,97,6,-3.28004577110249,-8.376464340903961,1.9853910119727072,13.817689400438852,7.922812999226153,-1.9383960148637613,-3.7897919695824385,6.340120664598968,10.24523861851634,11.399936705327981,3.7654703802588174,8.696059065939089,10.680813104550284,12.16758243666916,13.132562992367433,8.750436775613483,7.589881377027753,10.019067726688599,11.86117181288669,12.853409200906754,1.7196729671346347,10.58144264743186,11.855629234824603,7.567049750274548,17.269957061947835,8.868403727847443,4.4028197450495155,6.869312561571414,8.577198130351197,10.496101861064346,-3.4339988896271505,5.019490430994731,0.7053023133506418,5.92787704311834,1.962648781788786,7.553113003102386,4.399439365580317,-1.3421805409669174,-1.4939768580327997,7.353420324464575,5.9212858435220825,8.631260986916905,0.8235505160580343,10.010790949994023,5.982681226927969,-0.6666753260736775,14.949639643837768,11.336172222341528,-7.360099075271223,9.616979875181594,10.198569726108053,15.930303827121222,7.867852403856131,10.02464004307871,9.525183918567876,7.802214435097284,11.39135636779957,-0.3977520521957345,10.436408878315428,14.339027356651682,30.304840487178133,16.45345763344227
18,98,4,-8.076352569740266,-0.5817685399187464,-2.907099638713478,-0.3380440625819233,0.2557502016425133,-7.196034869678864,-4.359268387098138,-2.6570745324375236,4.031939056696276,-0.25621033450815656,-2.8720820064133976,14.671059537360934,-1.062672982582959,7.03596557295745,-3.2260778435256037,3.507401331907091,-2.023258183469495,1.1872478367806183,0.5801762114846847,0.013433717018016322,-3.165323218149018,-0.6007729431659707,2.2099230213136174,3.564077301064459,1.124045912448954,-6.75008473750318,-0.5349076803072306,-4.57984091500502,-3.028059523683268,5.1054960970834955,-3.618387812862126,-3.8167303613374264,-5.316206916774876,-8.851665870888477,-2.7346748962725798,0.8668336464410131,-1.9612538071076677,-5.818069417987205,-13.674305756716548,15.269984869002483,1.2609427903847021,-0.1241595479844316,2.426325557554688,-2.8155160115338966,-4.05089112514312,2.5329130005613907,3.849835155949155,-0.26179572131212225,4.42533104612333,0.23437131466003247,3.1501629564786215,3.7255526786874507,1.0174454770323533,-1.3169705588892302,-1.0749278489852374,-6.030652061871414,-0.3449201966840311,-8.445225599062876,-2.730469548359241,-4.377064053241799,12.074149330061417,-6.64755747776206
18,99,5,-16.103672766001754,-14.29065247459291,-18.641904887448,-28.692313645580185,-20.719222206917653,-22.47935470893253,-12.539165256255329,-14.222226318806731,-8.242385363734396,-8.792714192316208,-18.91857421100026,-10.742476679265453,-4.752360669532564,-8.758705960126688,-12.068776178219146,2.200828824953247,5.903380334195562,2.1033673211080375,-0.8921740015105518,1.4954556376650592,4.361352475519048,11.273637220036333,4.686296176619641,20.841040700500834,-12.91124548631289,6.765030832211606,0.0459444938361,-1.3588698969404334,5.431979878055981,1.299068773636686,-26.527832298982513,-18.569467063720634,-19.164855826282636,-21.81043138227812,-19.869735372320907,-16.204887100290968,-17.62054835355319,-19.531676396432267,-15.054448381066322,-10.068854365605722,-13.867647538597625,-15.434224294084006,-20.21429241687151,-19.7813512948228,-0.821475755877613,-3.4874452478081985,-5.044395001105418,-5.118495905965818,-13.179893106937683,6.617393327627065,-0.5622948019242839,0.832041341453654,2.669776355989684,11.499350063775363,9.49961637285901,1.9217197795443932,3.2791258375523844,3.2698787635464828,9.1303093584209,6.004728612353712,11.541066744523796,-8.010275015942522
18,100,2,-17.11976047532586,-5.5712513845050475,-8.126249247821185,-13.955511826363091,-9.94875312083196,-2.288404468730909,-3.967466884587962,-6.510630823297019,-1.9770901384422706,-5.98018921229693,-11.531061780934293,-5.940705481008056,-2.1196468973293814,-5.67097943041065,-17.612338685635013,-8.101916433993457,-0.2623228323170298,-2.6655299867781608,-4.900067012632126,-0.8320283822306409,1.0103346908283302,1.2617659613081247,-0.5783528230499416,-1.6824018382808064,-14.427856497705077,5.03206941209238,-2.9562214623636955,4.278485053241613,3.3380720100320183,1.36355388675612,-11.82214809009782,-11.01729650714253,-8.450298866938528,-5.6314957182763585,-7.855983107373479,-6.310612166527565,-4.910016228285866,-6.812891784646525,5.83801801438321,-5.746812465691532,-4.743415321024681,-4.587413629255735,-5.664893015764836,-1.480673522938316,-3.4607211500406265,-1.1419924481703758,-2.7891308525719154,-5.129761797465062,-9.350865120011406,-1.3286740961825323,-4.076663630628366,-5.248814556054862,-0.6310878577528566,1.8728232957059276,-0.35816398349295214,-6.439183933660388,2.3319948389842295,-7.304214718956047,2.349803489718085,-1.7049298641873847,-5.708293446248804,-4.677807161675359
18,101,2,1.3965693733226505,3.983549065674975,9.070381594004063,31.768662538015978,11.82054093507368,8.81385095449301,8.50913524922983,10.469085343974275,19.781889624166766,17.986478650987873,10.264172238638487,5.471499101349677,10.989961444445674,21.97526676689343,5.2355483406927545,7.41910117841894,2.2446035449393094,17.423472326430606,17.115011222842266,10.57304671274998,-3.5762315127464763,9.778516761379363,16.322336186359568,14.627288437732377,-4.848058472005241,3.2697185469655032,-4.310107379592385,6.207259781601862,10.35250218657822,4.049585586351274,7.587229254382953,12.952440743539018,11.290350749952397,12.650645376205812,10.525308721830855,17.839578821346535,14.690846107536691,10.425649497067417,0.7265491149183824,6.42003424166952,14.332804981823543,17.455137389166868,6.8053898791805265,6.752787112281086,3.1242918026997013,19.581237676712433,20.034382382180635,11.627279164496715,-5.3056878465023365,11.715417324599418,20.97227930148677,13.353640162863027,5.5080624554169955,3.6443540431593147,14.439284497644847,7.382807793541497,9.962674811823154,-3.968765093195368,10.790151401581918,13.967302976982527,8.285534408633458,1.4112081290733798
18,102,6,-13.312573363709193,-11.772739434183185,-12.92827366078387,-25.336291471121406,4.914772949576168,-8.493323207949999,-0.40184936430106444,-4.3414449128492665,7.850330651351587,8.645672595446435,-3.960546088069904,-1.2113199436514672,4.880908151282137,4.771340802766194,-8.536900512601543,6.65573533581252,8.74144121350312,6.96279023969319,-1.3864338841380146,3.1824409136826866,10.573074698385712,10.281828245874955,0.1444340744964424,1.1400610879063602,5.709274920788254,-2.8337511281857672,-2.02568116675063,-4.161399064312985,-2.676831237193787,-2.463455181892555,-6.970035176519758,-8.12739648775016,-5.5616169427124,-9.026329303569183,-10.754934496067394,-1.919743794039256,1.426455962795357,-8.341554781365232,-12.488095258400916,-2.3039371744067982,-0.8284095935069198,2.9185349826740743,5.705669291923672,2.494392205802043,-0.20973313668822252,5.899173121263344,10.28778428247301,8.317668930239476,14.313266122918119,6.655541757803141,3.162868498120365,-1.6310468838990604,1.545132528377196,13.956191759760959,3.6177154773244284,-3.0975284633658307,0.3748701206669658,-3.908742262479257,5.463822203006868,5.893708726929267,-0.6583855997078214,0.7958393093835987
18,103,4,-12.44916283810602,-15.210731328624048,-17.27766922084477,-19.70826918443255,-10.68373353911064,-15.002544095540957,-17.55077193423016,-13.164730984672186,-10.24186391903587,-9.17893016693273,-24.861104748961417,-9.383089012653778,-3.271208545931317,-1.3182127998869224,-25.174356030618274,-8.542165574186097,4.539528434741218,3.420000717163133,-1.5870784136307652,-2.009414627179844,10.263868622527246,11.021304457652853,11.087693028326612,11.17571566941035,0.6168215070374128,10.892641500092855,1.7313952111048498,6.469677581891942,8.4006164494175,1.9695546902807024,-16.837427581745636,-12.48180585579447,-14.215989059916257,-9.355459698362322,-18.49704988736932,-15.23564527410923,-12.006354616798752,-17.693812972161826,2.849799812112637,-9.933810760881448,-14.492265355807334,-12.431532937249662,-18.770025881143614,-17.46968510365342,-2.6397891559058864,-1.0256290707521418,-8.541435596941993,-7.752314036166891,0.29535879215535066,3.151064426010679,1.5423313978741442,-3.574071092812189,0.1141712671350234,9.525068400677569,10.301253435270093,8.37472110427916,7.791179428484698,-6.033991366284111,11.711254717464126,9.815914513679543,4.744476970285177,0.7072318270348181
18,104,3,-7.904728797446124,-4.321360375607249,-7.4779822574701305,-6.548594759158197,1.2866928597071734,-3.6726426312858926,-3.032566632178227,1.557702128766899,10.045236802171551,8.418881395468254,-1.5748123432702672,-3.069578918094591,9.632540539537393,17.04470231920686,1.7168979757442702,1.0056022082671254,7.904890742073428,13.811258461106316,9.755781919854439,8.110695987502567,8.099441280250621,10.458447125456415,11.897133700328135,4.526619848817947,4.733041567216835,6.644663225836691,8.19642597285849,7.785381726648021,3.465122104395273,9.965002869528423,-10.80819846603384,-3.3745031894792277,-3.6903432390720776,-7.374974407048372,-7.590635669622117,0.5209301034806337,0.25403870545361734,3.6073287165973627,-6.3597395642399315,-2.5310244795457457,6.538271218112377,4.088708020076609,-4.252073749987886,-10.60403773181776,3.119408475967671,19.093317525790678,15.200992648342126,6.1620919576777915,6.597351640655953,9.947706378803293,15.607481440597379,6.596990297866484,6.570066854681413,12.855619878749502,9.546924131888353,11.579049380205106,6.981172627792121,-1.9725904398052596,10.353392460076817,10.281925093677897,3.4143929548374206,1.8665356728441371
18,105,2,-11.08532768991072,-8.392194469073194,-12.949689898072045,-14.568632693152038,-10.263397430660342,-5.004151384232613,-14.486534604200768,-6.943785945135287,-4.211688692607668,-3.8239845681208644,-7.622235739739927,-13.953889626884694,-2.1520980080671643,-6.279202144388566,-4.1737469957300934,-2.5447451387100464,-3.457527055197803,-1.0438455315761095,-3.1258357566576924,2.466898839795826,-0.18444675587670653,-0.13695453251243456,1.6228428098895558,-0.17908297501512865,3.520851887171952,1.6257258861229145,-1.3944647486020636,-0.08471676032538081,1.2563331901087285,0.1670720651632216,-17.735714189867235,-8.421337939321809,-8.409449957810887,-19.105793992523104,-11.902748932698508,-5.201173286249001,-5.4305011946026465,-9.966481578150177,-11.788324363284069,-13.891484842891241,-8.242569739146655,-6.6106289597796035,-5.951861420987036,-6.17847576169524,-2.872437759434945,-7.9041774625571914,-4.1505298594171895,-2.1392434857354097,-4.347603968253766,-2.600350151633524,-0.24174472605582553,-1.2234220330080967,4.305900185045261,-0.041945872675036605,0.872426631860435,4.732413854682818,3.4879090739868404,-1.4594975243572428,1.825755660794107,-3.8740804088500735,-13.356377986191609,-5.294200398743421
18,106,6,11.685379768733124,2.4362244650596603,2.211668227004205,18.239830048311873,9.987143583983329,7.474788157905381,2.6823105493265142,14.586102442225299,12.997988595604529,12.983666424117075,1.5764941440486318,5.20655021328116,15.548278104831883,14.680042070751195,11.500389225116542,10.703600111099453,12.472387478073566,10.472093252533277,12.836405105196034,7.89148495582546,8.888015199804725,13.751302826365949,6.873272125041341,14.525191403424797,4.995574801802499,8.30922275968748,14.098556540304475,17.580083066188706,9.509541239362305,7.578321199665394,5.276548132130015,7.109645582274139,4.492781187316813,6.1369786874288925,2.7148920269683003,8.576807000844669,8.53644234013017,12.79523217799312,2.6277764431313098,4.737818710165232,12.65798512346498,8.837660424485117,7.637986302898241,-4.614875267471311,9.299769086331676,17.44246371834334,0.6313952099441025,13.684148741295418,13.278663861724288,14.828787774188303,9.174261090709127,10.290792103936306,9.73266345975784,13.626178440478887,9.458005787943852,4.128532585574359,6.3197530260673025,15.970677757181416,10.937297111990427,17.237727430989825,-2.3716238649581918,10.747725111318799
18,107,2,-17.27263321464018,-19.46751721991544,-16.0839868320561,-27.727789416909218,-27.310276941555312,-31.687381873043584,-14.600327684196202,-13.580544892562228,-23.134524033654767,-25.639835771264085,-22.31310039349808,-14.676065838191564,-16.425629040635215,-20.665433083229313,-20.272091237691836,-16.90233552512689,-9.822894983720492,-10.919941232653288,-8.164973136963228,-10.585327737856797,-4.367345869552525,-4.59130987431854,-2.1286852341599594,-1.7447450946357748,-12.839014416197081,5.5403200007134625,1.8396233882380244,2.979014031861611,2.4443911756275285,3.1590188504253502,-15.264432901789133,-21.31032724887496,-24.795502138982812,-21.59509986776449,-15.61961894418772,-24.088501129458415,-28.48418973277254,-28.918121507981933,-6.254673808160028,-15.422190926423879,-19.519743723567668,-25.130452745934807,-12.987312952329106,-4.827433730418817,-14.757070665588461,-14.530581258851557,-21.805451386449175,-14.402577568663332,-6.556655438014921,-10.942156269510347,-11.572763775588898,-11.255880708456267,-11.654517349355464,-4.867075802803765,-1.7408694554597317,-12.513001704168293,-6.728880818842385,-8.910178280715177,1.1210846882569037,2.2108430639136483,-4.206708528124155,-9.102981752840943
18,108,4,1.702035665012352,7.04141508677702,0.9298958881962591,5.82612268772067,26.690082422934662,11.557007443523268,-1.108494574566109,4.785832367899897,18.037654717316524,20.521336022673598,6.314256985217518,18.79861434512748,16.44944041504003,27.464155487733247,9.444517944507844,3.8562009446663668,9.685968363958574,21.857752425596118,21.088924024435794,6.880731134550507,10.912789352874201,17.048592890499204,18.835639736785495,17.719173761398075,32.71746034427294,-3.360749061298896,7.913737408998539,4.5951669149827685,6.606606135633203,7.893559713688922,3.680796352652379,4.413802530752814,2.0479205882222176,-8.23483501331563,2.4168550907293467,12.013908729184324,12.057964709581713,11.257355712345662,1.1316707838815074,18.895857894475135,12.920414279073059,15.305790333230632,9.814949804371812,-1.9626338421934977,7.64936961781052,22.937855838275517,26.541478389010905,5.234760609546269,14.102110137799519,17.783927242311353,23.76106939822003,19.596554474041948,2.464356543041946,12.384070542300261,19.41889624711034,20.322760835289955,7.590499700296938,24.425444588795585,11.069007133985524,8.003423154910616,18.553580506182293,13.42071407030495
18,109,1,5.694604464556751,1.0754847516584007,-0.3370048295558861,-1.157750568233383,7.401819608128836,-0.6972193721704549,-0.7937477921169793,4.445097131575117,12.593570809574977,8.801262781341991,2.924150277739075,1.3943940467519196,9.473469524019649,9.348155203525254,6.622807432208834,11.45730729214847,8.926198955077293,12.206714056037576,8.337476038987317,6.903776976461641,5.398126401098038,13.292580047997129,12.952122223631642,7.3383680918976575,7.948334065561253,4.848982202411606,8.694813075270957,5.617365388426836,8.475831104323222,6.930896021689789,-1.590371234728614,7.322084812031457,6.350637891568338,2.458735770456812,-0.4028570182570366,12.963019303648121,9.565094186447377,0.9721137123954743,-0.09534203230471461,1.1542826645848585,11.111210032491151,7.467548868441441,0.632417647281615,-11.912383348431165,4.572804644919659,9.318948478233526,2.469485854003124,9.115217974403778,8.972545767043961,11.706010098623041,9.378026818538583,8.696874762223693,4.8956772831791096,10.991760564831697,11.71723501138934,9.210809619642978,8.426843276826618,7.739863677718395,11.741457859962814,12.763401134825523,2.845661386285296,4.630260940538948
18,110,3,1.209503994612931,-3.435706693633667,-0.6480155298954864,14.24825590920476,8.67802513076174,4.588106419414102,-6.8329707450153885,-8.523690230008672,6.221654562870176,9.405598534861717,-3.5168923029119594,-9.451574710555517,-0.09258564680860104,11.237408978489748,5.935000774882188,1.5427262747160548,-4.127100392403766,6.556297820606609,8.247777164513364,2.032203451980178,-4.465623099842427,0.30355167030300084,7.205449433656546,2.4098131525352953,1.0934591077086397,-0.7745683876933853,1.4912297487920505,0.6254706796849283,2.839137303711074,-1.7784925557988143,1.1674296921630192,6.53965694141551,4.822224457932792,0.37958946394330867,0.4619596355662828,4.873432262596197,6.552487311595143,2.5257687412838385,-0.5606019645432448,-9.411666334886382,-1.2428696164879072,2.3620713760440313,-8.324511561573976,-1.0063974458359382,-4.977369486876739,7.7059542970482,-2.1130370780393997,0.15482272393291652,-14.587979785189402,1.8721788952995952,11.247514503076673,4.629154575415094,1.4438996030949056,-0.5175944392274083,5.608492706198153,14.44270388141456,2.7536923498008994,1.4631256047499976,1.5633210986227977,4.848708425807516,-3.228983213511726,4.11845296931811
18,111,6,-14.979513165648884,-14.003223892664773,-19.212316239479836,-14.858705997739614,-5.2656845681641835,-2.2921069655226667,-20.646879409144574,-14.207892908476198,-5.2137932230082455,-2.61328665130749,-7.694550490773445,-22.201042970324437,-7.901534614880092,2.4822267821830932,-8.233976511188168,-9.440334928903457,-5.227340600635045,-2.6129886748314597,2.0895647737112393,-0.3876948839666814,1.3551151688415106,-1.330311255620385,1.1930382651981062,0.7207531252557928,-10.500411566710332,-0.2722049291379084,-3.6883951588079507,-3.8105450883598584,-0.32299179565615765,0.6100720717321809,-20.979818607687587,-12.495548773806826,-13.977449593633951,-18.359566367254033,-19.195463177180155,-9.94413987258677,-10.999852839777832,-14.17234467189648,-22.28454183151083,-22.556029481268155,-5.829217991848453,-8.626616126585116,-13.487676226380627,-0.3226900805695067,-10.445994814000354,6.8882889850973745,-4.629685403315618,3.7350269349848446,-9.650894954755184,-3.7103365218017,0.03097417483265269,1.1182146849065995,-1.345968764116307,-2.789130813953264,2.008222707183805,16.880291753516694,3.011575014276501,-2.4784888189126963,3.330398733216541,6.745780692520982,12.835209239683138,-5.6599426235557875
18,112,5,3.6669975362899825,-5.561220264403016,-2.8539958392247207,-6.7962080972871135,3.0754605177562784,-3.4653660539628515,-11.937425737837096,-2.241133859721807,-4.1188367896258296,-9.064038110209818,-16.60722253200167,-13.938941789203229,-6.915342754468588,-6.751060685642613,-3.210614091966571,-9.787480676069668,-8.696725847148455,-3.6032611106624595,-1.9694187631830573,-6.722623115814314,-10.456942258538998,-4.759607383669015,-1.3515281966410408,-13.679807327136883,-36.050146082552466,-4.697154185643826,-1.0233232668351104,-8.346870163251168,-3.4081780036411655,-9.932998704031204,-6.190669197078068,6.132255620419664,2.7913433794250198,-10.186566255146227,-2.6625798191284615,2.584310767081816,-0.2882778889545014,-2.712884345381497,-9.455077980997087,-14.170988776745903,-5.595437037906179,-11.02209043509623,-21.801774875192752,-30.81917563189822,-10.937029042122202,-5.62129512053869,-7.401549526268806,-9.60395209794785,-19.242787622267425,-5.601683672699264,-2.7329130701538986,-7.149807245805624,-8.009427706583216,-7.582994058472677,-2.1519900721202556,3.448442056423007,-6.794591519027589,-22.90279737740708,-4.347009803066257,-0.20563764335508083,9.114517692340218,-9.781193056847995
18,113,2,-18.496584206092635,-15.388815995396628,-13.179373428327725,-10.723615881754085,-12.89616337386754,-15.745218121297608,-15.258415425877741,-14.380312109820355,-10.893110844329367,-9.644923943208484,-8.816000265659902,-9.402843979909937,-9.026148669353523,-4.993658384768198,-2.820457005237299,-6.750734726143094,-8.910131615018708,-3.5578437153443048,0.6823571351143503,-2.152829980937672,-7.453506002747789,-2.5240608826733943,2.6825396188239505,5.7454547386889026,-4.151379190953221,-0.8093513061133476,0.3185294322306069,1.505913215155554,-2.9584917051308777,3.269692530746574,-13.782124309823288,-17.58487512552882,-14.929934996657263,-17.97767674247166,-13.257592243528578,-16.772433956676146,-14.564669470075613,-12.645182825091132,-6.402002086084931,-9.49422638499882,-13.249732777748887,-13.146952064810083,-6.540342265921764,-9.61110951493831,-9.820980373133976,-13.266222756901172,-9.457361306665781,-10.249663809382522,-7.521319339051843,-5.848403002792769,-2.709138938373456,-7.4905816475838085,-5.342739282027366,-5.82696069345423,1.9933287008983502,9.651464864730881,1.0122046052725295,-4.860387797490121,-0.2629858576124765,0.6415100549234141,12.40514216640191,0.30655583432625844
18,114,6,15.389041355379463,8.043389266038814,3.8565101332099356,14.101417295180449,9.620700963863694,2.1676326881776142,4.170428170413687,10.681947286467906,7.137185425293154,7.64710296470127,25.844471420547592,14.278986086353383,7.548186903683153,6.83468049005946,-10.532870179837245,5.177635756383719,2.886826942901967,1.376261378672521,-4.6302796435519715,0.9802656698426813,0.20645333250711992,0.16477751343442984,-1.1248225310232427,5.732553567328467,-2.9264895131402655,1.608597013213468,-3.5237219292363853,-4.24333708770516,2.683346067623394,2.579421903324744,0.3847987339036862,6.55569065847184,0.8112174163050025,8.638068295333804,5.126025739256521,9.201119374353206,4.196072150430665,14.115879160079473,8.537613874551177,13.80617213835258,6.543944281321473,0.4998249325094872,19.104827474802732,33.23149197494112,3.2813085169963,18.72737603602796,-6.274072925151303,5.613623676401356,-10.761857195240564,3.26472167489573,0.04758906378070152,-2.062538886686968,7.148831348623456,1.1406943271924712,-0.9697260498182786,-5.621669479327777,-1.60490760311666,-0.8889818042062407,-2.4880710698709594,0.38110184465057984,-4.602389474552717,17.226401940181216
18,115,5,2.429460057148304,-1.8265788702112502,9.680651090993756,14.283824682235718,12.746061773925302,8.57519985035788,5.021639681245177,10.44579550314967,17.676941127493606,13.513474816660864,6.492829647551219,22.8444023981872,19.759536675563677,12.066680940288327,4.525452032896821,12.228033466264606,17.607389985061275,17.670502521006807,16.00049168434811,12.259158524979908,14.165954611105164,18.0462592922878,18.409099751765403,21.633533130297675,9.463812764961178,5.251703213048505,16.676442037904398,7.4656043967002095,7.486324149558727,7.746661598975889,1.5175926014951373,13.667399906803205,1.4263609365173973,9.862203675535191,10.773670632528463,14.76832000366072,10.363224346372418,13.091285649687052,-3.253802168873006,22.772855066308153,18.61039805830251,14.09922157968509,14.240657098863906,12.654580664253968,16.68666495269211,10.436228142676462,15.984264281419357,12.648484847758239,21.235190801140746,20.079339959908555,16.02366610200757,22.760328170957,12.138086870596625,16.427620021399203,15.824221111675042,21.588521872533533,14.946471612627917,13.185059587050947,15.8803122274396,9.368427876576146,10.545886731956427,16.255498889992683
18,116,2,2.7163615174273534,2.920444014805893,0.9683739408827964,-4.9718883803296015,-3.325414802061346,3.9543385608348895,7.081211734245101,-4.307116340255229,1.6175348507581144,0.8808280151825763,4.553910168285323,4.521997298045858,1.2390516519222814,1.9767325073480608,0.4430838201376728,3.652422092059947,3.499783959569091,3.146655958566087,3.8463318711686196,8.289371051467818,2.885182401327213,4.481155881676654,6.50966232890127,20.110399874324752,8.592825920488567,3.3355186050814556,0.525627104146335,4.884037021422624,2.970959050330991,7.301681786244616,3.9523513787539617,3.933661733322392,2.6203881376309375,-3.8381986608061545,1.3844988613798308,1.985955276732722,1.5765257843020488,-2.400195597784546,-8.347616988773714,4.32723076591586,3.6939582533328004,2.904408411523213,6.496127871194538,18.76597879281859,1.6669043985808765,4.7561618492188975,2.3097647915526127,5.117840352164376,4.712873223592621,3.2070828716543214,3.774005977448256,2.5849105356951108,8.88893149677301,4.153671834101086,4.781938067063824,9.600957296012831,11.976322789392553,-0.8023392210669087,5.032946573093352,0.9526269339456599,11.188113872325285,1.3242378213965298
18,117,2,-4.65551751779347,-10.134835096621295,-14.007213308149387,10.395982639864087,8.86348134974336,-7.198362882135484,-12.814262562288363,-7.399616266714362,13.086745138666247,10.567526606524856,-1.1975919062771452,-11.278522337531491,10.274322514013365,19.08734476026545,2.0470378460339855,3.4976384329961676,3.1578976713240205,16.16644437845638,14.019298652414138,5.448656241506022,1.7164695813297866,10.598724229306704,14.092496147095344,11.3223734782191,-8.154193305586489,0.3031531000543932,4.720853722972294,2.4942693058174172,1.9409960528335926,-3.5158140077142117,-15.427115074414768,-1.9211349594066072,-2.1835826449096203,-10.354591839830391,-13.074734063767947,8.84014872493359,5.418445621299127,-4.509669773280621,-12.014675952482781,-11.372195646084455,4.946404458398407,4.223982629116354,-0.46505507732537155,-3.476767896152125,1.6008176156248695,17.212785544975596,11.653673563516001,5.151511325506587,-6.369005292483677,12.06142510868972,17.40558550124648,7.610293725017098,3.2918629850681165,5.094217083720697,14.828089275647237,11.30364667905904,0.5414578945705344,-0.8045703999615822,7.332792050489999,1.1036876989585314,-2.2031923054104148,-10.728210357642487
18,118,4,-19.894347419780583,-18.404099197308632,-13.47911086884078,-27.76331171656889,-16.314320267541568,-14.593149909658777,-16.73734011162617,-8.037071872547989,-14.939085122283064,-13.920928253883076,-23.639489407287673,0.10512541853198146,-15.09329710094396,-11.776516515040397,-7.431549692134622,-3.775583433231519,-11.271266232630825,-11.058337154805658,-6.962149629099631,-8.55112029245214,-9.088549701269809,-11.632870179123989,-7.842957148385211,-12.664822258214208,-3.8508203764014484,-3.180844796600001,-9.516428571012685,-5.8435234077979,-5.734149695010627,-4.044469476200459,-14.632695133638824,-18.72079777710065,-20.59296940205753,-13.402527298187694,-12.83107475970485,-16.677671355536066,-23.281865407462877,-14.765427578785806,0.9460153395278814,-0.5624084681018362,-12.072668642805125,-20.61399618558949,-21.942554933916224,-16.777222386371086,-12.906972889765726,-1.6900508008306734,-5.6883075935538985,-10.392939507665973,-4.916765690531309,-12.051042011507393,-8.642873372019432,-7.151798153929295,-7.405224177055061,-12.298459633435241,-10.160866367937324,6.104957813090398,-8.399307155368351,-15.144575648395929,-9.483254780863668,-11.033972832805867,-16.88789044778294,-6.400685352341432
18,119,4,-6.079611835206246,-11.511960614177328,-9.791924459919356,-5.824638186567803,0.9188850825551683,-8.595656765193295,-8.847766002117678,-8.648667399021914,2.0827445218839284,-0.2665226050629852,-0.6569850626344829,-8.318670890543878,4.161155102638208,8.112869483941212,16.448371198777924,-0.9086081383227396,4.424710794738155,5.581893266110521,15.508662069897822,9.662175598611102,6.8980872611083655,5.259724738894078,11.305078826890115,5.161704540729703,6.844598030762341,1.1726332924487737,7.4322649214484855,-1.7786043247594145,8.780399650903187,-0.12210159357523621,-9.550339886790887,-5.010751931417007,-6.689136361663525,-12.454578807157251,-7.942933000556031,-3.870189735938499,-2.6606596739644677,-5.087374511566695,-8.78092117968765,-9.221358495321487,1.4983425352994995,0.15427335142725812,-2.5691804030523993,-25.65033805842805,-1.2608924381798368,0.7100553930532637,4.80470832955183,-0.04907901296619244,2.79534200070108,4.160752778282255,9.031410151683701,19.02092644349648,5.3678934032142855,4.090285489926249,7.538805911272043,42.68717530515139,12.896785491475516,2.8535507441521037,4.629422814426262,15.271726351458485,23.68656260138606,6.080630619646751
19,0,3,-20.255613192586555,-14.850613275821107,-3.600502178754383,0.32947231554312717,3.248159108876548,7.755865532018967,6.654183177709032,3.081947323127947,-7.23921738062962,9.422311394952425,9.146069666257175,2.3160970800985003,3.703087877504888,-6.412989990047474,-2.5613924810526583,8.658892235468803,-4.5485150620068735,0.85507594123937,-0.25469078766409226,0.8325829033785297,-9.251793037246765,-3.093253906498233,-0.5892297275103174,0.36536081099212586,-6.798301744570095,-6.590325930769125,-8.331193213464646,-7.455024143317482,-5.516856608230891,-13.510702102831218,0.15158524673159554,-18.356267506597423,3.2894963669000066,22.512937561131825,1.3417867201880171,-0.10503889111483948,4.981435199590435,8.53700895367826,-1.7524938136339188,2.760070469128195,3.79556695594475,10.028492070280201,14.102496228566977,13.151954510527451,-0.4610398942263932,3.702576755137159,2.308577230881626,5.53159871758757,-2.965837386300468,-1.1346909877355782,0.7104285458761557,3.1036315500230818,0.9050710486211215,-3.8489886493899097,-2.2523910954208466,-3.2735765297704087,-6.61242359674467,-8.025987358329386,-5.749329837447987,-3.5280184420847855,-2.9940192964163677,-8.530217961476348
19,1,4,8.989253486824657,11.058108519013158,11.431295966354714,13.20002961656498,7.147729357139473,10.169619504952946,12.64141729006134,13.746161937855604,3.9834983822883965,8.569675290389222,6.3657370792111285,18.307681355966114,10.310449247946963,3.2733765233239933,3.581475707089027,8.848801433506257,14.234041601142616,10.461190016642094,6.376243671061607,6.2198630569093885,17.881867748313212,12.219185905621904,7.810113948474567,7.273510326199783,7.926495095896653,15.558032960971676,12.367908938966762,12.18673737408458,10.705534241752837,11.707288786142833,20.19379600404375,14.135073673661521,11.001775785871757,4.9393866552812264,13.736010977578136,12.282896500398824,8.107102102350177,9.56267435419397,20.297968352985812,13.828094471422048,11.012215691377266,6.0625267929863185,9.56016330800031,14.277832289848176,12.065129733417278,8.972506851332671,6.372785999621384,6.2859334481153155,17.88336112468345,13.327277196275931,4.629700971849646,5.907474973511587,8.573297504744515,14.547656269130723,9.45182660912027,7.0678235125989195,7.8223982623596555,14.867306433663492,11.437500321482332,8.948044910135383,7.437264303506423,7.9532680587343325
19,2,2,0.9958480016396554,11.226346888079698,2.6585292770731734,-2.1056458950042725,-6.216254149495461,-0.9225731334853453,10.275942865301996,-2.2895195892126097,-11.005731266991399,-7.145458254520209,-3.213270537418923,-0.045826239920243914,-7.145084961919431,-10.405403822228855,-5.830911243470703,0.6020429172203877,-5.152620226229971,-9.481990748562104,-10.700614191986409,-8.227185390426824,-12.370024426544946,-10.516798278680307,-11.580881127292608,-11.876184875713426,-8.555408787788686,-12.369264436340547,-14.841720026395308,-14.93324796205796,-13.052755451059854,-10.389684050957236,-3.0428543465848032,-0.5448257474274172,1.4130304544800651,10.081260264464994,-1.9009278887519376,-7.074218973812718,-5.6211533795179,3.3105539469866136,3.078622889318842,-0.2202911205226322,-6.317724236065705,-6.010971730570703,7.91056626428929,11.105245875921561,-6.254600417096074,-7.772563212891904,-11.417847235187347,-0.49533283191153793,-5.104798476201788,-8.365699587934989,-5.662148491695251,-10.701272069249397,-6.008891725628754,-12.521418556343859,-12.010979159666991,-12.019503445387253,-10.752573740929822,-16.01004190320468,-14.142851429684764,-13.476577937239544,-13.538826214921912,-13.43416942388285
19,3,2,24.815941480965158,-12.626146404725713,20.171507361958298,22.334894857602194,23.918065907677825,26.0665247428299,23.390004373496257,21.182310691057904,25.28179469025443,29.460233388650323,26.393650284445847,19.124375482975708,21.85506410079598,23.97463879981873,27.996225728040056,26.550413333379282,23.672023888790935,24.98482426819279,27.985390132792848,28.928567573609854,22.42871169648246,26.542635470356146,29.135138873556027,29.791550050330585,27.734312670350818,20.009980064884914,27.221046561466103,27.4655908959486,30.077560506806524,21.360646731799424,32.41959964411286,17.618874793071537,25.55505860103551,18.291823714335514,21.913445793523838,23.35015594907013,26.088577752796603,26.248060559638127,10.55377130726034,20.80744777379058,23.780973982985874,27.6279847538326,23.373466818548003,20.547059127742923,23.902257254347205,26.44809424650017,26.714202738276178,27.33350767713133,23.20179285336193,24.43264297811632,25.65622646545581,28.56686885327827,26.33835756524308,26.504831455693388,28.292827028951557,28.154721858933947,29.69907551872111,24.362874723232636,28.280778305394954,30.41633061210555,31.802663640369015,29.216804657960548
19,4,1,-11.44765578099049,-23.204993059904115,-9.602802898712092,-1.3256180413612502,5.792538353983068,2.2996306010044942,1.9201143822610034,-1.6140151493969697,10.751173697149376,11.413011599899965,6.625014530188152,2.139592195758823,10.236298939485739,11.941157609530975,8.361744049970607,9.83873392214499,11.468744442059956,16.47999718730769,17.51380474356616,13.805401359332679,15.057966728603887,15.671111819459268,20.987570387652003,19.080887062883953,17.29800240531927,11.417784939679063,15.519340007406917,16.042441483632448,15.6118368918485,13.078986298928898,-10.858688272581224,3.1394089854012885,-2.0410465120178896,-7.198448894681724,-1.2654097273764084,2.886527042790519,6.151019244534302,3.3996997482708347,-3.8133578904756744,-3.935072242412943,5.2038952245308865,7.342500814577425,5.322462964923657,2.394771877023188,5.7418632797113185,13.531932934420183,13.264633384612736,12.790593597833531,9.828809559311173,11.888006905525383,16.978925541361278,15.618934554979205,13.73993978711844,17.16303036834409,20.421291499824555,20.16122749020777,18.487692842578,15.97316213242891,18.326592339679788,19.65068137482172,20.352990012343334,18.302334850335985
19,5,5,-19.567166809083474,-14.449866100238564,-25.580973926840773,-23.907772667706013,-24.912589427174577,-22.39532538386425,-15.948766911021877,-24.783826153089343,-23.6386064016601,-21.785749221447762,-17.580537460199213,-22.985555082559586,-23.889955105941464,-21.60736426583878,-20.98025048144798,-18.694317489044696,-27.457964278939276,-20.85206504256986,-17.653087807864672,-20.560139074194705,-21.980533986920253,-21.886117070186412,-18.529799104463777,-19.87638590066899,-18.170091594501237,-18.739828150901122,-19.342760058801343,-16.218097585185266,-15.90642946122624,-14.7961915365034,-21.589968963935046,-22.153225593450582,-24.927469110252662,-31.974604116343897,-24.704235932994163,-28.297111476612514,-24.171401110273322,-21.95154760775678,-20.511730673109614,-25.907753015800232,-24.52655757890967,-19.739356077792948,-17.392210370747417,-15.953686801035236,-23.482128052086374,-20.3543587945765,-22.442573680201686,-20.61241407974102,-24.053428981362334,-23.627859908996573,-11.459442324981813,-21.094907146401514,-19.361657570774963,-21.92835235068711,-17.97302691674815,-18.560163322381865,-20.623796259848074,-19.58096208850422,-19.82915969247498,-18.83053836771627,-18.845400505494798,-17.733767039346972
19,6,1,-17.797659788746387,-8.734269206752861,-6.072935520850192,-11.71098201406165,-13.05341323808392,-11.769523662196967,-6.37899034775839,-9.73675270399033,-15.92072271296708,-11.18419175353129,-10.395843998682343,-6.62754782521529,-13.326459392186862,-17.721415926316165,-13.57703477198758,-10.523980424716703,-11.741377345899625,-12.762562766603033,-9.899937692166468,-8.542786696533929,-7.691150656912659,-12.063769693191093,-9.008746537805832,-6.102073056577911,-2.8475362972339338,-1.1849793997343359,-4.506893242078992,-3.7508385297018894,-2.3313725119337385,-1.1664773811978038,-3.9598231142409492,-11.026082194222859,-5.284169973214952,-1.357595487338741,-12.098707137742965,-13.28958880279509,-12.251292335108015,-9.578376533389768,-6.2102719866997225,-8.801824110162606,-13.268771222084132,-11.884882562248622,-7.808833989984834,-4.27231778515639,-11.823607647064616,-13.332894868808006,-11.19068947548001,-10.997211406052834,-10.031763081881786,-14.317600819762093,-13.83464999758161,-9.16270495710395,-7.964765778481507,-7.100943157560099,-9.18896253995325,-9.529119186035196,-3.3840909956886254,-7.339496372375502,-7.417833358231118,-5.524914282476301,-5.064016659055529,-0.9805325294004348
19,7,2,-19.59065082969097,-17.946684943466654,4.021529135600915,2.365438858504272,-2.59954766606594,-6.502900228966261,-6.563179555553489,2.3644744276818703,-7.980507841117947,-5.933314690974016,-7.346282998849519,5.998069632457708,-2.0982548138808204,-7.990294379977194,-7.547841013613635,-7.554614230967699,-2.404065125360631,-2.7277242303825915,-5.064225572365814,-6.778275268106931,-0.031946327207927824,-4.633860883958887,-5.940283586157533,-5.7830540025379635,-6.8299014044516735,-4.320606203579414,-3.8354510055037148,-5.493154623295842,-5.8051204009254125,-3.7441852043110235,12.200919521041214,-2.580214521098065,-4.0544221468125,-6.407776634758279,3.254670048268832,-3.6934657371773336,-4.517044297379738,-4.061310971316188,1.8482483793234619,3.410868536379963,0.5859720046893216,-6.246333840780144,-6.193432110202743,-4.895316097889633,-0.1096567212172399,-4.391134380465147,-0.2625485088437711,-9.17924709000238,4.338237122382695,-4.883778412985366,-9.716699563511986,-5.6700595202969355,-7.149035956119978,-3.2482390598870983,-2.466957895664452,-7.287732413015901,-6.8823630738003985,-1.8627727183516196,-5.123193800335797,-6.070877790178466,-6.385181396768044,-4.376556751159267
19,8,3,-8.073955815228656,-5.882395205894351,3.1614487694119204,5.429381921115086,3.210688298096788,9.498479502639034,5.026288099632391,6.360474963570246,6.5135446043980405,2.7025910938022326,5.934403650235478,4.799699244833343,6.29864887393466,3.685212461370124,3.837090959795182,4.614509978808646,3.0450498883984416,3.6927946293541987,3.8138423327174857,4.0646576118632805,-5.22959278532156,2.5914988375564167,2.9630685102949834,3.1852085110958575,2.200053825186531,-0.1961491744420148,-0.4383200985470378,1.0962647190998973,2.5058285841212906,0.28703271332991986,-3.1917062691816063,-2.448371348459637,-10.7726446809815,3.5557337427375506,4.823201204718251,3.2712965468626187,2.164009763558236,5.936910216571626,-3.510854238507951,6.183658917956962,4.929324577040062,5.119278268121954,7.039312659558362,4.302313071130437,5.411364319793903,5.20335305506568,4.417209674831388,6.247591586465517,1.7894711834193977,7.533423315688245,6.166601295753313,3.0480231626822447,2.0554019210280905,0.8721380318605867,1.0456252184912287,5.499803424925008,2.7537238980535546,-2.761168254123398,1.8441684552604656,1.733578431465459,4.559634925499443,1.804537741886168
19,9,3,-1.3945639601613327,10.749338248744607,1.0362653212292439,-0.1572740473883887,3.5137919145295493,4.901662691768898,8.413730206413812,1.930025373777183,6.033398164625044,6.702129306317095,7.095721012743751,1.2738540722625094,4.525395275530883,-1.0249943108207022,5.838822313511976,8.431178863183025,4.577439247136482,6.163192444479535,6.394927963287928,6.671716283552534,3.548209386437606,6.250236024705287,6.319421979928077,4.482311289791566,5.081496473583511,5.013301571240515,3.3048829400696125,5.22794831620257,4.270828914556018,3.8181978636194147,8.085791192236123,7.6915906828987195,4.454209326698284,12.807246792152897,0.2021002067911725,-0.1358209080176381,7.216893143256243,7.155138227248158,1.3987195121760418,2.2294002042447274,3.5828979808110266,7.534494441848749,8.39294371859557,8.448858744033227,1.6427748974230953,5.230192798462404,6.443176348710698,4.240269225635904,3.252701217166673,8.12379975724261,11.308252634208017,7.1033120374536045,7.300123382592574,4.437787229717686,7.2493994645774364,5.898528407082219,3.373193341307342,3.2608211103190716,4.349325913140871,3.0498187170568376,2.9291177507399055,1.885559118443692
19,10,4,14.915114888716953,14.459168222375071,1.1460687028806336,11.163071920958958,19.719818456938913,13.43040058669129,5.834253457976822,4.968888709503343,19.545971343248354,23.85565324103823,10.856999397323257,-1.3113781240564306,11.661511495164252,14.715388008643218,16.227728599250856,6.736173435290367,5.811831412499023,15.119508500528964,16.14815157590571,10.742418338794536,0.16094957076285737,8.834726053471794,13.589403446218585,10.4439501696289,7.841589215007133,-2.5263217110442335,1.3666975556009602,3.2056305302397874,3.925943460553976,1.3266580045086942,1.2789607048602545,13.511119786127495,14.565091649910853,18.613336053063577,11.155023124886723,12.507623054973061,19.402994959541346,11.625107347749447,-5.661837397234108,4.248122493895453,14.643050839261317,15.556912970865469,5.045043521992316,2.421913828805841,4.080195262778277,17.24515406905515,19.855670494890617,9.055866126226626,0.7411793801456519,9.257775191138157,17.612119189849714,12.924290048639945,8.542204469442368,3.8491175109520555,11.90369572425147,14.380404565210757,7.470735050737858,0.9046710528910329,4.4919289555854895,8.280958289280534,5.5861314455126765,4.930275794731954
19,11,6,-2.6762224408548025,-8.191403465197853,-3.3419047166485445,-3.7209899069105368,-8.708518422100836,-7.873304407091009,2.3291592010660325,-0.9825058250585808,-11.976886053524193,-6.254564857791842,0.6423047514882206,1.683814500719763,-5.4787058431382665,-9.752108079381287,-4.5898613658756355,5.445612869884182,1.5193894551413862,0.8838223607347508,-0.39482276757225065,3.3254559952765703,1.2002103792690857,0.5835541932582394,2.157085374253234,3.9134946228572858,1.7417828043150485,2.3071549766265367,-0.02759973464034189,1.61235297012438,1.5628911889635195,-1.2753251895263062,-10.127473316973122,-11.142547753185221,-7.562996367833052,-18.475675209834257,-2.5811300752230157,-11.807901121437455,-7.8424025045284775,-4.242162548346304,1.035567530203701,0.46971091544028587,-4.303833015671954,-3.0951427543285934,4.852512068137888,2.587165511673225,-2.426571567997157,-2.26661756857321,-6.29747996397498,1.36854650207409,0.543990211413673,0.36718299941773125,-2.7780970912881022,0.536541326880091,3.7990291351679604,-4.348730376898881,0.9519505775420048,1.3946040123246786,4.287113193377127,-0.7055796463633092,1.1225044883833046,1.6326950511826945,6.019856111805244,2.790781385833169
19,12,6,14.74186328068096,16.478081652054144,11.281386314950907,10.603890818044002,14.525647649217815,21.9819828298613,18.365751881399426,9.900955552517763,14.189486451810462,19.61242843364797,20.968304002157797,10.594241999680316,18.86704472493289,16.44823310477659,20.946926254869947,18.97593691713382,17.315748868555552,17.50726254434301,18.30685468196369,21.32380699130093,15.478598171254479,18.188273689482454,19.447447928849886,21.478570036090364,18.942079577504146,10.792160057939777,16.766656585673733,14.883119638736662,16.829909408078873,13.30637975091615,12.185297356418726,13.577936996069807,16.054028072756463,28.323346929636042,10.175686167587138,14.25169474461183,17.180985780841695,17.413619090076068,10.331284593905766,9.824534018386283,13.3092862499946,20.014104466703614,17.75017574354552,15.996668625384475,14.821471373437019,16.255759412331926,20.228653524252692,24.581859442518976,11.665506992897972,15.181063270923215,20.406033886778275,20.084410398153633,18.525012504945447,20.20356489845165,20.625511715143187,20.631627262501826,20.280346300907244,15.033429215321458,19.869208030220946,18.75089027196532,20.41702490772415,18.321476722590436
19,13,4,-0.8205385687931371,-4.059373265813762,-7.317447681113413,-3.2660789231701575,-3.3457891603295757,-1.502465185550292,-10.529167042091125,-3.178582002363371,5.677139328747265,0.19266915712051283,-4.3174284988241975,-2.132525585387356,3.104902606730051,-0.4160269967666469,4.233798170961988,-7.685012949925918,4.887076246847468,6.843994568420073,7.106969800936747,1.2042858424346594,5.635304281533486,7.537658896024628,7.392358096816194,3.8863748558456193,-1.0157277412349133,1.9734604978059394,4.7101045563907835,1.2729652632118729,0.377885131415253,-2.466051175138379,2.569401204835897,-6.104961870499409,-6.752284361640129,-32.554860617374864,-3.345313610963344,-0.1612295967117855,-2.526832785343798,-5.698539313610373,-12.35482024367354,-3.2474656798592885,0.8025876060128212,-1.0036745512085727,-9.862595900081145,-13.062986525593372,-1.8649105350600506,3.020632434999797,5.668699596713226,-2.386940889174072,4.712664563390543,6.891118566392038,4.935844525331397,3.1960040047401326,-4.872187415864772,7.1354894698029625,9.051737269613797,5.686125978009728,1.5417358611097065,6.138294859062427,7.480263980968691,7.513503586873412,3.8074068399827614,0.03610628707016267
19,14,3,-3.7282609205363606,2.2078581525058283,-4.894645025874151,-4.37570346062776,-7.302474388466552,-2.7042888257817186,-4.669322783468156,-6.69264496640279,1.4978384894159869,-7.935357123902975,-4.249144673834429,-9.338218820894634,-6.39000794183599,-5.0073727207122,-5.76666748978016,-9.936386254261153,-8.929640672802806,-8.466116321409437,-8.35464191030166,-11.802945634151415,-12.552818214239718,-10.11496673528922,-11.732706276904327,-11.203698189611105,-11.940646483585608,-4.323272836099308,-13.660740552918707,-12.770211595019745,-12.475165608651352,-9.299090346366887,2.1433032609340614,-10.620686152245755,-2.5968854271852178,-4.251540159897472,-4.316175090694211,-7.241501740702404,-3.4146551422593077,-3.8214866551329267,-4.561826029622066,-6.041109238319647,-6.644196486393013,-6.079713223025017,-6.254493760017445,-7.465015125029337,-8.735909271343589,-8.40727694258775,-7.298407849111805,-9.049523984922507,-7.617098081340202,-7.930397217230104,-5.656024116136855,-9.212473409795544,-10.697774272502917,-15.334057358593281,-9.15423396915742,-10.742876070960447,-11.202791513784275,-14.172175558715525,-11.10198812996941,-12.238190117155808,-13.811219002869793,-12.372699941758343
19,15,5,-7.9427170623888825,2.306128366043924,5.515078827653581,6.091215409020464,3.287123068502722,-2.1451921002348744,1.5136783769944795,6.192325472922589,-2.3973673642726556,5.539638597166118,3.550236089268652,3.80564684961445,4.570754774357765,-2.7992612435383077,6.907825094108226,3.1984661494001263,5.693085981328494,6.631130024694224,7.233866308861203,3.7550118027436667,6.66288080906904,8.03899604754477,5.200348566229478,4.557897168416076,2.6372405843718383,5.976687659668489,4.523670890709247,2.4244205342015115,1.9580606769986169,0.3295834321619536,5.181944381763658,2.1371210808979275,5.321258485703392,-18.527230359205028,8.386890515798655,2.745248499826146,7.91338401554697,9.728557226850043,-1.7895156524666553,6.375852552969462,7.840442543894773,5.413159927790531,2.553072566400772,-1.445492354176211,-1.000594528908728,4.366054670885205,6.5437131222428295,0.38024956767912954,6.275417974741174,4.397187689341966,4.188131949205585,4.893169405983714,3.0051125213049525,4.677584857361892,8.854170343248036,3.5065697508341653,2.855096225524548,5.587989239976172,6.371426004189543,4.891791687449212,2.967188478606503,2.8888514490525528
19,16,1,2.856122953283442,-0.6729178097916833,3.8174289676883237,8.231176488027662,10.859888200261974,15.527242103926602,14.177482162147948,5.219259507655982,1.0859359003058286,14.606113369170599,14.971340953133906,0.3293034351635257,11.65873370622853,7.8514380066928116,12.529422843351773,14.236930421530833,8.797913071972022,14.467452615204197,15.610023570519575,15.685956103045774,14.781645022253162,13.306428513268198,16.804451818850524,18.358187563104064,19.933140811896543,7.541449949673448,15.19507650649119,16.47560612060039,17.94675602559455,17.143439543501636,0.4346579887745228,-3.9855872703852437,16.735283568864922,6.243396083983343,6.73171129100388,8.25522511129881,14.482572543480222,15.680573983379173,-3.4492059692104413,4.321179492779576,9.272930589572686,16.640320102502475,6.172778991692723,3.0964494122691995,6.671640783094052,13.043173361433348,12.895677044896823,15.289151141914072,5.9967274200724905,9.07289257126565,12.320696040874394,18.480608498177883,17.96225806212099,11.76115046586932,15.117823999556832,15.648561057430225,18.839698280185086,17.736575880360494,16.367962729344825,16.84257584787542,19.074495924318715,19.333155603352463
19,17,6,-14.38105792409128,-25.042037061438343,2.4540779656367144,6.476322734410444,6.4095544483918685,6.885985344705149,8.292095888315176,8.611439366824925,4.623438741409832,7.7270525963068355,8.804215240292251,15.669494042491054,8.326171042681555,6.178738952057843,1.2505476553839197,9.56607883459912,13.474395781829276,5.851462177864116,6.795648423012162,9.85352929669898,22.375134562573777,13.047999990013688,10.817870828254915,12.689399063666697,16.783331985392305,14.362422450150293,21.301002812003954,18.29432148436403,18.489355144465762,14.061434386025484,-6.775026437423263,-1.438652447402113,6.7205425246175725,5.945514604994435,7.236359634254942,1.380599698846843,8.051764881510925,9.86810251725156,1.0536295973763954,7.653911009748897,7.967743475012841,7.848802405863816,8.278340446176403,10.269374119663023,9.945901763770255,6.144023788502303,1.6746056776255283,6.860830012459037,20.200844871016546,8.610248254277046,3.6212486502737153,8.145497283012398,12.918036855166635,14.125611471829982,9.932239612132852,8.888707730782833,14.271334522227733,21.673390343876132,17.551835467948067,16.716221519893523,16.86207346318336,18.23750424337368
19,18,1,-1.5896154397576139,2.815283215173135,-1.1131402061295288,-3.6893635692427,-10.755453792796748,-9.436951250840188,-8.02270741024759,-3.3597356810393513,-3.1302579664057357,-12.374219896169615,-8.665309925927083,-1.467629952941135,-7.584493921967455,-1.993838007857159,-8.741420269614403,-6.315999826737226,-3.0679830089438602,-5.088109705673823,-10.681085507243457,-7.376202725828053,3.038907805003405,-0.19835359217008275,-8.177136956725455,-8.847850234247744,0.7801833779710101,-0.6887798697187935,1.9725938102843734,-3.0282500971835584,-3.9471876294644535,-1.6337883343448782,-12.857704121392315,1.5690555817379477,-7.228670856921096,0.40819156571666326,-4.333023815574807,-6.0510201912100765,-9.593722968799536,-9.281321651198647,9.12458988024694,-1.8325152388069692,-7.957827990522561,-10.920794326420193,-8.294295846575464,-8.18836356481401,-2.8985802804960343,-7.488934924667019,-9.32857005072122,-8.113737626512323,1.574899956004741,-4.574488129533498,-3.311625061880388,-10.279245072612303,-5.2586280438004085,3.2300170557800554,-3.338171475078549,-8.973160240072307,-3.378833192204712,6.570046095978238,1.3915372607014274,-6.6553697628309845,-6.414425532175974,-1.3174093465161731
19,19,1,-16.52409007863663,1.875301509845729,-20.731026317208727,-13.998572833241216,-4.580194738897973,-5.219255114198527,-13.23517147088195,-13.751295313923382,1.7220585417320458,-0.46458654630384116,-4.5108576669562135,-10.11602891731735,-3.2336702302024465,4.354805917064545,-6.440314170115102,-7.510859157293801,-2.7601149411554027,0.6988997902925598,0.15018072939284932,-2.8409763642376626,-3.0060858181564205,1.960798406235238,2.576476789420333,-0.07752814666345381,-4.844396567118366,-1.6480015090144275,-0.5807142503000204,-0.6523224082661863,-1.5487713807464067,-4.737410994723625,-18.3757473197652,-9.034146290726772,-12.579973503169258,-15.084473167841393,-15.190138822739456,-3.06119644626544,-2.8865803590544075,-7.997440996616744,-13.09020402182529,-14.696117064123412,-7.436282126959867,-1.7046764607245986,-9.297561441264234,-12.954169812101151,-7.3171721462802015,0.8849779398453133,1.4868653025038014,-2.9228244375809433,-8.801913094332031,0.6214827339551077,1.251236553428832,0.0686349022576993,-7.1067742119520565,2.5986765459543326,1.552700160536915,0.739281571182004,-1.2544542578185314,-0.4239024893641929,1.0870247993422328,0.8934889373187791,-1.1891260038686493,-2.304412745495852
19,20,2,1.9879892176817866,7.892882017191594,3.2451012570115685,2.7440618333781543,0.30919696757479165,7.627804620242559,9.624975982860365,0.9837858169453156,3.3586601569408145,2.036064324585337,4.207153974691542,1.5226338348101558,-0.10723005493012436,6.437558605862363,1.1979214925426835,4.912671462245138,1.0568961830491703,-1.1785039234758787,0.13478531257573106,-0.023413091000713537,0.45841322693882997,-0.9724348194488315,-1.6776145388877661,-1.2964716412626742,-1.1064290594218709,-2.175049607846432,-1.52064271159924,-1.2439254842834837,-0.5493190512061119,0.5915408095617491,14.303743104086953,0.22029563248520978,6.739004525333283,2.4002340556372244,2.08636158961723,0.7338728035896696,2.994179324246943,8.667976556845554,-0.9325685755963007,1.105429048286524,1.3640754137290407,4.771539488182658,9.946746161093982,9.761267995598114,0.36039198912316617,-0.7012196938711683,2.7320530089072714,2.055952997564441,1.6574413655950426,-0.7895744566680716,-0.4924440176521503,-0.5107816174887578,0.6266649390255642,-4.772939505555284,-2.781545838633576,-0.6591445917445355,-1.163268557920052,-1.7864845849391884,-0.34709878461208554,-0.76537465985592,-0.8332761748262287,-1.5153316965599255
19,21,1,2.491259793080843,-9.765721301545343,2.7439150740506077,2.396447441904101,0.4043026297330511,2.299412820124772,0.9827281003860507,4.280748819103237,-0.08108808881767882,-2.54221048748984,-1.0855715731158853,9.036368544315687,2.334128046544589,7.0810100676878,-0.4689242140866987,-2.275266442359879,8.735491492581081,1.3204358524029556,-1.0163632916604606,-0.6350915288643502,10.604250742917557,7.745825725902875,1.7560759480906358,0.5419946578104162,-3.3480824706394503,-1.5221538988918795,2.971859560325382,-0.6003851692487541,-1.3315557320460272,-5.2482370227211845,6.800812785649989,0.8542137204146969,1.1688906409104765,0.9071376955863544,2.1625519868855307,-2.1890627838580343,0.6330337630039655,3.2122882586029364,3.1904218668649094,4.241331423996245,0.16310946502518342,-0.619891647681049,-1.1356465523869443,-1.7645692255620558,6.6409477168103574,0.4157647730714492,-2.8892247951362373,-0.5075505187780394,10.480736464900874,5.30832090455948,3.8702551033007095,0.08221694468180074,-3.7746071653020357,7.920988412456097,3.610475452778655,2.570854601768275,-0.9377329356133606,6.450896213535314,4.192994109751005,1.7112764135661824,-1.9855714793339727,-3.768353883767638
19,22,2,-4.794183788094216,-10.92391423399492,-5.25991690759661,-4.772268405598707,-4.939448988792009,-4.1191726166062175,2.1586764363299413,-6.9573623537619715,-2.542570461564494,-7.126285098493099,2.5305217010446066,-8.122293094621705,-9.774174576318574,-12.58336454703722,-2.5652190919443023,-0.18243380628878253,-12.794073631248738,-10.136273224258842,-5.687068267838982,-2.4911176024129724,-15.32509748594516,-12.223612549283148,-6.100135245383144,-3.00623694548338,-4.133030299966153,-17.56604871237879,-13.760241838569586,-10.077313758063742,-7.122307421253398,-11.31394597665383,0.3248945115100043,-1.3522666410440816,0.899328840146886,4.81803693458801,-4.444093867466307,-7.466348456840671,-4.299513112084952,3.8647795769317823,-7.945503663586836,-7.26756817558013,-7.041686013216009,-3.4134906854298777,1.3631420986962572,0.2934904060320831,-8.385303833663876,-9.637193717584921,-7.286163583189166,-0.042870733409937856,-10.368782070669813,-9.669037759485773,-9.60499843085616,-4.350130387933972,-4.338374938418319,-19.79691109174815,-9.126185414616996,-6.156454719035189,-2.8049811259729838,-18.6038517590141,-12.96367196802322,-8.100226596213608,-3.2800876069359677,-5.067327755049056
19,23,4,-10.563384518583824,-22.015369067468296,-6.408910057251914,-6.778470798669581,-5.402386614101623,-11.432433668626235,-12.467267903294875,-5.95639004569256,-1.8608304988848379,-3.6997323557990005,-10.119477806482228,-3.5256762806462394,-1.0645316741997135,-4.997186180124656,-1.3456178401403773,-8.196830162903433,-0.16362946878028453,0.13664308471446263,-2.2960351130516283,-5.501025621165952,-4.756188548402861,-0.6407047849739099,0.519532625256787,-1.0682694432652218,-5.393013404761777,-0.3302811653830282,-2.5042197109887208,-0.2639929108128596,-1.0722204878494705,-2.3698210444914705,-9.11413215440357,0.741068175880284,-10.981127083452026,-29.930028743133327,-7.272714782103036,-2.197858254493369,-8.196692330263007,-11.281781909555736,-2.0734994965491884,-4.5494661385948785,-5.509772166029108,-8.408241338584933,-10.222330101294348,-11.77427920466289,-2.522526226665192,-1.405443879656446,-1.4821452947742326,-6.284422374945193,-3.8044291092537175,2.271933032131594,-2.604992055379583,-2.667324773033102,-7.172480256932716,1.2700630330321643,2.911877844638827,2.582067859256867,-1.9881448172850602,-3.306611783075624,-0.25523307907008963,-0.8957422281155467,-1.7870579165429237,-3.359246825590647
19,24,2,-6.056726832425491,-3.3389314312414036,-7.7354213469548165,-11.564179104003243,-11.287461784756278,-4.872765222189541,14.038452377026088,-7.505290318007873,-13.975519713105214,-9.306143644879134,6.830576925158,-4.462804772601486,-10.468963309986195,-24.30286207958693,-1.3484311167764051,11.367741044139395,-4.416320793489676,-14.241721568788142,-13.384121065414163,-2.9118690288898246,-0.7790189747039874,-10.254907540840707,-13.98224409960392,-11.35316337245267,-5.5025012162400415,-4.772055102069292,-7.232488574051275,-7.40586016808704,-9.106936727741322,-4.776392799626081,-9.399871552476613,-15.191205486655235,3.457072533553514,8.480907266170195,-10.993646923861489,-9.553496710092924,-6.575450549688667,7.866379963845958,-3.247901247212345,-7.239972895556466,-12.483956618370811,-3.508512033483229,12.905881382695329,13.61752767161261,-7.439286489312245,-14.382742422791875,-11.912348964955752,6.160499141687845,-1.3313290958616477,-13.078395294161837,-19.348257635061334,-7.552107572373815,3.3344115057943107,-6.347195056948541,-11.015157807550228,-14.828377943576823,-9.126029866633983,-3.202323969533075,-8.924929612202616,-11.464944477124908,-12.37095782533288,-10.107069056799142
19,25,5,-13.57143486775004,-3.1363335011822224,-7.446704159178433,-5.958034508430015,-2.0373176557080073,-1.3655509556666368,0.44089337451973903,-5.0630921926576535,-2.5952676540558652,-0.5216036883705298,1.9116344626811212,-3.8202333753224353,0.5095905395474584,-6.012869600007856,-3.760909504630523,1.2084902836472655,2.9348376687934086,0.39230266031127536,-1.4283058614265627,-1.063389494664478,4.94859114952567,0.5651323221334263,0.2576062547798257,-0.5354569831567758,-3.0986359833126382,-2.4510868997199515,0.5577989528424174,-3.509689765119151,-4.044120051281912,-3.6819325543531205,0.09416795621921432,-17.08387561183332,1.8061154596053228,13.683993662256054,-5.67097061170583,-6.330924189263361,-3.1799018795306737,-3.5392094635654496,-12.520076281459236,-4.331032755239527,-3.706585569363996,-0.0003377923872555644,0.8438006024921241,-1.6235484311288992,-0.10624344812609471,-0.09022585440018385,-5.236614972000895,2.033068810345426,3.387859854029444,0.3326943516830616,1.9030923687855763,0.9936968095163358,0.470324312847836,2.6018943484963426,0.9950035973168099,-0.18473593322787155,-4.7313577433048595,3.409330723784505,2.121663418007881,-3.3069317058046774,-7.027401612986379,-5.3886001140174535
19,26,2,-8.16799493688273,-0.8096364626956248,4.291570900485102,0.6388781509112298,-5.5142122244053535,-3.7422297301861214,3.928210064643861,4.156341133179235,-6.429509797871753,-5.24711701393741,-0.614785073552189,7.749892333749588,1.8058666098726595,-2.3833853442721624,2.208782643170619,3.5704580558316255,7.669102006523708,4.10141284316182,2.1638142008606986,1.8473239501359,6.344270648832273,6.521139963916166,6.559508525016836,3.785189273630879,-4.242575868890372,-0.1369675323182557,2.8135099733112057,1.7530760043868558,-0.48909291814694655,-7.70880824601471,0.6432469930590656,-7.606329277748384,-7.881948783630272,-6.282253434109254,0.020453104567600373,-8.160732664826615,-8.043089407246292,-1.4629722052358844,0.7843833420334789,4.1838475729597215,0.7064863391924734,-3.5963200279341128,1.0322697887924037,4.678807096260528,5.346596073648869,-0.44328449273669435,-2.016566737897115,2.017344482424783,8.205950053448495,4.218527240315224,3.9678008085707317,3.1970039365881275,0.4746397395572829,4.484333539427053,4.461471502282996,4.648758510809119,-0.39369832182007786,3.0129524083302646,5.04389233621428,5.590011417093439,3.7336964281730185,-1.6769122837690582
19,27,3,-11.664218127159636,-8.72326933129168,-13.377183319296593,-11.127538921356923,-3.1551954870753907,-5.974852116369619,-3.8917614594556222,-11.009237878070003,-5.778502898767774,-1.8189153405724134,-3.0540320372958547,-11.891366946851695,-7.591307204409795,9.359974240236797,-6.751897762461405,-4.354632551364444,-9.382507240808591,-2.170089636933594,0.7829833654672602,-3.4504902700143982,-5.324782929564937,-5.372866877260982,3.7147765882347334,-0.9394529346069975,2.7526350564936695,8.220216588639632,1.9889580968131373,3.190875156396406,3.475476790628419,8.48300506034866,-20.325394781260954,-17.6890784091339,-7.283239226515697,-9.531896973346797,-10.779337807535759,-5.2288728004020495,-2.267955388976034,-3.129595685568524,-9.379111820110687,-11.266630917151527,-8.37868611605287,-2.6207296487239247,-4.401636524534808,-1.3369956800668703,-9.17730933118884,-0.14853636616494725,0.3874139362923458,-4.285962102321407,-12.131284547401819,-5.194566420075007,6.120628411858915,-1.3735553980009951,-1.003585673096339,-11.357350056309524,-0.1367986127166314,3.1727776127134857,0.6186205727934124,0.5010661784426055,-1.3317824153729347,2.1728941081318895,-0.9835236717878683,2.2120092210825533
19,28,1,-6.170987897370825,-1.4691854832557638,-4.098683947719995,-10.591566436219866,-11.279853003235852,-11.13413441671831,-2.3777765364942667,-4.055955485543009,-5.706899103725604,-7.985383283256028,-3.5853824319726786,-1.6705434777171961,-4.394529873278084,-9.609251774983797,-3.176115262640139,-2.183476188129221,0.6877265475554071,-0.5905674924710533,-1.9585184299517657,-4.518590926942298,-2.8970291657520972,-3.9720540775395,-0.25789521637986,-2.8056744487868164,-1.3793641555736331,-3.372913332020002,-1.4107416215772943,-1.940234161108427,-1.0911758689028093,-6.393354604520452,-16.86650448328839,-14.262747897425808,-3.912472422711732,-4.401347628272163,-10.099504694728774,-11.050757429153634,-9.373347321956803,-5.4567994475023935,4.660651713609695,-3.4115974030957172,-7.811113920860655,-7.5981604957089885,-3.025152327674557,-1.684565605459418,-4.003040451533731,-4.31177961484461,-6.022971593309194,-2.5236106376368084,-1.987171467169325,-2.6232896485797506,0.21151794138841495,-5.293641031061004,-1.2070636441931129,-1.7147919877500435,-1.4111504821609357,-1.79049340461767,-2.3726698682691714,-0.6377047908452628,-1.839852904264883,-0.9051999681765535,-1.97057162798805,-1.358031062751428
19,29,2,5.068350042875222,15.020856028263708,-6.060397962653418,-11.18436059578345,-16.10687637961151,-5.060905591834608,-6.030873738496182,-11.170382965739424,-9.774899095955602,-19.35884877548711,-10.591419701620636,-7.665462025645667,-17.04923160049906,-12.306344970687363,-17.34032194491294,-10.622335108610363,-7.472308395748457,-16.05366356507307,-15.653578765389346,-16.562271932912317,-7.87164669703102,-13.555163712678013,-16.703412731291678,-17.04888932709014,-10.049860684201121,-3.9205923683149155,-7.946188119081095,-7.432188735775101,-7.354682868732732,-4.060466534909565,3.8420997994792905,0.7294017269344204,-9.01517315756348,12.145906604940025,-11.535552695438986,-12.844326434850064,-17.88307649955698,-10.696089812838355,10.397959508626474,-8.66214993325766,-17.536573412464698,-17.819028526294694,-9.371374103058944,-4.455933745609733,-10.546238006616477,-17.38950381618811,-18.049346137337572,-11.920411152560728,-6.474780498629029,-14.563820497794426,-12.325002680532634,-18.734908176631468,-11.839598479158267,-8.919156262333066,-14.764458676641134,-16.929032649981185,-13.43089832549505,-7.844051391704054,-10.974073716825458,-11.82481644686493,-13.16583884221206,-9.350218773069908
19,30,3,-5.810551508018897,-10.571708909729956,-10.799791051858541,-12.217039312747096,-8.992457841017579,-8.17749690664251,-14.733027698101594,-8.697340755672313,-11.630885132134148,-10.119802192353253,-14.543616240719192,-6.550655273584334,-5.627531031811062,-11.793443551315459,-3.995729381459902,-14.013039349078596,-0.7580680622060496,-6.689285026692857,-8.085728984848574,-6.6962449551778604,2.652689342943543,-1.6653657218713955,-4.499133292699185,-6.660143112218604,-8.347459774032782,-7.287350188815825,-3.517098603452126,-4.19233639506487,-5.251961441159749,-9.69705975105952,-10.278609591990522,-1.4394168630242348,-14.508478860910305,-6.611428075407561,-11.99473486219465,-9.016804274398739,-7.927797230568189,-11.373896548237722,-9.101612277392858,-10.002150089411833,-8.4063346938957,-11.407989511567331,-14.975118715724932,-16.460948496266198,-5.706645862334235,-10.381057434854467,-2.4404470051479747,-12.08321843371249,-0.3133035796671746,-3.506018771222088,-7.54639211813947,-7.878891063519056,-10.18334829976794,1.4956163748780764,-2.6438360706471418,-5.41355535079066,-6.251747134086258,-0.6867398745380346,-0.6306737539835443,-3.826775505798073,-3.3707667092449167,-5.255356954024509
19,31,6,4.801152613945305,10.541113573853387,-4.717242325366497,-5.481394721757306,-11.333341363925348,-17.388983740266877,-13.730984411009288,-7.7095327037045855,-15.283382387286636,-17.692678535584268,-17.103950941321866,-7.756487853507081,-14.857355503547124,-17.05198702046068,-21.224079313574407,-18.86850247841055,-14.746160935221535,-19.38633298060698,-22.069555370364245,-20.405553914424857,-12.065191928535794,-16.00361518693588,-23.12905164140208,-21.87928612857331,-13.41743191931306,-17.04172488637893,-15.968646687103389,-14.376613519586083,-16.79671843595258,-19.028936386698998,4.638367485993254,8.85570811296291,-10.808262116389303,-1.2934316858285808,-6.218045246219491,-4.7638506590099094,-13.815543561685462,-15.744435606024624,0.9355196402771637,-6.141686004313934,-11.348270101785069,-18.344605372628056,-14.928141363964581,-17.999893242993,-11.500779760195082,-17.917111972835283,-17.996719952428524,-22.286548551626314,-9.86689352139649,-16.02276613314427,-16.301705611506243,-23.08810964108603,-19.495945219404806,-12.093391689880773,-20.123583367244883,-21.99392057219292,-19.57328667001026,-14.435350723621411,-17.32098007268591,-20.566294609773436,-20.44249583162912,-17.408054671454707
19,32,1,15.591654880108637,13.05243106879203,8.155790498162188,12.991498392166152,9.349272057595782,7.741123488945197,-2.691075659697739,8.005347543736779,11.472411094278817,5.232437174699108,1.775404655635811,8.280362621585768,8.987177859719205,8.005729759412981,9.148038492725442,-0.6740866494251462,7.217057555141614,5.195664202578637,5.245677065673544,1.332066836857761,7.238039627126082,4.762548467638425,1.2814539467416157,-0.3109613261072006,-0.9707904204317332,2.0812505219250976,-1.2581831751073287,-1.684805597833119,-3.572524673152124,-5.454332775158084,13.578785794650814,14.598015802071941,6.73250227207999,4.416463049477898,12.810335692381722,10.483238619456928,7.653395502033026,2.8076922084522833,16.383540347218513,8.00691205353999,9.730503842598063,2.5347127784341694,-0.7819300434188692,-2.74396845234115,10.505825079159765,6.749488913794841,10.664667993881908,1.5667356297220456,7.5805384167583645,9.777343464061255,5.293129882170459,1.7686046834427458,0.6251093618906809,10.232001099599206,4.678571545348572,2.7588883244954956,-3.3030385036225884,3.0472765977227536,3.154115447819961,0.5990607564269403,-2.828300875072117,-4.382410092915338
19,33,5,-15.812128234541092,-28.124268686626014,-2.5704813080317352,-10.027629834486218,-12.487289987504484,-18.157891716626363,-10.958602889783096,-4.044960038546223,-11.53953489375005,-13.745113062513314,-13.101137170976983,-1.3260802594865317,-4.761624032776325,-9.54341236122872,-18.89817342461971,-10.915807660351067,-3.72632317599363,-6.437545287252475,-10.864319334299273,-9.245561989694377,-10.182837118428745,-7.444602017898519,-6.167423510492397,-6.219787448167614,-13.888249549753496,-1.20099702459283,-7.251248278369756,-6.735182338513481,-6.690209463522651,-4.652998457571898,1.8811235955728927,-9.308556877621792,-16.66794196027899,-37.629894812659515,-9.772894537121779,-7.315696548602381,-14.459443781979193,-16.314585587191512,-2.1663385846867897,-3.7116033493941534,-9.272068392848832,-12.776700441611979,-12.825060018167902,-8.769135547347554,-4.664882774260349,-6.773137534514256,-17.102208836413013,-8.860321311121131,-3.7852515061925405,-6.0293626338697734,-5.457621648907661,-7.556316438487384,-9.108381141613167,-11.016482224960518,-3.674688136704813,-4.390645506064885,-11.575707855600324,-7.28942131284034,-6.98270879314486,-7.271799278979353,-8.723131581959196,-8.74521586909981
19,34,3,0.1230920548437221,15.889958505268858,1.890363533935713,3.999920503520288,4.187865341911316,14.387662367077498,16.742154531965966,3.4539569568729434,11.665115877463506,8.010627509685376,16.438606516140066,3.3112783951034586,6.490806984598748,11.81449659561692,7.287376980138254,19.24535202852837,2.862802812488883,5.076847654063162,7.733452455117939,11.203124906504293,2.8456163014307974,0.5829186406804301,5.534638622501668,8.847952673234412,9.873982449425617,7.247208418670994,2.789279251472978,6.874967616551172,8.718962841371937,6.7229824599287475,-3.7984646834751117,4.500475540212019,4.938737822878293,20.313554766633345,3.8043401919805024,6.270653579656676,2.825261010708884,12.91398354147265,5.555007330596266,2.218524745733638,6.025304920471656,10.969544912035364,19.090335859758103,20.07353942932151,4.649305195859975,7.566720763513842,9.692864298695556,14.253196958747763,5.2963699122845425,2.2575954585733644,8.152061671154886,9.432226743140236,15.13517931201381,1.6146418320969098,5.266250216879136,9.12638994181392,10.924758678892767,0.5475012632314014,1.9500518899933421,7.212399832268314,8.40974368018711,8.375428328336008
19,35,1,-1.5567490800806296,-2.33028367981769,-1.5238872183282384,-4.446302781131391,-2.2129292167814043,-2.7664482151044583,-3.7907936577741985,-2.743377295724491,-1.5060828446705872,-7.203924388806452,-3.5624935839143466,1.6368326636985286,-3.1101470781694642,1.4820697648087275,-5.922510371906911,-2.7664793500756266,-0.7581880466683157,-7.996498756432941,-10.451963464990715,-7.3100032984029255,-0.29255270243554227,-6.806363852774131,-12.418206167021179,-11.506366290061216,-8.876974494991504,-6.228378471100656,-7.728541433498855,-11.044139803397165,-13.074341879703292,-9.317485692104462,6.9158827942886845,-0.7823566900929662,-4.481951257259382,-2.7648481755267555,-4.512288778046396,-3.93491668683454,-3.6022177210032242,-3.687705747056299,-3.2303725155254983,-2.041606483295299,-4.657313967992481,-3.897659304006617,-2.6820712521084484,-3.4635302154574426,-0.9566838860330058,-4.279193261206695,-8.357713037826375,-4.579683633559531,1.1902638718616454,-5.876950846644256,-4.101479485824069,-8.13331082277,-5.468159311314729,-3.797851398269215,-10.45041226890937,-10.992882520142125,-11.42121165970386,-4.437373923137784,-7.556769767878347,-12.91725908277738,-14.519234390316038,-12.16978644170775
19,36,1,-10.558429019207631,-10.168099562569358,-4.380738974490669,-1.340075663041051,2.7611149186722765,4.214220592888387,2.363167735163075,0.6240159726996974,1.9784515721768887,4.0921640839518565,6.586201535492416,4.225669346545345,4.432480624263605,7.399313635397249,7.70472390004775,6.655280849737362,8.004756512983539,2.518637349329343,5.219383987711695,9.103572243415726,10.669756819289638,6.433963113328124,5.850759986242876,8.935942811028266,10.406048346220002,12.477014425142503,12.552844821679873,11.016908994171674,10.54728234504781,10.084962572811586,-6.637156630957092,-4.660620607163121,-1.3764664116429115,-10.274987278892317,-1.231103385185323,1.0512029230594635,1.2543342865821785,5.41257317282441,-3.416744016590755,0.16163395056728191,1.4120704342679278,5.633046479850288,4.453475893906701,0.7832544176135128,4.854156449209993,3.6783413987425035,4.87545411615837,7.105329787404064,9.259188498847374,5.8055115641072055,11.413629489223943,8.678403042302254,9.21589117824305,11.372434319632989,7.156404845689133,7.052788159923581,11.486437579844052,14.568540476626023,11.340616771542443,9.283317114589973,10.073136046528816,12.89669927118756
19,37,4,-12.069422932387116,-4.639474122989468,-14.394706664198056,-8.424734482507604,-6.587494922875669,-6.343083938492868,-0.7950143691765641,-10.492807468660637,-7.919348423312442,-11.19091605520013,-0.4321601652063259,-12.337300354853367,-11.049868647315789,-5.317445212814723,-6.761448808281299,-1.4105504616504385,-12.166150900012836,-7.818900498169717,-7.927686099031173,-1.7246985125664909,-4.400272065018327,-7.824109373807268,-5.059990018208669,-3.395864216109633,-2.138449960257631,-11.735386253990493,-6.088339842779267,-4.728366603543864,-3.459303611287528,-5.358680406874954,-5.648921969579533,2.063841863592132,-11.33095027394195,-25.855820105933585,-9.151398461357479,-6.691533929145919,-8.005827519247621,-0.5237548045058757,-12.509125256337365,-10.771080222190923,-9.664855647616358,-5.528763184823645,-2.89455363509336,0.4207691624760628,-9.447462174541704,-8.353206367359684,-9.823814056609283,-1.9705538694724098,-11.997765936389024,-10.218352392344261,2.9081934865112653,-4.782726063904147,-0.6841088146334747,-5.726978977347111,-8.828379395940319,-1.6843344680964947,-1.9326164523344023,-5.400675487477426,-4.6467318868167995,-4.471951370377367,-2.1117524569967703,-3.819246752122301
19,38,1,-17.63623022767375,-8.627474783936785,-15.855381043857847,-15.565619531201152,-12.971151915128997,-8.996951066150622,-6.247689441221241,-12.714283262981427,-8.073271371833073,-9.158887295779294,-7.4133445431773675,-7.635453476513759,-10.401915013131388,-8.371797227221204,-7.76414104824795,-4.473724715814854,-5.027968106314352,-8.206487736585215,-6.76048429132007,-4.244926966590492,2.259399941889569,-5.083803112505051,-3.2861986381637784,-2.0448553220527947,0.9068444066328871,5.069274343550205,2.031597717369839,3.0484632209352247,3.374104408819864,4.75955296209985,-19.08486030109953,-18.20414456333567,-8.682029692774137,-3.851899734698236,-15.229134000928653,-14.882919740806358,-12.842730937035826,-7.157542603533356,-13.065928688340984,-13.365285767969208,-13.152763400544856,-7.950712610185206,-5.325298513126808,-6.729746843052167,-8.851534752754448,-9.180344844872993,-10.113082278093957,-5.37866240244631,-4.434493962050665,-9.293210440390547,-3.303522918736789,-5.729107842610289,-0.9557505772028869,-1.6554058492467618,-4.550528327003121,-3.6500972583435694,-0.13898081799242057,1.7396894999121024,-0.23737539061651958,-0.012035461665107605,2.1090058397229114,4.272286770093005
19,39,5,0.8032364102943657,15.123370501144626,5.694739311615505,9.921306505140553,23.49098127458114,18.84464490114961,10.357239920577804,8.09942223332118,14.964638856035187,20.479788813422,13.486569035116863,9.77079240823301,14.165931169341157,35.74625139656226,16.827287150047177,8.63783021412063,17.998035568971094,20.91901550587358,20.05049526540381,17.426130078449027,21.06981402202849,21.92094344863805,23.82989354445259,20.65918261105786,13.24619361783219,12.913783516189667,19.822413081906614,19.273876288496872,18.243264155780405,11.439958074947866,10.543091370610567,19.625939462606503,9.122367641093527,-6.747008833564281,9.027324127896529,18.486630769673642,16.143124944644,15.704351584087753,1.9784248974089067,7.081654457750206,12.494227620932017,18.031683949026746,8.22487432885029,2.5610902341275765,12.335629197837015,22.293215392430024,17.124044132123633,13.98943514097482,14.881568501476293,19.153472967900147,36.60496719654013,19.157579637246158,12.336771455201578,26.115741997945864,25.07099216931113,25.629337952949296,19.740191656332353,21.215728150953243,23.50836755503424,23.250868112939163,22.970657417096387,16.93737038615637
19,40,5,2.2696220606747204,-3.177168615287304,-1.9226432355836292,-3.16599093311716,0.2822549459254722,0.07900367911178151,1.8314796871301264,3.6590883127064444,0.013470981453216957,7.935765987671004,3.9227257027495175,9.587385294913526,5.698517038461346,8.1203641901247,4.363392444543266,6.470344967174727,6.586068238063554,6.489464762484338,4.31534402349555,6.982615442757728,6.48197598698572,6.68965390647148,6.174383458238456,5.974020972893366,2.8981891350548077,4.080613018422411,2.8742783129578693,4.721744487229619,1.7649825671985866,-0.41767583745701997,-4.190354166768219,-0.3875161605637254,-1.2168012485830895,12.81221564938654,-2.6070497855089783,-0.37792069509216497,-0.4370223498426204,2.73082187964876,6.215689684037214,4.553328329651822,1.2849828259247107,4.760299619287252,5.484368021605632,5.080060927856072,6.598263719300858,4.395361035048576,4.601416756296757,6.424758742847361,8.315162275168232,7.639657839837413,13.23297142355544,5.1798643637221415,5.539905262849771,8.078426835785912,3.896250429827289,7.813091686086322,4.331197253950848,5.259210243650782,4.753837476461765,4.623803206038001,2.597392068221802,3.4464904103973293
19,41,3,-9.820511834661867,-20.417402718125334,5.757165332597386,-1.7815512785370053,-8.643905700252555,-6.906807321634865,4.197407442897489,2.7916657847420474,-10.503305091545355,-8.899756501451503,-1.1540730547006595,3.8831660583709025,-4.198567444572179,-5.319569677517679,-10.929496470157334,0.4237202635125783,-1.643539361882864,-6.68531166057943,-8.949738292159836,-5.959443344189449,-0.5694610067620509,-2.3376524418865037,-6.573406171404315,-8.367286270234459,-8.422090077772737,-9.193264749628018,-4.901391567526071,-5.835395586745044,-7.326327591816464,-4.934626839418965,0.14356305146101533,-7.738416890545587,-2.1468676477897803,6.741675580965308,-3.01821910465,-9.95575495046086,-7.685075255837747,0.027021979424738607,3.8453486777029995,4.328370614124963,-3.9079835965956895,-7.409926794210974,1.7585025873268023,4.735504289288302,-0.3890360870580305,-9.069434868853262,-10.123673304256682,-1.9624695158677112,2.6315695727087847,-5.040670134717737,-7.338340811249683,-7.746096747654787,-4.037986777244395,-6.257111410769387,-4.8415121344349705,-9.31013471185707,-7.851491192855489,-2.3956874668053,-4.255869106906349,-7.409220096677901,-9.580176463657317,-6.966944456373049
19,42,1,-2.7555283290765638,-4.198802932960593,-3.7719805182153703,-2.2889685008856584,-2.4219671667031037,-3.0722318741368024,0.11272328652771002,-0.6254071681987406,-0.9804658426891844,-2.3528789740918947,0.38139617320422825,2.166951944506387,-2.2676575899567104,1.6429348578676584,3.1908084852393808,0.8166852306074841,-0.6346959017398882,-2.3595544472450323,0.8048320744731801,0.4272401877906077,0.36808526715854184,-2.004753491159803,0.30855249534020335,-0.45310668154369904,-0.18734030716302782,0.4841907710382118,-1.357764354566249,-0.009008874980414604,-2.819452176455455,-1.4790431095923244,-0.6727755533236014,-1.9329408752595685,-1.7760091305471875,12.751105082562054,-2.536054924357592,-0.37622740802854787,-1.4778787430557543,-0.4300935551305537,-2.760906059612951,-0.7924543468781369,-1.7071609395306275,0.10658561801764885,1.467905550400112,1.3036537895024551,-0.06051943339861762,-2.7502794845523786,-0.3289123328357224,0.9588038452741946,1.8000133241435918,-2.2700487030102177,-0.3544632205058179,-0.07216374040013368,0.2565041549458382,-1.6717168491606311,-1.5673623037660827,0.5223103348143046,-1.878096977316932,-1.7457249493497164,-0.7569525206870431,0.03277302665136275,-1.5471536227070348,-2.61109856461606
19,43,3,8.921991875031733,21.656368265462266,-14.119558287103008,-12.28484308719635,-10.170219527932302,-12.448588138855085,-9.055968311672077,-14.150131317218996,-3.002041405793734,-6.354261701540425,-10.77919131224384,-10.908874397484093,-6.036673668113244,8.694683013716713,1.9095944792213968,-10.011981101916739,-5.880795194472115,-5.257245830935998,-2.200284911966997,-9.116545477730117,-6.711942588024566,-8.77160221707678,-7.746630074547197,-10.975793756555953,-6.982219898323646,-6.410541117020954,-13.903587114690545,-12.716798790685113,-11.916393379067507,-15.813888215800606,-6.784248498291135,14.800916037454106,-7.290074630572295,5.321818508579758,-12.339509240646917,-8.422930115697584,-13.772757331363668,-10.36524421318502,-7.318852137547082,-13.854978583924892,-11.51216179457288,-13.73796205349811,-11.471428887623292,-9.382027317588099,-7.997254318140284,-4.348032612285419,-1.2615030888360146,-10.10616683762339,-7.999920996246716,-4.031253494803577,-0.3517254001074816,-10.175499434878189,-9.88163126506502,-1.2035747822374105,-9.125847581910287,-5.536811958896225,-7.5156946126144515,-12.053094329562308,-11.617809666025382,-11.981103819204352,-12.276687513447714,-10.655294722695716
19,44,5,13.741010843798888,10.247707636916173,14.352471477738236,7.5365388776834425,1.1804816602252255,8.751553467861036,4.67592270747281,7.333407514796755,3.7413941592506217,5.639650952252678,4.112083802999157,4.223584944632178,6.879425348370431,5.748840960833003,8.890076576027925,7.041077109587543,1.2659830226131306,6.128801715083232,3.570978042513425,4.952977708768004,1.6514326016072256,1.767151415666064,2.628996224210758,3.209248395926295,2.1274411744869735,1.5954509266998547,-2.3433901641358856,-1.102451253594353,-0.7340016325526877,5.395302282886234,21.871717258560935,6.0157183378384,4.466360319221232,-7.3535984740024665,6.857670088071471,6.172343520447612,2.824798764388375,3.420455087305658,17.284389206776158,7.573431823448068,6.5656862129434606,3.725207666616615,5.314996372550588,2.55949472047661,3.929921171014627,4.707020227320306,5.64006871661943,5.106994002217021,5.2610947080751505,3.8359976674134746,7.909099645143161,4.50011997820991,7.597258254817523,1.2366588662219467,4.148572341697975,4.131670288105567,2.4601490480666266,-1.1786594980101048,1.3717063732399841,1.2193524845671386,0.7961254665946098,0.2487353876505675
19,45,3,7.4202466598916335,-14.579549285242477,8.207630014262826,-1.6879700101548576,-8.989702265709639,-7.978716739748676,-0.1082389438297682,0.9456795626206385,-9.883080145662149,-8.485933933479476,-1.8533817103427892,8.163661566426661,1.1902104279071803,2.958815228557444,3.010565790290968,6.1875077799720675,2.0325443743466862,1.4274303265506523,5.801787169014175,3.163942080990568,6.46594948048999,1.3830707993503197,3.8396598771895967,3.4247972526951,4.96270653860155,9.582083109175647,1.9601984012917406,2.1643208393645352,2.842745219629892,8.19750123938954,5.231477247959957,-9.273770590267354,-4.6137855940430255,5.10329623838387,-1.331524650861578,-4.079093034646088,-7.117160790917894,-6.1138462546713095,10.463852140265978,3.393588694227045,-3.407708612198249,-5.288867691690785,2.444673612804675,3.3928109237288187,-0.5092660700902343,-1.5796732506601194,1.9930870100038054,-1.8741592766387705,6.895691842647129,2.5104685137729787,4.02917354326786,1.7861023403863188,5.920083713182533,2.4914065131508747,2.265635415741313,4.48774230326299,2.7624260508128775,2.4157050219776166,0.28233495321715407,3.914463547603568,4.896689396232319,3.1348401634448497
19,46,4,3.77774484528274,11.04312205307821,9.680104335673477,3.503520970442904,1.4693810388945587,7.873788895948623,11.461717878536486,9.345018766002683,0.36344972855224,5.320067470075515,9.8380450933899,11.47425107241655,3.565444812678349,-1.7760535560820891,3.3170605818400265,10.115299993898814,10.48512307200127,4.852952083572745,5.642042005343769,10.004972236344544,10.477260931588079,4.711904584271148,6.0946331448035345,8.96453364466021,6.064491185200648,2.3539500778949813,5.794124949587196,4.854289835682373,5.390604512323053,0.32053019854569575,4.232233751705764,-1.0256387167269467,7.281430318412131,13.15302998801444,4.446044930364795,-3.4103219022366744,5.462066032355889,9.984861354093725,6.634396654951223,8.335566561759967,3.631115240249329,8.097346703933622,8.944622749508147,8.850197010469149,7.0170417849156195,2.4963131400688408,2.331199198552384,9.199975788388858,11.858456197444628,4.485435594696693,-3.0465610213577747,7.838491418966789,9.12386545634306,8.304597996584162,6.021615963156624,4.570039188852768,6.954255705154163,8.294584711752368,4.937120103254555,5.385324631840349,7.223235293067201,6.977051028365652
19,47,3,6.05802014565504,-0.9252841729932006,-4.721415579591585,0.3190546557761556,2.4947087936239623,1.34821338663105,-0.5333014385257968,-1.5580735846150024,3.4426504096993025,4.524155341817077,1.081096015166401,1.7464093591154712,3.846166405064427,-1.5006429624357611,4.160652171695466,1.9421497094615299,1.48967864583871,6.459518391113705,6.4929803516715765,2.310097198501775,0.4185914389062224,5.612162288931406,5.567940555422043,3.4264461739193184,-0.6018829389344672,0.49570623748629106,-0.09075909228881862,-0.019022012765450957,0.3692185735108509,0.6681756107931636,-0.14342080482860892,5.584735912418494,2.192542766572955,1.064682807671133,-0.26716178764657184,1.7695869888610578,-1.0626294752355758,0.756992576280382,-1.747964915027272,-2.7361640704727552,2.0627706897155407,2.731288572490816,-0.7397393877504442,-3.085196178637887,1.356293236882222,6.58950820066625,5.091371886568459,0.08819913781225353,2.306950553171278,6.788043991230976,3.749514084797714,4.243455871127592,1.8815813856980208,-1.0009767637565368,4.8631742108249805,4.134879158639419,1.1008646387646603,-1.0952469385512988,3.4966765620586697,4.576176967926141,2.971886230927961,0.8566048927207637
19,48,3,-4.04186675753785,13.101550600487203,-2.7778969965648024,1.3696086763563315,6.993290916553746,7.835047104288032,6.076597789461482,-3.2332614509604576,2.3083950075457196,7.1253519126486635,5.869022021797008,-2.9560641013369784,1.8683326602146795,2.6067253566097195,11.80370566716827,7.093245499131341,2.3017727611018572,5.240668213812682,9.22601552400738,9.976328071343104,5.279094531337118,8.293580305978386,8.613839319600467,9.875262384779937,12.419819467360293,10.186966042874793,9.558483373487322,9.300925927509256,10.432052437556768,10.052082896868628,-7.169173591656658,-5.5496296074650235,12.478992248825705,13.077764129879442,0.36694302637039194,2.4574690892647895,5.525367659539345,7.312861086982421,-2.814785585988587,-3.749131832680688,1.5353448269434449,7.2290530428517465,7.734754744122118,5.059647776595341,-2.1719918664908273,6.283893477126231,8.813032864124468,8.331615417502915,0.9584482103449903,3.9916538838978557,2.0834016037633556,8.804566345374926,10.888927980632772,9.642291388139363,8.054951581081783,8.477791774359238,11.709693201385978,8.934782796068022,12.078742881328235,10.603357436453429,10.71938303236782,12.931556673504694
19,49,2,-5.444070671071729,13.390196630504077,0.17550940648084878,-0.4849863069205794,-4.363290210050053,-2.6692847070715784,3.4009841933573886,-2.6209340595481203,-9.927706392764438,-4.374596799950951,-1.910781099404232,-6.148468163046172,-5.762289699323182,-5.219881764976541,-10.832097394687194,-5.955492246935783,-7.228755277729164,-4.05708431932939,-10.69140107657125,-10.054958523705414,-9.271850599884623,-6.939309164745419,-8.748397992645602,-9.641598060614966,-12.317513824253131,-13.000338152721064,-11.41134063899517,-10.855194982104345,-12.050498745972057,-13.308997399548485,-7.550303148696339,-12.043729812440628,1.8843413624094745,-0.43964012162532773,-0.931092990653181,-3.6414884692512284,-2.8552918575076554,4.052173329233308,-3.854237468867766,-2.255084343527146,-5.904643894025555,-2.69184450112374,-2.2327379376241363,-0.8078408913868598,-5.051674536991546,-7.171342449160527,-9.767361238462534,-7.981521118443647,-4.334712744077167,-6.426340954117023,-7.003281949814863,-8.164425965784714,-9.723375043672753,-9.93260849548913,-6.799266134933904,-7.344251801486964,-12.879810466203933,-12.085289390962107,-9.766081337362714,-9.50330614328112,-14.095274027096249,-13.304779616547984
19,50,6,0.6719089188987795,12.613297599572228,6.036895896751075,9.336178848934479,20.34097230307213,13.349343712646053,9.837791653423817,6.64416993217452,31.331232749834278,12.809455675322837,8.201163432318088,-1.8828436284348724,9.358725282471484,29.174476226655436,9.729646045260317,0.038164049516171056,4.981528554787499,8.166212629027116,6.422967630816146,0.5437190732577942,-5.125389351086438,1.2536765083034598,0.7946943655984884,0.18185597510508617,-5.3634403516799685,-9.17826932682883,-7.238444052216388,-3.4050730421980155,-5.86211542308149,-9.839605007229784,20.052406366278476,59.66044585152371,12.90455251405152,23.15986011304506,9.861409233565006,23.072683229679004,11.269021969833751,9.658886793864573,11.033633218662207,5.999176276974077,9.623633803254586,7.631444575571706,6.881674269077984,2.810736679491906,4.57724368146893,12.844490839849882,14.712112377042788,3.556093767204427,-2.0238333235426635,5.406702134076777,19.542002469664677,4.272246682279596,-5.945412366900864,4.568021532761433,1.6036686184475337,4.920409146936262,-1.285382818987184,-5.376204670935008,-1.758191495274886,-4.221687163745913,-1.151753045845687,-7.453557420760489
19,51,3,-3.282843125086824,8.527626858195058,-0.950337252977144,2.440442520202274,8.0398628307143,2.444638016153831,0.09240802123052277,1.686365528935113,17.276762727621037,4.798530386386033,3.2798787064938337,4.627936471671024,4.929626866669689,13.666691694249659,0.8650091989647326,-1.3253024471015094,5.930381425397996,6.731613487879769,7.5134679523592025,1.839568491843413,1.5706688737519445,5.52012768712337,8.217167727924638,4.961173220310455,4.837427762155303,4.17227433326586,-0.05715946041376918,1.9216254484135575,0.6466468949802218,6.9286426477071705,-1.317222500217101,12.883237106543847,3.7389941783621907,-2.0633751605836115,2.1630319699207776,10.318453588602472,4.178758669264114,0.49813281067805804,7.3672027703227,2.284577453940561,3.659026098710186,4.125812552415014,0.4596576743827363,-1.7646758786130055,4.1833764793913515,6.916687227013275,5.630202117080729,0.8998533180097064,5.903514957418896,4.3290150436322845,7.1080142440893335,2.5015663994112742,-1.6975432180333883,4.68259820114912,6.87728311498535,9.76645907371237,5.719841255261228,0.729219445169381,2.697773337579989,3.9110946641190036,4.551501694620904,2.235551258963648
19,52,1,3.504756554052595,13.228082633600009,9.799396530702346,8.403832532283735,9.268943987877629,8.061822587715055,5.605491270969916,8.519266988355213,6.2121164380322895,9.938755134529456,7.77624756405584,10.492994158097154,9.647571270921967,18.692233099465867,13.696166885017254,6.0321759476167385,9.57664308406231,10.786173424524511,12.204981606226509,8.320122205038986,7.961081339560284,10.697587644908483,13.674087168217245,10.997086920162161,3.0061036431026187,7.811073909377367,10.32297360510906,8.047115978614498,7.789878567453569,7.6904440193278,9.810080890271179,3.1435155863760107,8.682420865053357,5.0645099437068675,7.817429456587242,10.345493279215763,8.222025423742286,5.321534020860295,8.630079155242665,8.952804778952425,8.654447833575853,11.333692462115387,4.528573035262525,6.3583817074484195,9.93438632413745,10.141410976330313,14.008221572673904,9.313130242500183,10.577953206954477,11.496677435684676,17.31371788171733,12.772500535427804,3.5785691296971422,3.212968256693653,12.859152872842266,12.966423013883572,8.128528580501127,7.95027701711146,9.879355656482826,12.137177757373667,11.155623124458081,5.145371385918156
19,53,4,4.944386697966302,-6.238311724816788,2.973801710756449,4.192811963909376,2.5326549680676425,3.1707242201195966,-2.424602719742193,2.8865315113898062,4.896733756290702,1.5408514100240498,-2.041304270725518,1.6098151433028904,2.720893094088975,9.244428630100517,0.7245084243122406,-2.494673135281517,6.5917260247259994,3.176919694899058,-0.34672100408138856,0.8494226746601847,6.458504982110926,6.461838402762648,2.6377294929101835,2.4652112326698328,3.075707372595987,3.3351937227132846,5.044061275062766,3.3989264179566296,2.9340332439112498,-0.1168521317971375,3.01470798390588,7.19010677279496,-0.05243059232115481,7.420975577840069,4.424862870458154,4.925457964037975,1.52854488035891,-1.5676111398895096,-1.854630574743013,1.8370974104874183,3.972734083943977,0.6530113014869572,-2.817123274159868,-4.456471550712792,2.7368218477179354,2.0210822428372217,-1.830666374188008,-2.4037717697551364,2.739181834023172,4.084426299555274,5.093851882862156,-0.25501972558431185,-0.8277962479538785,5.64625533806478,3.949009891326837,5.241481528140422,2.7639949704043385,5.977585378171104,6.608219197565098,4.755597442161383,2.2121692215796642,2.6092275197081056
19,54,5,-3.703407833602554,12.68076356486758,-2.04680199846171,2.507410765636892,7.572018519819074,14.087954168755955,10.420523768574814,3.5442494310938337,7.804345118835927,10.485651943787213,11.103828068975949,4.770108451998634,8.407761346014984,13.682900323986818,13.814405776304755,4.501479992535102,11.93898426695932,8.106475448298339,14.933252464695952,8.641999091941678,0.4471111570303212,9.430497933928736,12.117258038235507,10.584566526660106,3.747140764508671,1.6192995608080085,5.412359895025626,4.580110310167982,3.867606210192984,5.23469941933616,-1.563495689548733,5.797787155308643,6.1447393074177405,8.571693077217788,0.8543649025746944,11.288230682873706,7.491703765739395,9.69447751454697,3.612604288191239,4.532568545023934,5.530829801272438,3.682279152273224,6.881300910171575,3.715589980208655,7.565125256277072,11.622005257119495,14.537096407128173,7.721177029626432,3.066094174276943,9.75366803979296,21.990027060959395,10.826804141721276,4.481800165385144,7.271150384842207,8.356041856450817,12.391908672473559,7.111231944046729,8.00072979881349,9.550456716701753,10.19938366107852,7.321229828771471,3.9356588950698703
19,55,3,-0.4316668240708384,2.452104625052197,-3.6546439888614546,6.174703507777873,9.009110971558382,3.714696665453474,1.1043135972648142,1.891910229537003,5.553785096240659,2.6657203933814664,1.8298041635170226,1.9135100314529954,5.025114797419166,14.503034515595973,3.9455033413861407,0.9468839869539192,5.49051914900462,5.244908195443269,3.0533608820107645,-1.998353564135003,7.316003257073692,3.2283058389822563,4.276202298291936,-1.3289245788871122,-2.5924099430799625,4.227687113131851,-2.4667178372420895,-2.3484701432866912,-4.536630700637657,-1.747316082292123,2.8347275289508116,8.666923259271355,7.684679647282948,7.9614279551613265,6.271529212196518,15.0092161436588,7.554165349199962,5.662486300985445,-2.6446538560501276,1.8306707808884173,4.960995402232538,4.873734091612988,-2.2466088421869923,-4.7624506540596485,4.138599167373486,5.498896805978403,6.037171411396166,1.3599554309053559,3.9534542629063676,5.608882329585711,11.655022579177121,0.6623223334005687,0.23626434803292962,5.379840190420156,2.2138137374436715,3.6417329539204157,-4.332077181511895,1.0061056763146685,0.8462627451049102,-0.6243093631389323,-4.055942089069729,-7.2445816758951995
19,56,5,-13.34974802839684,-27.68946853207377,-13.57538587472788,-14.118589407310077,-16.879864359544246,-15.451473964650813,-14.545283042712185,-10.827186341374743,-24.62533008822854,-14.132615948981819,-21.134080020727872,-10.164059626668253,-10.877950326426001,-23.48904339969158,-11.352776672645685,-12.442797127100288,-10.968340526153215,-8.905929750921874,-11.143667738566661,-10.373075248310105,-10.096518067915628,-9.49133291588698,-6.91575392471944,-6.946544708837421,-10.59615756203306,-10.674845588166361,-4.490062311200831,-10.137428785447126,-8.346588691986142,-9.313939087058804,-15.844225735835195,-33.08895303090899,-17.831646007190393,-6.483780408982282,-12.941916534767998,-22.58928786318112,-11.265364315318203,-13.853725337478751,-17.816930550809314,-10.695747664834302,-10.605397477291714,-10.423305883038253,-11.524446150219834,-1.9181676791943967,-9.617438258966668,-12.427677214327387,-13.035093463684735,-11.500717440233915,-10.18305492994273,-14.927212479229015,-19.06516720036544,-8.612581582694528,-7.960001359466558,-12.460023566989651,-8.486671740984221,-10.936403071326085,-10.48701640760822,-6.551646324828625,-8.260896088896178,-7.850966854906854,-11.983877092270506,-7.336785272331673
19,57,5,15.789790652079018,22.082430712401678,6.466469515841908,10.670583471655846,12.480694447348755,18.050501721229683,13.801703693299768,4.490773429503528,-2.2558221472853153,8.058635882306387,8.949364847798902,-0.07730591778711562,2.050033094503392,-0.8226764249819793,12.144439896500504,5.430870739538676,-4.8096991539137735,0.6934909271984911,-1.203112588786497,1.105451245315193,-9.216611068332334,-2.5590991463921062,-2.33932354916228,-1.0952735752798617,-5.97561653088721,-7.433082116631476,-8.426792277522932,-6.600668138052086,-6.364714884857941,-2.0874593917325868,15.678245145009784,8.73141601177432,18.768752226878593,33.74114651650917,9.908151012572755,8.387570434954112,17.219567553844396,13.540764069775262,9.79450765869967,3.5740757920756594,8.873170084797032,12.217097083242935,11.033553261355284,11.582961137610953,-0.5512034782498123,3.1793196962737484,7.38000708200582,4.590674625936801,-3.458734684097068,-2.5645079890737397,-6.06116234047747,3.8380998183359827,-3.2711810209737275,-5.378453526759473,-4.109519395999972,-3.9938672187897133,-3.8624062429795556,-8.69749632268781,-5.896857286326404,-3.91544571447345,-3.9361877604472846,-7.683817435354113
19,58,5,-7.854704592467809,0.32067679700146506,-1.0869537841517303,-0.6534245883443992,-5.999283006664636,-9.889924513698533,-8.620781457460508,3.2639988500670283,-1.1990014974101681,0.5854964281074558,-8.205998987731776,1.6939654953823207,1.632303855313762,-8.561728678666414,-1.4265681361870435,-6.382332475696943,1.952331841809722,5.133740361495993,3.156702162027813,-0.2396954436127738,2.6275696381926537,6.108850763111214,6.289817856306711,5.605513477220949,1.8981012741966938,-3.887237147791539,2.492984229698777,2.248604457825422,2.1277123464714376,-2.616974134838615,-6.121699516581964,-12.252221178777354,-6.416310003617916,-12.197261712107831,-0.776925670539553,-7.517530192699134,-4.489742316441925,-9.416200310991307,5.107696195564616,3.1988795070238885,0.28721493374692436,-5.37812020984001,-6.450851824997762,-6.514206730101896,0.6674289397622748,-0.6358692866818209,0.7392149103987147,-5.830324562788918,1.1332998909269139,0.7759745343894947,-5.025243691657098,1.1410509353594442,-2.651813768676662,2.3422612630444144,5.8262669083367005,5.313200835274849,2.9488374912066435,3.367406786010577,5.589758118341971,3.8682950821864175,3.8509930408014577,2.96006410911384
19,59,4,-3.5056586886597096,-11.676337939454243,0.43562681766130285,-7.964747982962825,-7.837091502415517,-13.142181314209964,-3.995084923533042,-0.544843478067266,-9.473919764479136,-14.778778433833804,-8.648238958779535,3.4816677557906446,-6.37434149968507,-18.147482933499298,-5.917665958205786,-2.876016028429859,4.043906741752858,-8.987062253817497,-12.063600781840762,-7.337980822319307,-1.6067751528604362,-5.5912647806789515,-12.563644807467721,-7.835562662407479,-3.9469743908451087,-0.6048651212320952,-2.538788236314204,-3.1585154783934697,-1.6492059557051277,-2.4270960056597777,-3.4312282882903413,-2.584405576673947,-9.414120287111983,9.13838084106811,-7.375158234158671,-8.581155159380051,-10.259729831967874,-12.429406104881947,4.902547119821352,0.9453106394900779,-7.9293616019053,-12.487587764700205,-5.568309444036882,3.2106882742458414,-2.303443966649198,-11.234031299711205,-17.899472001462986,-5.201655321799941,1.9734293675254566,-6.466216110720919,-18.944555015178256,-9.36107190970967,-1.5210338768708258,-5.183802134539119,-6.378181502700041,-13.527221877627607,-3.9091613712215185,-2.6471427392850573,-5.1272470964482295,-6.868874400010809,-5.1892909073475275,-0.5666433147086589
19,60,5,4.047755602520052,5.756245375656317,-1.6531392540626524,1.7321517744624024,-1.0842382665269272,-2.599245354124321,-10.899478969839967,-0.4497777434156801,0.8867111962016034,-2.4881975231237936,-5.4466484362123175,1.3080181544575638,0.8511426738213481,4.212873967228138,5.550149636547559,-4.467973621613227,9.754925901206532,2.4175538091761286,5.1551090044128465,4.3494814810365785,14.510296615090498,12.317620675238523,10.066673793534678,10.49875829096248,6.691049450963013,11.031722128766072,14.334796176587302,12.730629778739695,11.564712377492244,2.966890782299564,4.324526147190027,14.239183750912177,-2.838829682867336,-16.08514336532937,1.807062145326822,3.846921939311956,-3.083147327347495,-7.265399309284077,-2.9094157138336803,0.2738639578654826,-0.9428395941475863,-2.5187706600238657,-7.707874938652561,-9.888160111791477,5.16474007066657,2.0134335235669867,1.5882776636721156,-2.199627148424753,7.895304209121119,4.055671086580288,10.602908482570658,4.828538928645174,-1.2669918788824144,17.16842162204771,9.791325480699905,7.38874473584044,12.653759210938352,14.809227058754816,16.22203074377484,13.06739551605794,16.62661804858504,12.974929651926926
19,61,6,4.977973007060382,-8.069658046906314,5.426937530670463,6.416887726150624,2.7567816414393316,2.362803271948929,4.542141753555522,7.655853214605551,-4.679575984479812,-0.8283563150865272,0.2033846872722409,8.526662438256071,2.688431193854762,-6.718671372660052,-0.7355971761593,1.012914445475538,0.6886376439162152,0.3836761959090187,-5.009314919572053,-2.539361533559801,1.3881907088684913,0.9580705127474387,-2.608485386167403,-1.5821265819050923,-1.7530493251865786,-2.1909116988819908,-2.2915551676301336,-2.663969200344405,-2.562254679590894,-3.8508819312811267,2.4388736709498042,6.210654176002161,0.7923210967721128,-8.331428856622974,5.9754653588227,9.167500534370296,4.03048902038178,1.427154806397127,1.393048460697528,6.489033594136922,5.089443015388963,-0.0629904729018848,1.5963531545499652,1.3390756506506913,5.621451141153713,0.23368661031240506,1.9863981664544208,-1.285920644156271,4.14027465460822,1.0869536856246147,-7.905957475168315,-1.3001960291095631,-0.6212471811691435,4.09181739280863,-2.34603904273997,-4.42467631162258,-2.6894223513308813,-1.4207770929830845,-2.3962296093927637,-3.4390504280596446,-0.41324928355198853,-1.026998703717254
19,62,6,22.84922317079292,24.982384365199653,11.39290079065575,21.574422474995988,27.374978461961547,27.562287834884646,19.484612009919637,17.12489304655208,24.059237952275986,27.510439389135403,27.277383808523606,11.225173504750542,23.722272232311173,19.888065766202427,18.97518152589113,18.011475418989612,14.480621385683376,26.120395380458465,26.481854013008302,23.464545905590057,5.699748091876691,20.310363788975447,23.858262116407456,23.90760833847267,15.46566050108976,6.59460144446845,10.65427688341134,10.622286169617949,13.251460175464373,5.445932854165707,16.954827976890098,14.072532085610971,26.258833899639736,22.16741212620968,20.343621212602933,26.94247169047594,28.444936710341693,22.90121819333331,5.763071959542972,15.268284740971353,22.666091684660884,25.215484282319863,17.868730141281542,13.151096675817556,19.373946336166156,28.36286198902056,27.05879935940229,21.230225797742605,11.310861546955094,24.396523441392457,17.87382342130309,25.99212525691837,17.075489058000294,13.392703252503788,22.176860935440885,23.52591415876294,18.026141994973504,9.230588811302065,15.85122997949764,19.331004586161622,21.191466158301374,12.774331577803661
19,63,5,-6.533557621898444,-2.380811983415654,-2.208698117969241,3.5301162784850977,1.620672892302094,-1.2765607502220606,-1.3067293003792075,0.9360840957208613,9.61305162101621,0.9407240771802092,-0.584558673132008,0.7860544376052558,3.0721918762229907,-2.6827690368063917,1.4862697752186944,-2.7137376131580737,4.44076053391597,6.32086199737813,4.858636446115451,3.283994209151942,0.05165726801653056,3.9037436577093962,3.7812826553041625,5.637308746411623,2.805163390355232,-4.54063070792614,-0.20115357838434647,0.12276770719667682,1.4011372503960826,-0.3144324491163944,-1.9994202338431675,20.34276798071066,-2.5229039264433997,-3.8660907343756885,3.0726896461508244,6.413505507542227,1.7929333875341928,1.575317759055463,-0.29599706583270224,-0.9300930474135213,1.143810911342592,-0.9355729987572234,-3.0744762645080352,-5.786529513530246,1.786764572896971,5.918150418710601,6.190636616927094,-1.1352376482213788,3.508814187902143,3.941205510756048,2.4586246209857974,4.808814745328232,-1.9731804851397154,2.2954173369997557,5.287792181347715,2.825296510681056,4.222131580469291,1.3642442965789172,2.6468405309814687,1.9533939993508709,3.6999367855080374,3.6166931284256516
19,64,4,-0.5143371950863379,8.959058087614435,4.75674411356903,-0.35467200779651453,-5.410035491387199,-3.0809384883131563,2.540619333956117,3.420917271409278,4.919862541642681,-5.43956395988239,-1.063527289437267,5.161566789398288,0.9187686696376005,-1.1848149969833115,-6.575535022091438,-0.22315782340379697,1.2173746185286376,1.4196749041566794,-3.2162615198460287,-2.546134821161991,-0.16996720588834097,0.17594937773466768,-0.6243983074091375,-2.4000385068016272,-2.970615087024493,0.1941892157036169,1.2585164112515914,-1.4957096584357055,0.8168986072400348,-7.019561772541387,0.7068996818455082,1.5877532149188052,-1.0794026818376308,6.314693154948881,-0.32769008768472685,-2.1124057897889017,-5.341342784952735,-0.4609288059220442,6.220587449557171,0.5324481060592134,0.6807266313400935,-3.262221088661335,3.255030059709965,2.791274626705249,3.616222052062611,1.3497422435831958,-7.430290919683149,-1.7847645420853688,2.721262004090152,-0.35185879499015604,-1.5068384557536516,-4.968888681291079,-3.350086884039295,2.9373531550418894,0.7858500386781349,-1.3853818616466362,0.36055642934289,0.2281621852151403,1.2359433566424518,-0.43245352760366157,0.8467915858051216,-1.2085035731022171
19,65,2,16.0712234364317,33.97773989505791,-21.71739434178282,-4.678260498657464,10.33977335196261,8.396188077562279,16.473352800032544,-12.346473696573472,17.499791492617177,7.510134655050933,10.189343700980448,-12.033116649745448,-0.564705531544438,17.49104494422038,16.82715821248002,4.734077642967061,1.3390267813953045,5.344387296269217,9.54120803431312,4.406871949152158,-2.5358593940007954,0.5567055826370662,2.3305058379362285,2.6561337626970762,4.833783342162285,0.9321063655178716,-0.8694669767396458,1.7888267218339724,3.0122546912738812,1.960273964989295,6.4051102272621,26.637527937296685,14.455945976464662,32.44678160937778,-5.800293907341429,12.871695071004519,4.506475501909584,2.096334774365148,-23.74503192578148,-14.423706413405693,-0.7048685761486614,4.721962228758123,11.43866034860655,15.114761800053765,-4.559688240386225,5.156393505905462,11.824932098524966,6.964060095320572,-7.861473508156477,4.876480804801712,14.875941873982361,4.027546865729297,1.452523426111596,3.276061033750545,0.5221903157852055,2.810665597253276,5.69692142799542,-2.8809271108631647,-0.46136879562059596,0.1413319945880565,6.667991863927101,4.848458729593491
19,66,1,7.663080070803802,2.320003758025605,8.281744848726678,16.05122805959205,23.473328034143616,15.135903760427373,2.980246144801197,12.265016570982594,25.092129752403363,17.64118570598161,7.394753536709201,5.346413883403304,15.711791439935938,21.71438105835966,10.845701920913486,1.9045589316250178,12.411223999610758,15.889038627104068,16.185506863201535,7.252492751903473,0.6559268762016816,11.335999086590068,14.027985896619898,10.456798867526935,3.080294009161793,-4.837290006218386,2.8280209411310437,2.548099262529146,3.400566430353536,0.6066251114442387,10.938300898889219,24.719551386516073,15.330755214502174,-6.009985047437971,15.64611210973887,22.78866359491538,19.92355429762746,9.988941323466413,1.431136956191395,11.532374890930042,19.694014384252267,15.704213835662467,4.0609287657297966,-1.4223281819381903,13.393383180222866,17.906840899732057,16.875415516335796,6.045238061785338,3.8715439869726955,13.537035159130651,16.854206777473046,11.132685580813304,1.4594789217907675,4.075177490166044,13.454684754333854,15.462318360623785,7.138489430497692,1.7404094839286874,7.385655856214276,7.684750749025399,8.915040805208971,3.5407205736264586
19,67,1,-3.3092562201001283,-1.1045002298338744,-1.4355058219090744,1.1291177239178156,3.373953334373852,3.4710234500036163,-0.13027426246099338,0.32781898992408687,2.11344578462403,-3.669110426063103,-1.0054078553121812,2.1633919642403407,2.3018927950548305,10.5556689416649,-1.4196926787830662,-5.4733237669371615,1.0089411360805092,-0.4949106148148815,-2.327665827078064,-3.7288254007424517,2.688013419418071,0.4481022818150317,-0.6678466912268135,-3.040689966141633,-2.2304934855073517,0.29086379661429174,-2.0377976236319757,-1.045927462787027,-1.8691504736453655,-7.182004599363496,0.2620729815453381,-0.23289103657234378,0.5162393121593984,-0.8345206490513395,0.1955713893531071,3.1437378294209424,4.051359998857282,0.8302584748101838,0.43268020472080493,-0.3852228650371778,1.3789374800739669,0.24713532855768297,-0.694508732818975,-3.3531579813670085,5.45840383292085,1.7623692414291752,-2.1463121686516917,-4.1820253570132495,5.249059242275882,1.8566971721394523,2.7893502295198966,-4.135999144168524,-4.002755958859511,0.41974250202226054,0.37125407111626685,-0.9155687318274341,-3.6029421519033784,-0.11742098967930825,-0.6794999562794481,-0.6430603242138544,-1.606944137184721,-2.7349907532334328
19,68,1,-14.208566261319117,-7.516836866895425,-13.614541008932191,-15.414705472021577,-16.76789654187132,-10.279769511121065,-6.800728389357287,-10.426963663001246,-13.843356500856768,-15.231173951863074,-9.43537346278203,-2.8103322360746956,-10.967109438168208,-17.284442569583465,-11.117903426834728,-4.662011728372152,-4.314041854957083,-10.991575836107458,-11.089881560072397,-5.956412277332077,-5.1433624977575265,-9.30386803763146,-9.692033143577778,-6.920900531496469,-3.632337427703757,-7.517610171128333,-5.842884487211251,-6.38001694153177,-4.331383821821388,-4.009102607214049,-13.445271575778005,-3.052578684839804,-14.154895636480207,1.1237844348453538,-15.691396042977157,-15.100130891381976,-15.447625085211756,-10.471727617641495,-4.286828759450058,-9.605642854112547,-13.127194735868953,-13.425809541035722,-6.137859375284214,-2.908353517513448,-8.997662243194783,-14.431675249900923,-13.628865395195593,-6.399981248482107,-2.467553407119918,-9.3739740563707,-13.515657620061562,-9.858502556771478,-4.479671290212469,-7.799251853275427,-9.406204888608494,-7.914948407447013,-3.5692180538288785,-5.8306579306926105,-5.934834646901522,-6.994153076873686,-3.7499584974210016,-3.6508928102372966
19,69,2,-7.802731774315786,-9.430271260815152,3.932578910323909,-5.438448498670082,-6.517468995800837,-14.2215217141798,-11.217844723655677,-3.4442993006952918,-2.6302584594842506,-11.321897008365434,-10.103580097281716,-3.2564567033209957,-9.41452480552764,6.1175262668147345,-13.935800138043193,-8.824690555290482,-6.758275395940719,-10.04274957277244,-11.155734157189727,-9.872231319092402,-3.857059654064203,-11.67988011293204,-12.304198445434249,-10.997246897256957,-8.166390440472192,-8.016231933089044,-5.628171069301924,-7.1155207690061655,-6.279422410661585,-4.225660469973594,-6.465642836984105,-8.818539492922218,-10.110349034708806,-10.337689061035839,-6.388914632588265,-7.415340042423187,-8.770246661699762,-9.40700473554614,-1.0345497663507643,-2.8335542453313827,-9.278881686597654,-11.912451234714291,-11.543877026929357,-8.966675801793253,-7.438597660443583,-7.50409920286478,-13.322494989942475,-9.804765380373812,-4.326370590888872,-12.17692402641221,-0.96967479922786,-11.900064688425786,-8.677043099978528,-8.030791786840048,-12.039676569493071,-9.265384024804138,-8.29428248393645,-8.592835118460307,-10.222690084812841,-8.808473023585975,-8.255322859747475,-6.928460384105763
19,70,6,6.180365607085662,3.520960775530537,10.00405221859493,10.740053893487183,8.06305370119787,1.8956212649155968,5.564909467655352,8.015707425855483,3.8708950788146126,5.790205015721393,4.328143895366625,3.919241282407469,7.111169762869656,-1.852843945613131,6.228685113169802,5.080265389687221,6.594908194752727,7.558725335002064,3.263167723561864,0.8545737672801603,5.467843776076136,5.969954310393915,1.0855537005032905,-0.8757335693779867,-1.0643050352639578,5.338578330108714,1.3214402571320534,2.649636076502048,-1.6208595491309712,-0.517310440176871,6.067931159484631,17.479182879894783,6.206809787817938,-5.36611140710188,11.467055570324252,7.118374104730832,7.7437812680855656,4.649736275351266,12.129844630615532,8.059075925408338,6.815088269505195,5.212992939751643,6.591841595133814,2.944961989820911,4.779570583390391,3.089111706219255,5.4042444079319365,3.5533071296380427,6.1790189420940695,9.6520335257008,-5.10516290993447,1.9255631813174712,1.6795300513239015,5.957701094505354,5.368182464922985,-1.1620685275098888,-4.244993585116436,4.144341246801334,3.565907022932819,1.9626739305875651,-3.8982237819951346,-5.372355815823889
19,71,3,0.9867502389597791,-6.8577011133652075,7.743816869651398,6.622512328097736,12.892023613063131,14.97926532895099,8.096013307855348,8.04591159786029,15.242231668154828,13.886347251853394,12.436917106007666,7.5190990479640325,11.539237024875847,6.970766643084945,13.061657609599761,13.985501775745208,8.642150176484597,11.174311758337053,14.917230362822183,13.880156175665022,1.8226264610534475,8.592630662501044,9.126634265841327,11.38769646011656,8.801144140318224,0.7717924195543369,3.4042819227523577,4.678215998020478,5.8370445517755,10.165268434098037,7.775474267835706,7.8114072588703936,8.907027558946028,22.253811344981383,5.735823311956552,9.64952683694116,13.262993396873144,10.455776643825741,1.3588977093388124,7.507290296642704,11.3092393813791,14.07770536476518,8.542520033286477,5.689072682045219,6.42889203163,11.064459541244668,15.837905710426764,14.350293771977094,3.8740461954886736,9.958852702774475,5.5074122233441205,14.899528338142273,10.836186239087,5.542509646790964,11.275070838221326,9.486346306960755,10.731733937344584,3.204670541351888,5.983394216337218,6.866474309748759,10.697467609967406,6.901736235447658
19,72,6,12.389286544605548,11.372852083908894,1.1320644113485039,1.0526340590653618,-6.7905062275836485,-6.19786767993071,-2.3622522651013464,-0.5924474904086527,-11.368683221204787,-7.468957311743536,-6.569086184554805,3.6772970220517016,-7.108098640174771,-10.52122943955134,-1.5636511912524027,-7.358180658982661,-4.767708442117111,-14.14436699677168,-11.611765180328282,-13.432307272286321,-12.558009253917024,-9.992336773326368,-12.356251243547323,-14.241210461571434,-13.444889354917054,-8.574795252850802,-11.955139568802437,-15.496895757435654,-15.338097271146015,-13.397592070944073,9.0108798680509,-2.598414337921255,0.7312327978178506,1.212010245861077,2.7953545957258554,-11.22009359307236,-1.1677973564435975,-3.8137890491861715,6.751457802951336,1.3949150118704248,-3.7639983789313836,-8.054040400285793,2.322888092524031,28.655463645371007,-3.759985104384951,-14.739685486184385,-12.566307016307631,-9.32579669271733,-7.691577341203101,-9.172309375061399,-13.246922447141731,-13.314757264151071,-11.015491165016314,-12.9647875098716,-11.065761744090143,-13.684287008034394,-15.99633081004071,-13.44372493069528,-11.429007064414815,-11.78799910552618,-19.062518377038753,-14.96487432150399
19,73,2,15.619143370709311,10.252049896548069,9.745619283052068,9.531861387413253,3.1496177873256186,-0.45520887756436074,2.480935505159744,8.601830511830931,5.317138546306877,1.663832479840849,-1.1754506286801534,3.860455202591809,8.345690861531741,11.179933977733576,3.6158442492256087,-1.326702472038293,11.663551385264569,9.673339965367099,5.975367613295772,1.2352722666237679,3.8239089036218417,8.93773391804226,7.265803766913897,2.8925936663546024,0.6771088758335893,-1.3215113891652088,2.7634749363344047,0.7760767942285954,0.834338410547367,-4.096852850782255,17.699260631314946,19.587424190220887,0.5052305889009236,7.385918139042787,10.074353774734092,7.867575629864157,-1.5392158952393984,-1.7259963189419238,-1.749236037931972,8.460947491330794,7.914335140309624,-2.371625503729575,1.0675405448575215,-0.9689770796245369,9.98243022462773,5.623037793128412,1.3639465305065488,-1.05337182914543,4.642043036613159,11.918984459713101,15.963122320440945,1.4528256340304435,-2.004073541475142,9.271308365527812,9.081768061965704,5.362835911602329,3.1111337086412956,5.764574180061859,7.5952004595296225,4.323495041488146,1.3430578428797593,2.997868169598829
19,74,6,7.7915852053045525,10.376604149038563,12.539711722081943,17.04675165227638,9.010528756714448,9.12084320814508,6.437007517907373,14.728316757373701,4.123417061617278,12.760784983793952,7.502743651624769,16.899148525261296,12.30126961188891,3.543707260271399,6.53697096015804,12.557840337414618,11.496068717730113,11.969330592035528,7.457757442215703,8.475431795175211,6.967940068258566,7.392286957854906,6.788937447638044,6.591228232105693,6.837639131806164,2.4482958094932403,2.76805708756693,0.49848396131178163,2.692635634746517,10.746253822430425,14.94584782626026,8.747109092681145,9.957274919534775,-0.5322969702523894,15.565290636042276,15.74969777433064,10.349306586221223,5.771751854068983,7.937726035532423,16.36561621689214,15.07472213468992,8.64351021911858,4.877302913154227,-1.4544789443508042,13.25215348546966,9.387200638742708,10.601313046020705,10.946291772648692,13.603483289332573,8.533657883044064,12.184595156370145,9.395862713115429,8.869192398993707,6.9042073241548625,9.104834456700926,4.153203411273397,5.615037884722211,4.7792238444317,4.491702319349999,5.320960750201399,4.981679664231928,3.200332840217458
19,75,5,7.056690339237546,9.930870739073018,-14.410382063332477,-15.73420899106963,-24.250258202868974,-14.166913357631469,0.8801779709983533,-19.708654152183993,-35.18424778377138,-26.31709995393347,-13.439378417062965,-16.478792778602454,-28.76198691056994,-36.55309214751893,-31.768561675781147,-14.729641104071614,-26.319784526054463,-30.001388064244903,-31.008804874449226,-19.948860653925966,-20.999214694267376,-23.949390103904204,-25.87957983082389,-22.6047810674077,-18.02747085771705,-15.308119911416552,-17.815032854318478,-20.68260899913021,-18.032612907047174,-14.914363700056033,-1.001283414139436,-18.274943890004625,-6.8076082691550255,8.457254217295883,-15.633583306539336,-24.204854262311294,-18.879897895110094,-7.1797557254733615,-10.636757103192457,-18.929221905222754,-24.04018465956537,-20.348159009363595,-13.551555028298823,11.949513123529712,-24.274711385005848,-31.905168997805283,-32.850986521418484,-18.883480145982123,-17.437143185153232,-31.09784825037164,-31.72177098800498,-24.63508106331998,-15.583921564515775,-27.779090025802933,-25.739594707765235,-29.92453095462266,-22.279713191364603,-19.57931760319782,-21.589368955027783,-22.352085783986798,-21.816815643730326,-16.60105370284943
19,76,2,2.6991200002205615,-13.699735709534192,-3.2916430329404234,-4.213216151224402,-9.524688123197224,-8.234816397290409,-6.580268303920492,-5.963945481415113,-15.856910040488513,-10.244583312058586,-8.232580862144324,-4.13049696001974,-7.1929022078288725,-13.32561940481749,-2.1099747669224342,-8.663269929724132,-8.169950400365563,-10.226681160445255,-8.449209804669383,-6.246569380209573,-1.840946273571561,-8.45331651735597,-11.02614882747393,-8.465689784591659,-4.88205399028332,-4.901022670960914,-5.021817078473186,-4.418178580017065,-5.1571801685523715,1.430696948266747,-1.9902825165233327,-4.599559018059021,-6.049695805078603,-5.777560710906982,-4.666949475064826,-10.173161686051683,-8.598061757184926,-6.654889807377649,-2.3067683242034263,-5.96486550934113,-7.397958007311764,-8.965129153076106,-9.541963487613673,-9.494941780298227,-8.51931578561482,-12.603475494673711,-7.318407715661683,-8.252576207151499,-4.578581413390434,-11.013437895240582,-14.673841678946303,-7.339887482727447,-5.079612023265261,-4.8917827845505695,-11.537188293730349,-10.343142280309674,-5.414604292184443,-5.150957986144579,-6.378896983294959,-7.7215147656587275,-6.667258562645087,-4.549986106536642
19,77,4,-17.17967027316734,5.05255451604792,2.2837196718106356,-1.134362125848762,-3.223621507081563,-1.555246857575583,5.202917529235978,0.6390558915303612,-8.384077135967551,-3.8062646366973834,3.1977372825282027,0.5505101275743874,-5.25735250955856,-10.863834846321863,-10.278294006159534,5.584829239288298,-3.9190101875219376,-6.330621961027198,-8.48277390773249,0.7223572952718271,-1.0302875657543185,-7.305421163441566,-6.055895722255379,-3.5152764381250243,-4.553634993118664,1.3494044790901927,-4.222433847378055,-3.6809058482417956,-3.8971392711533657,-0.22234004665529705,-7.207430980259146,-3.5347428368518057,-1.1350465926580215,3.6304708477223233,-0.5134971534049628,-2.558334669529844,-3.167910911381339,-1.792862307331412,4.029817980058241,1.3501288848701953,-3.135671311194397,-1.0230699183033196,7.88617990599809,7.3185010432810875,0.18694479831653424,-5.56580280639776,-12.790055894020316,0.6388114839664485,-2.2321913358187535,-8.226998743873725,-14.140091413262905,-4.280028789008898,2.3384080041972255,-8.472582910482476,-6.466033857406641,-4.687104798137872,-2.5198239507153626,-4.432982898067412,-6.519931177813106,-7.059672527446795,-2.5852855430779638,-1.2350501007309589
19,78,1,-12.640470659787624,-9.553714443685301,-4.780783883318667,-7.04333041208404,-5.763236386238645,-3.2922519455158445,2.0769972319987313,-4.5129731942377065,-6.862274408340454,-6.681111734053806,2.0696239977203335,-3.6866746870460116,-8.168212595918193,-13.639905180872933,-7.205871044408261,2.7600482580189545,-5.9428567917245205,-11.011197860829718,-9.454342119577458,-2.221769173271818,-0.5055549838920915,-5.217308445924487,-7.262808236435462,-4.06071098940447,-0.5890830763865537,2.5528014194243,0.5210348714779055,-0.664406759441523,-1.269103026085692,1.0945580415938778,-7.151444873863425,-7.63752010773595,-4.712624571794397,2.469922263799916,-6.867541052946226,-4.1117371138775844,-4.68549150933807,1.3273202174502157,-6.586583765053262,-3.2215993003578975,-7.432895366693054,-11.654653685530882,4.050911082005942,5.302672025043424,-5.419333142796301,-10.50961163540075,-9.79896540894378,-1.2484810339235821,-5.848537758297981,-9.365360805696646,-14.620526641789011,-5.439732926148107,1.4841809173727896,-3.484303357971198,-9.541007987791438,-5.994816326036502,-1.3578221053339363,-1.1263844154706995,-1.1570285892613785,-3.570582497933106,-1.803893319898989,-0.7624369001742902
19,79,4,-3.3098206122394482,7.17734243354772,-0.3989649453177684,-2.10953026982706,-0.12457207950377132,-2.2772486274834813,1.6546903039306042,4.086092948004965,5.211957391578612,0.9156976383088564,2.305057245812083,5.293641047961102,3.2758298789380995,1.6509214675553696,3.6852124789672915,3.067289691962155,7.211426504308405,1.9674382946204114,2.611685301904089,5.892426223130666,10.865448205612553,7.899441963558586,6.516824431910472,8.358659653586521,11.512615155065198,12.750642966510286,10.06212721892246,9.518603664391286,9.134674138964503,9.861218159666238,1.4287058478675607,5.232792669191684,2.69918223972739,18.927764180161784,-0.755081401626783,-4.203242927801044,-3.8912326849928873,1.1857793885382564,6.712160360885831,3.0481298912725427,1.2903295125267122,0.9426706502350367,3.765469463905547,2.9228733453059164,5.612375668363599,0.6489358130024697,1.903314519071634,4.703931294786232,7.7082127364999735,4.821201225254323,-4.7389220590135315,2.8561628788550624,5.819004742485448,9.72517947164909,6.69263164565058,5.883715227098635,8.670501022815433,10.755124927075322,9.485772924043424,8.840934891639867,9.076061350248033,8.72084275529175
19,80,4,-0.636682556760384,-6.9695399926475625,4.091079601061124,9.885351220046443,8.38965927563017,6.861496680302593,6.561161870795594,10.669010130051104,4.3946587782035085,9.624949313563905,7.863006727826758,8.737002529930777,9.477670847103235,5.120238291690266,6.772684205464005,10.465754355871814,9.768792390391775,9.673997742938809,10.57171334748769,12.275549814633164,9.788432178675292,10.614784036831166,12.450072546767789,13.200887307297533,15.141699206720036,16.31556325998702,10.08971809940527,13.34465479996146,13.59587902855128,14.494670115593008,5.6510330809325655,0.556505637016238,1.563931179335114,8.145577290322537,8.89607652728787,10.189721539468948,8.170368175976343,8.98856451143596,1.627868370448307,9.059732698869505,11.660924750161595,10.262067471971594,8.881214470398138,7.296563438071707,8.901160933065972,12.030983381757025,9.943155181849743,10.314546965834934,10.84142625095641,8.582470749084624,15.455011785950322,12.944587698456179,12.449516970096392,9.694353136432744,9.92656418971899,11.472104472994086,14.052283394809184,11.19424048209813,11.050024200594287,11.751737263689678,13.143438968444007,14.447306135851077
19,81,4,-15.596574795980402,-2.630160711841973,-5.710814705790056,-8.524333555313829,-11.801301191220201,-5.733898944539448,0.8778980284384108,-5.847719990841406,5.857964340938117,-5.590380253474705,0.26123740012961844,-2.366634410868467,-2.506259651479836,-3.755309544367403,-2.6597737191108664,10.896603463399343,1.229050079326532,-2.8137143938915736,-0.9630482241443185,8.176270337548202,7.549840956176749,1.2595919823705595,0.9763992577791214,7.358105060939747,15.391074576392398,3.2677410815092856,3.756140676111257,3.367917837631865,8.038520569390641,3.276100972303894,-12.332442626220782,-9.219313360909672,-14.679174898635223,-12.263225538599329,-10.246987633100456,-14.06971428020881,-9.269575132102494,-2.277413071065053,-2.0838860580939014,-5.169948914224597,-6.639370013596256,-2.1817606602136674,5.701956998624998,5.773107410249548,-1.6519125413104163,-5.775516281881159,-4.407258747917843,7.210777664108472,2.891247034118307,-1.1009446798409215,4.1601500004166505,3.501889829455717,14.13307369700293,2.0150244985025663,-0.658935695724765,3.2318125212360633,11.820376542666583,3.4321394140218824,2.635996164208866,3.9961960561028333,10.461598872694061,13.550301661533185
19,82,5,-1.2167390889556309,-9.270570615255393,7.136622826205333,4.33934381213493,6.4066567056835035,2.516957344458916,3.783491513010389,2.70461774974062,-5.673001715777125,5.76097859212811,3.0640586061437225,4.43830284914683,1.5493935830209677,-1.5522868734679363,-2.0520864150873037,1.9139455167502841,6.269760236144066,0.043617347062269496,-0.806485388552906,0.5936074759896353,0.8376139393530613,3.024525697922287,-0.28941047784486196,-0.9498039911069538,-5.9042528126297995,-6.369626005168819,-3.352393538781967,-3.652621687196828,-4.059679909677401,-6.672227390155917,-1.6748101209310202,7.71458600789717,8.375694993559678,-7.157258166749843,5.039692420892918,5.239152690622861,4.0067293104323785,4.328250567417411,4.68767811344346,4.569257045894431,6.27892911302425,2.818349924157147,4.14735013932535,1.9146433358148833,4.724424449090917,1.0919003198704142,2.099081486571446,2.9228333502712593,3.0738807782962403,2.0339487794014395,-6.673614075100733,0.5341591817304128,-1.6998942980724503,5.309929758560181,1.926918750753762,-2.1062769707201454,-0.25741969651922986,0.38411174339764675,0.8492093780333537,-1.4532834868594193,-3.1463067205849926,-5.982403116482429
19,83,1,-0.3313655655535801,4.90131157058541,-2.120236792124627,-4.594132409249315,-5.622246663926576,-3.124235807690863,-3.7499007541606777,-0.6315182205176023,-8.377041715458493,-4.639607494858817,-15.017838271902637,1.5534779081666268,-1.1380198812680085,-4.918995847948256,-1.3922973574570758,-3.4375393880849177,-1.821581994751241,-2.4568823782000226,-5.391564432100008,-4.324437250542205,-4.1972829768300715,-5.355498202826557,-7.2248219630976305,-7.818851607420098,-5.9503590118639735,-4.652100685393301,-7.656804331294377,-7.997569914281133,-8.668398792628292,-8.269256097241875,-3.919476782098105,-11.572832339556841,-3.001028106388887,-0.37503188210198896,-3.8432553608095392,-5.0232570076406695,-3.2346968788642267,-3.107520410880482,-1.2872672533054224,-0.004808871306921481,-2.172338541328804,-3.2472834356765214,-1.6722412398084998,-3.403366374805929,-1.0957047252620502,-4.199474061180541,-5.2997031648893165,-2.2565777162686227,-0.3401254726695915,-1.9500829767983787,-4.443591592197377,-6.2367783192454365,-5.574700461609695,-5.704681381728022,-5.256223595928308,-7.691559565912292,-6.41110113390335,-6.6577386702524475,-8.285331520819806,-9.027915207532848,-8.77270884139509,-7.167480321532885
19,84,3,21.184146248122158,14.938892365620685,11.34479899522592,15.448625247948241,17.987991171786796,15.84815896858983,7.531178907536692,12.47638337248822,23.777511607446698,13.431685076867488,10.637983791371123,9.10958556685506,14.307174277481923,26.257589454001696,13.885289550486318,4.261246829509462,13.918124618008733,16.83680249557535,15.114366294765032,9.46698645581832,10.482114243480122,13.715980068030886,18.128411945773333,13.50243110358487,8.675292077186098,9.466399740138115,11.463002341140694,12.725740948510238,12.449676941364727,0.3602409199130052,16.034348246150234,0.9382573836369502,20.216226990311966,15.716280281576374,14.990043016171896,18.397991597293252,16.518921203786366,14.969367712009234,5.163944532248622,10.8270797165247,13.656687313577207,13.678353737999982,7.140933881543588,3.8788283251271345,11.463766691807331,18.93013294563605,10.043758565105684,9.703348569421484,12.993009343213773,12.86737953489306,26.646043370612716,10.719569593077386,6.544690896893236,14.731574448961297,16.86367341807885,20.055184125548184,10.866230393805328,12.421877277008447,13.667549447497212,14.372182460092915,14.296685354556983,11.083934930244043
19,85,6,-3.335042595948523,15.34978165041383,-9.419084690147777,-0.5976652025157105,16.345669618512435,11.513059570851569,2.9857082232923773,-2.2656620551218687,26.259549456035217,9.03034190411918,7.030939447330075,-2.4129094714071733,2.2011115750661356,29.280741761733857,18.33882331150789,1.6702545844983872,6.5787216413186895,10.201352530624717,13.095621724682584,3.031156739103608,0.05650167780496686,3.739874157509428,8.113173157802969,2.778474747566733,2.3405013072727483,4.009862602736644,0.7020108618478217,1.539011467977928,2.3172037727085937,2.6850267733083797,1.7943600609035402,18.46161754919989,11.667484733185221,37.61282853455078,-1.6433748716443048,21.07952065075316,7.054654736662426,7.56615197438202,-0.08791021537461623,-2.7678748765937646,1.4291814135546541,6.2882578953328325,3.5569248410486973,4.576888088818367,-3.738923022353161,11.2283202500534,15.158276863668743,6.085410979630354,-1.528669344736887,7.115183048137672,22.31059282273054,4.6185588132612745,0.12170546915717194,4.488515644400982,5.698432584872422,13.44636935685058,2.301950580588112,2.390234134000976,2.967957348838198,4.3114285185200565,4.2220516360660145,-2.213618149464133
19,86,1,1.1378109924177198,5.625948835392879,-0.32399234838965374,0.9564349928234771,7.006517481899295,6.791403987848129,6.167890123886673,-1.0647672601612048,10.04364744269448,3.4036418982446435,5.909217175698222,-1.563428992246528,0.8495516270887471,16.07623668803221,5.495096776952466,4.092661813787393,0.7289350148085956,3.0998582669417374,6.5149889972625985,3.0948849730647927,-4.796890370908377,-0.41406255848024287,2.063592932175665,2.030695518690285,3.971427456382091,-2.86195839618236,-3.4678190644665787,-2.2751330725462524,-2.2555866189380516,0.25497082619439343,-2.0307976982851565,15.109912862024483,6.400541189038648,10.924909836447961,-0.05083506811046684,6.509469028416078,3.4509169994455933,7.671217480969686,-2.950073054855369,-2.0715439512348963,-0.5290214244287634,3.8071757059107068,5.309943099619773,6.308564294356759,1.2346589281110139,3.5650270231630348,4.272273336855194,5.012270459105971,-2.0240866641809285,1.1986148573753492,13.262455691207224,2.3889275044316367,2.439011458239362,-1.568784494188662,1.2077347283030107,3.328211570655497,2.6370894840021215,-4.977479699837251,-2.368798820438182,-0.9438573529648525,1.7886801143744726,0.025688634606122918
19,87,4,17.672056545734847,20.838131926408632,14.087465341719682,13.245615717103119,12.934921162413067,11.014428931447421,3.9487565477696647,9.340289903963662,13.565359260131627,8.80098419114039,3.6823102792543243,7.267537103173685,7.35601618050075,22.996346143278753,7.120631932099232,2.0879616107700802,9.724890641300236,7.934801575773189,9.23185548235708,-1.761969267640537,4.730206633599977,2.456784584286921,6.315155378065822,-1.930705424807058,-5.841355647119443,-2.336332432937058,-4.218589515856851,-4.772815136131039,-7.2112932545927935,-4.134016953317856,10.323529095570674,20.281946247670707,11.030726540265839,9.68516209080997,13.409111936747026,17.04580941723329,6.3090843201796645,4.930053509084689,7.912988479930639,9.332192262055399,10.609490727483319,1.8425195847308582,2.5396415646437847,2.0201800711234337,9.566985516019576,10.907385543465798,8.42998336261229,1.5709044668687184,2.61636524904156,5.803244911406824,20.304106046569178,0.0533017295798871,-1.3141425609895294,3.1253381075973556,6.558552917683635,8.930516116707249,-5.361093645029493,-3.0482455367086105,-2.315794613609862,-1.9215231656165028,-4.936760080972594,-9.743970295800482
19,88,4,5.625228875333711,-18.50237714042659,1.6659968603408082,4.855036485894793,5.46349715879868,9.69245092113071,5.891404021071365,4.276704412921924,-3.6665904766442714,7.848033573955486,7.5442365548550745,3.255078950374411,5.202073051256314,0.8677202514713505,-0.5061505728446672,3.2411812983805377,1.7056364497715033,4.120639229783927,1.785866785544628,2.5901655025507613,-2.918224497959472,-0.7796634004973779,1.8549727043108546,-1.732200635798707,-0.3192501678131515,-4.0341557413339615,0.5048261149786415,-1.5850599116032449,-2.020068934278154,-3.8563085453721033,5.133549274354265,-3.2756831656641716,8.041796100621182,18.924653037320585,4.997195050745027,1.877159275705128,8.381326058107183,6.3023865953451255,-0.8558315567717685,3.8694728454461393,4.912738166022592,8.55174217291358,4.382907787411722,5.028008069593188,2.6055653621101853,5.1703933329753,3.5951555704516247,4.810099126613504,2.1210901595683334,3.76798944149121,-6.985184312627722,3.5904222415510296,1.4237637128567373,-2.394958532210894,1.4550967797091805,0.28920603502632597,-4.5815591542504555,1.6163529739871334,-1.010181140995062,-0.41979587854811884,-1.5830999131246308,-3.391482045584382
19,89,1,3.7105099911597104,4.745468644743284,4.079817476845632,4.352432562657289,5.624704500887448,2.648875997197337,1.0867759365043244,5.587762543749878,3.006952484731742,5.9840964679719875,3.4345572009319203,4.721908908249333,8.608506080399197,3.0635253041925834,6.255120407699082,1.294271665920569,8.619088146457926,8.93711179182524,6.810399346189888,3.192981800291594,4.192825228452863,7.455241837570013,6.638285535955571,4.98639071144436,2.5782679219434907,1.8578660971962093,3.701505619633612,2.0890415403083327,1.9933581626179016,1.1519307961187706,8.327668853944576,10.06838938336047,3.183239686961583,-2.1510054469562894,4.052115523120067,7.0009974962463835,6.0199138670705485,2.011211275645508,3.727260963769809,4.551141680400005,7.259670482894476,5.58899812027812,2.684284624632269,-1.0368120082733556,6.904736212295724,7.427282169660005,9.356525387001657,2.767941593311775,8.264340606364758,10.291813832091556,1.2391610836039466,3.7340964696301886,0.22203336885516925,10.421039298585638,8.276042646751169,5.892923978253882,3.645963985949934,4.391929921996495,5.433226349684072,5.064238921398434,4.8736807952021675,2.775105922869065
19,90,3,-6.202356529740117,-1.4524345267961567,-12.844339791435473,-9.311974693498598,-0.25773519955620894,9.890822250555015,-2.4876332020830008,-9.461257598112994,7.003859639565296,1.5056162096060273,-1.2556942686120547,-11.270555280058128,-5.017163782056829,5.258032482333214,0.4365245501351803,-1.9493807297336259,-9.226944421758738,-6.208609785998193,2.3040438957694103,-5.636277603644241,-6.176725646730781,-11.372776538497073,-5.625215527405626,-7.285545788861519,-9.641771428945768,-10.399630623710602,-12.176959689638414,-10.404194955714047,-11.684871250786255,-5.425741946631358,-8.12457759437583,-0.7779700745624023,2.2252624541884525,-5.013466031358737,-9.592260709077843,2.21366259521271,-1.3657109777460148,-1.2303523476712583,-8.897107659271219,-9.37802289276407,-6.750893297355352,-0.8437472507811905,-1.9491096262524774,0.09506126858930103,-8.14207508758267,-0.582296453870652,3.853570835051557,-2.039402065537416,-11.817576548266343,-4.36513018514393,-3.50161868915325,-2.5075663419088294,-4.490635620515293,-10.535962520008226,-8.029320690496943,-2.4102428322885086,-10.173575013671528,-15.129650520251648,-12.761509464358028,-9.254708549508928,-12.27547432538036,-12.565538092175638
19,91,5,10.434816891997592,7.163844773795724,6.008082837965221,12.557244830989138,12.900014777713242,17.554910948091162,9.175504884224038,5.6297398877171085,14.76250303229999,9.389084991635519,9.618651662087187,3.822784445325211,10.648290367694807,18.791734359476994,11.444597989218542,9.98134580568024,12.84408198251594,9.971474827789677,14.25177912273239,11.717924242612069,6.721960243113094,9.14739411980731,11.786639112138706,10.775915753221279,8.606114924033509,1.1196689199508603,5.260352487147716,4.992484006322294,6.960295695220914,4.380983400908182,2.7370529429669084,14.66567293200188,11.976530526571608,11.06522845597256,12.348229114113865,15.883225314864307,15.239973906064169,14.549211835170652,-2.178418489094972,3.9718007691454433,10.819004282264453,11.90861122914953,8.513622513972223,5.1814377062,10.483847549185157,14.263752420023991,10.873261422645761,11.066299557367834,9.149540678916,11.181667251625983,20.93697987392363,11.844789590459412,9.782516690016514,10.48523862828023,10.644059283386282,15.059726905547619,10.981295945963303,4.92349359879793,8.736927009710087,10.48802521690817,13.339774949866538,8.229718716815114
19,92,1,2.6705336282711194,-4.11236390544147,7.169742479874961,5.121784937840591,5.385249051560717,3.6868835885259443,0.05339501348392244,5.218072871836586,9.692477626408015,3.3552201782784814,4.8823117752355065,5.321911847082582,8.081564582748022,13.74179306826214,2.244102270047113,5.190393160937761,10.707814230719903,6.438096345924749,9.883146829539676,4.916075879639786,13.366139075014646,9.074439238438877,9.556305508788041,4.238775937522691,3.2790076461614928,7.979045632681473,7.867060040827935,5.175157814491086,2.827274301134778,4.235673713066231,4.788997112926687,1.7811646182544363,4.961546482018581,4.553399491311255,5.8663820829696744,7.73394135135885,6.805083894511547,3.8787705329951003,5.257703590661105,5.311471959936616,7.484912742911719,7.466672864333703,2.7848791633164747,3.1333201512319557,7.519019013089009,9.39400054348587,4.388427764313614,5.945705685764551,7.803602923230244,7.124547424226451,13.407094264357562,7.41884664745956,3.239434674245918,10.676387830841826,9.535794708287204,9.3313788995601,1.2389299497022526,10.43085249213548,8.798944148621183,6.144485951560302,1.1169755992155928,0.9055999646690202
19,93,3,-2.7379330208343333,8.716953921932493,3.8947970870791435,-0.1781627017686644,1.4515056685436658,5.290654406110505,9.344992129762494,0.7460636992785499,-3.6514039450998013,4.3835345004208195,4.516186444656695,-0.2514419299564552,0.3230679575353861,-1.274671810361125,1.2423655098877708,3.3792777152067566,-0.23804206336939213,-0.981034792105031,1.788617891373066,6.153583621637465,-0.8792757357402535,0.996323446243457,7.865677836368128,10.11778454217356,5.5596961579086805,6.028015970533554,7.162649246152745,9.711197411709628,11.329216966644024,6.908389514985088,-0.3170901966201737,-4.633447619501454,1.5171938893248937,-1.4089194059417356,-0.24801530372124247,-11.782968032423678,4.087990757980861,6.077811059269417,-0.15129627612782887,0.3345122765976849,1.0211232417808265,6.068388948245428,3.1755196790824236,6.3722792692800505,-0.5213548071091866,0.33661446922526794,6.0357670350590835,2.895269153582887,-2.2333379362641677,-1.492603019811213,0.977194764674074,6.6496587416537585,3.235239143297362,-2.5367660440686275,3.3201893764070998,6.800941666954466,9.015137623410626,3.1571688142536956,5.550002925393243,9.72889946828165,14.461714939725372,8.105995467012157
19,94,6,-8.164488234897936,-6.925278271843751,-7.5101479870926005,-5.278663358776039,-4.903320411413267,-6.00742956648421,-6.523504356512939,-6.8499322991091285,-8.664607661594518,-5.074020968750119,-6.229218465525924,-10.246934286773017,-6.418954290926643,-9.893413409318141,-8.829263870309036,-9.159687293148261,-11.958019647383827,-7.6767819207615915,-7.849971332564591,-7.201413334243674,-13.143279111841927,-12.840277547174322,-10.462834419300728,-11.313186022010067,-10.631223820967646,-10.102113476903295,-13.721531075130146,-11.336021331411487,-12.685283578636986,-9.14834067675217,-3.7065722521212763,-5.440359592767118,-2.1224368250042875,0.2976948711226086,-4.333890478349593,-5.142602510068832,-5.9517857156830285,-5.643779759227135,-11.528486035105473,-7.110734219640134,-5.385422319877987,-4.69897583340545,-6.098259759135544,-9.545296786989015,-6.083668753459329,-9.721614965169525,0.4407556286399691,-6.216334136407369,-8.35757966428178,-6.388856844902722,-17.219887608435098,-8.719504945570742,-8.718953869805286,-13.347085922320444,-13.062110903990897,-13.553803885832616,-11.426820502218956,-14.118660401973152,-13.924458082242893,-13.552799549180921,-14.339022696063644,-13.805468041177209
19,95,1,-6.54195318334997,-7.285950209127692,-6.470896034887655,-6.822683706442348,-7.855406820421991,-7.716648160207379,-2.5400281851577406,-4.8159168348761225,-14.218455078951992,-8.877085587730994,-6.269844734547206,-3.4158373480980693,-7.436668793466396,-11.528179468178168,-13.41071199106972,-4.235691471621621,-4.122790391386555,-4.075479744763183,-8.685780849955163,-5.278658950905793,-1.8684304016528697,-1.7096808584344507,-3.609159900466115,-5.2413971114267675,-9.057394968266257,-4.046684516184939,-3.696190124475567,-3.582622431831935,-5.032616944892739,-7.399024707265198,-2.4963131200340456,-12.955938654009065,-9.514581575103827,-5.710156862203757,-5.4384662677837765,-7.744114605102282,-6.767346476329631,-4.2082161876123125,-2.0838327335872378,-3.082107311480952,-7.251172828124604,-7.766572173496012,-3.633790756553049,-0.6091273224248164,-4.177518706836896,-7.024397263635611,-12.75150066709555,-6.622463501035806,-2.5337216574812254,-6.5689172661414625,-11.8593539434752,-6.882425363005208,-5.650793134802724,-5.4541417008674715,-3.4556280715197962,-5.602144617561774,-6.0208560835411085,-3.529956247589393,-2.844345224738725,-3.2288169940371394,-4.636940841960562,-6.855518967503823
19,96,6,-30.736114206837446,-35.34510397765692,-24.246875986275167,-14.028665826496928,-10.677103360075646,-8.41097910949824,-17.656674432500104,-12.977693992121727,-14.115527170579643,-5.953012301538299,-11.158849701467089,-13.37312562609229,-7.6401378703303635,-13.673349374661033,-4.058853238044453,-9.415738086341088,-4.293642053792323,-8.350890834918015,-4.089870683769356,-0.5699543740767868,2.574365669429847,-1.8750526181467604,-2.270186458817945,4.008871484718214,6.519064447115653,-1.8248352669747316,4.021124692724611,3.504352008265145,6.103193022208524,6.099046410561157,-17.8285527265199,-32.56740701925466,-15.55351747586052,-16.7570166821796,-13.115648211065196,-18.661451210517715,-9.501528327924012,-11.568099104731179,-21.823771102490234,-12.87835270600824,-8.973560302086716,-6.6147346657632715,-12.784624780096653,-16.56820079720603,-8.413614648053562,-6.842847905996279,-4.745117581923627,-7.68046630807107,-7.17792910010349,-5.429381920410912,-14.02061255444295,-1.1681306717076865,0.22396222246447273,1.795008951495686,-2.998685944914852,-2.1116013701795024,4.999208372120363,1.751800447441184,3.0114635721008067,2.0357576753807898,5.67224613101245,7.8238026489327686
19,97,4,-12.803255800373579,-14.177442047926716,-4.482075697367603,-2.557943593785906,-2.284577432043123,-0.12494096032730002,-7.762785506548313,-1.142273159788513,-5.532812027703612,-2.3698210285340484,-5.4130265603705165,1.7255784856473535,1.8423196279710716,-12.045374323023342,-19.918709916675958,-6.916838320108446,3.208714931135677,2.2324491047822854,-5.594922456345181,-4.22764270408533,4.536448425454335,6.404372256976075,1.3155870180599765,-5.092238552905279,-7.685364102995837,1.1162690010784972,0.9686215183266058,-1.3343734764380444,-4.118870463176834,-8.705607286961063,-6.633783344514438,-11.968179526443523,-6.632565625488942,-14.608757843604172,-2.401380684050708,-2.468846740609989,-3.075569625103438,-3.324549377521092,1.8618438596462423,-0.2562552222800323,-0.7302416709092693,-2.376949844057048,-10.49895850642266,-10.217454649777743,1.9015500741193008,2.0635573755404564,-0.9339729664938119,-6.425767609179474,2.82188764905057,3.41698399776729,-6.1607035250153155,-2.0153889838129113,-7.41068677138111,3.4259883989466418,2.7130487961467455,-0.51764826141667,-5.612193397314447,2.3889185710605694,4.051586586470919,0.17212723227354026,-3.221781423360837,-4.786606042396006
19,98,2,-9.114243324391733,-3.1290490841464593,-6.119126235929933,-4.66984720019306,0.5818608614911397,-1.9175676979669727,-2.6172852783248137,-3.400388573432661,-1.3380800815918124,2.107134760675453,-1.0824471274617937,1.719036358613067,2.16080530713562,-0.15364738411082668,10.157970720447786,0.5428257702236493,6.9421358474121435,5.17470892155458,5.87331975497896,3.3100117105627196,8.682767535491683,9.976661458248039,5.840640189878572,5.001755023329723,6.045615832537143,3.1005382668226957,5.278814527830793,2.593703248308086,2.7655238018757324,3.009828058321303,1.2189301766693674,0.779992278756165,-3.727167644833286,-9.432604592884102,-4.0032760589042775,-2.502393075659668,-1.0283276234276424,-0.5583234005238562,3.22491039801389,-2.767341519637806,-1.0428697161331044,0.8699602761828304,-2.8493052144725097,-4.2141983537741625,3.2623500173866047,3.2105060924503306,6.626836774569777,2.3652477228869233,7.964481253233715,7.653177752999995,-0.4953773458908517,4.324846135923732,2.330230283888807,11.49272641082998,5.991789643879886,6.097704205752875,5.136238205303414,6.317239795459387,8.906107567023579,7.025548395178304,5.625775526016497,1.7077341775250872
19,99,6,9.484115208976156,3.4969521520046003,8.221896487447191,8.066049080069469,8.113639739978058,9.557883364625459,16.182813435650942,7.479512728932432,12.878979433245567,5.966838813875233,15.212334216129404,8.349415333555415,8.201114581591202,-5.535807413208052,5.413199870779018,17.07176023440026,12.14131558291251,14.308476345673228,9.710219649484428,15.062544484054905,10.898763415653534,11.928037727933102,11.521335079368747,13.018538092035895,13.232335941116444,7.1235873729853765,10.68377001688066,10.301871531080772,11.374860941455134,6.428749817917577,6.922220367302258,0.8852135256137252,11.31237711221343,6.866496615260899,9.052883951038844,9.347765347284335,9.817409591726594,10.586446492489793,4.5627592975137405,8.514973676720876,9.599207452861824,12.272069791218312,16.82148712850744,13.828672268745931,11.080361564098514,11.250342205212243,10.615512910957744,16.423615571020587,10.376928632202977,10.524936045974307,1.3585021403595463,12.850695219390635,17.20016342633199,9.295801501300907,13.017764737006138,8.486760649057787,12.78598477720942,8.913534141838456,11.255177680721014,12.593133307539114,12.674025952043694,11.255413197196747
19,100,4,-7.271208173781356,-1.2350544862948896,-0.7678857641067447,-3.9237434699359137,-8.840348194909803,-5.772360767260553,-1.7463961020225591,-1.2831517514977142,-3.6797591761299766,-6.665694142021692,-3.114507013114122,2.6791957836121147,-2.259604358682182,5.147575777978065,-6.022424914033677,1.910092245526158,-1.033789790053738,-5.306054194277526,-3.6596571956051345,-1.004163429760034,1.0583184351463149,0.1659449777770331,-0.8683825345914363,-0.8352983910022531,2.9638240556743765,6.362163843007806,4.952746610600141,3.7727938251251882,3.7268254081889003,4.781339431726709,-9.645100253952172,-15.609396881628314,-5.886968494665519,-4.389778861935007,-3.6722881641556895,-8.804170804688848,-8.072969139621756,-3.320838269505014,7.4872682387528835,-1.6143973733911778,-5.096616311842098,-4.24220695201643,-0.9217198075067894,3.34993135988735,-1.0477141067655413,-4.661056175413425,-4.375072333371133,-2.6204452335766333,1.3402223208828303,-1.080096003485889,1.1614774282249392,-2.965415116183734,0.22685556124509626,-0.24345091941607253,-0.10080342126510522,-0.30981468211677693,0.3029747651691165,3.1728753156948666,2.9707172922165355,3.088396142691194,0.3977560650829865,3.221723680197058
19,101,2,5.228361562984748,8.517044707678444,12.307016012872136,8.42645448850604,-1.302458311294818,1.0496918099262293,6.470109387232761,10.410212644171427,2.609627445268148,-1.3681419733571019,4.66596279158143,15.526331117967285,6.35589718084964,6.1409170152392365,0.29471266905425,4.616732142519253,8.663003329835018,2.409447316091687,0.6769000276832315,0.3598053201397011,8.195163467808102,6.828114614932704,1.8128711721155668,-2.5450993598234377,-6.747569018384305,-0.9817014386105097,0.502115066821982,-2.156734151811135,-3.3760556227913705,-3.723545332689113,8.850459348978243,2.260866669165652,4.115123801478524,14.078918700583467,7.914757306732961,0.9868035936818984,-1.1456420482931338,0.4178758916692112,14.888999527547414,11.711977675710461,5.612157841479953,-0.1678560918151613,7.437517672822601,7.16859142118838,10.978855942671258,1.4056305000785638,1.848835120863484,4.934675655747974,12.729114247189274,8.138101840073743,2.7539106124739448,0.762028025735803,-2.0137091086405077,4.6408207535306465,4.126528186223853,-1.7454092786817743,-5.925852591262724,3.4117485530129277,2.7265510070251238,0.5512968984236593,-4.669162929080788,-7.471775059838118
19,102,2,-2.8135587929452717,-2.4768999248697643,-3.200777252170642,-3.930014510161991,-3.7859226120721066,-0.393311679743731,-2.251684409089206,-3.558551512242626,-3.5415739540419517,-0.9284352755582905,-2.75440391880835,-4.003111510350165,-0.15609619750573156,2.519712945673524,1.0964513375401137,-2.2468800368696114,-3.810437988160498,-0.2887837701908682,-1.6219706811499188,-3.460339199643719,0.490830659996945,-0.15720729679777967,-0.9972657519506246,-3.3045895720445904,-0.2813039117651739,-1.313982544262416,0.22486002307112662,-1.9831803755425834,-2.4931620921848747,-0.07447930361802922,-5.578367114362377,-8.38729045545205,0.34628095470436965,3.4575169597803495,-3.6481550429697807,-6.0577401668060435,-0.23436212556709335,-1.2438277123132486,-6.876216545337581,-3.4482236977030585,-0.717179539824961,-1.0044478276153899,-2.3931407522205737,-1.9573984396936401,-3.7294920561608036,0.33146344970275765,0.027230794337100628,-4.404458697578623,-2.9804860860643148,1.8104576736421727,-2.461322341432294,-1.5688644303917547,-0.23131321707922103,-1.9496118055611127,-0.9780792095130536,-3.4817567309591793,-1.5227315422919796,0.6652823549854333,1.0998336373169617,-2.6703958523164455,-4.177505367764892,-2.102410340431803
19,103,2,-7.161529257956032,-9.145358524853128,-4.400156570280472,-4.208322881471097,-4.346592562432157,-2.908535781952481,5.910830429096412,-3.969498603163205,-2.667578080705957,2.2820974363286695,0.9035022020305887,-2.3789854317721795,-1.1278999732216681,-0.9294708373433946,5.035061407706519,6.318306471970746,-1.7720091775962625,3.993160535970405,6.028393768841719,2.6432138932414526,4.944671142235875,0.1940069235123057,1.9317498111546536,2.007380177176033,1.1767039421786785,2.9904860010506877,2.2284846441684003,2.6282540526221214,1.1424775898183983,-0.5156304849902307,-1.991784755185975,5.325978496918318,-1.6014775558397507,-13.00131597388082,-3.9186101757989413,-4.567341560725027,-2.038357697313699,-0.7798678028374575,-2.0510552989591555,-4.860587530237019,-3.497738806127641,0.771881338436067,6.000536245027009,6.074117766267328,-7.979934449466633,0.8690758706638362,7.340358559314799,4.895965010984007,-2.20058716184221,0.679233278783901,-2.7747948016607893,3.383335498774925,3.6479595355652625,-1.7596803725833396,2.1659786155129344,0.5478212666618307,2.4575090719863946,2.1239168168863345,0.7992810070707752,1.580384379616234,2.6893423135511645,-2.343479076411757
19,104,4,16.040165938312047,17.148319403016263,10.864785952879704,13.400623199268715,11.111272475923554,17.014800778976294,14.310703097570057,10.196343704217632,10.46122112476108,14.38279576972127,15.178738900471668,7.534289981306695,9.228291053438513,2.7486617293453013,9.375116224417733,12.103951505760143,4.706624587645707,6.963380013887841,6.166019135097996,5.763734162225748,7.576929559712534,3.1822929651272025,4.503884426681553,3.6800524838632205,8.789366435532166,11.100917005797895,7.039423752905484,6.863505539507035,5.761809750709954,12.943632055346557,13.593212336210948,23.635130882263184,14.377471281692575,19.10717574366163,14.182873264183685,11.768950346874346,14.540971877689403,15.313195458863207,8.404721405817101,9.212269040755928,9.571892088619853,12.261216633873648,12.187235173175855,15.482238163336785,5.195370880273601,14.733281164759445,4.678607106345092,11.26051540547278,7.824909409769333,4.408960887458082,-3.1208047394004708,6.279017919671674,9.820374071688912,5.385377911231823,4.991564043967914,1.6444726602583204,5.461830507645884,6.53370879742703,3.705314485378926,3.3830199141180266,1.2886939492181706,6.7663331505183795
19,105,1,10.916918775009945,7.557925254106522,2.341128011642979,-0.5353280176130332,-3.2003594928125803,1.9769538867559922,4.529852992514284,0.8033209147070899,-4.253020225229061,0.8286185223245759,4.414334096377942,2.94096651932838,3.2149725802663007,-4.442969439346797,0.3983116813185742,1.9427363954984198,7.859926815485444,1.7898268264877353,3.34770910453233,3.831535458030953,14.77261853345283,10.193494884569834,7.007775218052814,6.859336773501477,6.988210979667374,14.409839840378707,17.004894214795854,13.483422342233547,12.427557220364488,12.296518515454745,2.2737728674419055,-4.286402127177384,3.7962869197675384,3.81186455351914,-0.403275995891507,-3.0829606374680303,1.3774575504769646,3.683039054638002,5.429199724753459,1.3586221349882752,-0.39426724856901163,2.4208515221025895,4.788152730683001,11.546370398162347,1.290147255379253,0.7996010230073325,0.7708500898102434,3.185541852422786,6.884243104135523,3.0374677735891913,1.7838845812124995,4.5264530374566325,4.38943218762941,14.731965576911854,6.876852025243838,2.8396963064343015,8.302606944650655,17.277287062711824,15.451798414493492,11.520815026514773,12.934063394394965,9.900746710689328
19,106,5,22.356054676651222,28.1287087456482,17.93109845388226,8.746744724027472,3.336175911264816,6.389545714709813,11.902428976464556,8.941116131071231,-0.9524261336432909,-3.32734932908192,4.847547724763526,5.428661890464219,0.7838455966997486,-4.112523796116342,3.2877941929349097,-1.0485007834916067,0.9084666118142195,-5.435568486135907,-3.3376780753847344,-5.199081929911655,2.0530330292517083,-5.756525325611595,-9.154696185323527,-10.897127894457524,-9.35582318180809,-8.308122348335642,-8.27487820268768,-9.178726996204293,-10.419803729326253,-11.168418523128619,7.955476934998866,9.374298440570731,11.45631795525323,12.763282754887241,8.652994479560979,1.703752061494101,5.147753587992091,10.620210646271213,10.878879177861103,9.921275301211763,3.66681262818392,1.8226752956000332,2.445189164718613,7.945605897401435,4.200100740179325,-4.027737976926403,2.949810924354893,-0.6877931769278536,1.564966776652441,-3.2702743911025354,-7.30618112349156,-6.780395217694161,-5.9938563313789475,-6.971131139088469,-10.463812198126455,-12.454148097554363,-10.68454335402788,-6.7794307868064525,-8.419090153033299,-10.996069072405017,-11.415051663339858,-11.656009240666547
19,107,3,-7.907544122216651,-19.5619445680527,-5.686170501793487,-3.5450760922621813,-10.557264596326041,-10.496789641323405,-10.34112004017906,-3.093520568598563,-3.792615854419861,-10.085566985239156,-9.718246140971594,-1.4698343607880986,-2.4956819853098016,-14.942745718491697,-6.65224538947933,-7.2394306776852035,-0.5447901737671801,-5.997096289853601,-7.533992205706718,-6.0197760803034415,4.101768323152169,-1.494189667519714,-5.932545831966461,-4.544763943504134,-3.736163082010136,0.0033377207270481046,1.801119979788979,-1.2041258713821086,-1.3025337746480434,-3.398255312906171,-4.331037232232076,-11.877429321646785,-10.56668224834366,46.44107904012611,-4.253860216780861,-8.453174230029308,-6.3683771105233316,-7.495543697212892,-2.9602374146286405,-3.941125487460097,-4.71922449186933,-7.723403707121093,-7.780456439251217,-9.639242534571117,-6.870829850185395,-7.085338855826679,-6.985370975362543,-7.0693612716092575,-2.2932040219127017,-3.8889660347968635,-11.283510707869631,-8.140066284328562,-6.391474643857048,-2.237697918961825,-3.9017036876061995,-6.3190709511698335,-3.245225689457672,2.4664245271862195,0.32051233065928,-1.1418554036446467,-1.6481703834880788,-0.13125203260243276
19,108,4,-2.7636037943714347,10.972158268366643,-9.037501784740016,-3.8873438455119054,-0.33601887292432936,-2.7877813525179933,-5.327529608726318,-6.0899619875339415,5.883941875520825,-0.850284966049579,-3.6573193738643095,-10.498665157850361,-5.495790138715744,2.197987161258736,6.986597680305014,-9.186433661660947,-10.183961578735671,-6.996055343605741,4.8347922348212915,-6.717871433623684,-9.984625773277228,-7.3541006921086325,-8.242798569691702,-8.33009996758093,-11.927197697685985,-1.9179588180239782,-12.131595648825169,-11.28741290075023,-12.232092442490702,-15.644614362952904,-7.531187749470631,4.755668568882021,4.694980217007603,-1.8425551486235667,-3.1589065308841664,5.701330413377461,-1.5946819722061845,-1.8431996095630292,-5.085811978958477,-5.397084479299716,-5.129940435313047,-3.390499850871363,-7.100432109678304,-6.691916085711519,-3.9926539166467028,-3.6941812877974893,3.160528763946965,-4.636536438069188,-8.41843683270329,-2.597725420792746,-8.795570873723529,-5.244659270500627,-11.012406726117904,-4.908387051713536,-9.508688287387832,-0.571363297359246,-8.509715834269064,-12.516271917603722,-11.490268730535737,-10.584606527373559,-10.434581344924503,-12.866592886335239
19,109,3,5.174588882069035,6.265582550166558,0.4719153462523004,3.2960385325486863,6.345479496232257,3.976422935639078,-0.31277913206381847,-0.742321536206163,3.7038878715347208,6.8611588830755785,-2.958361848288716,-1.995629202892503,3.7004301225036795,9.118238705471615,7.924481761221566,-3.6155998337752644,1.6042597355923003,3.2598077973191857,6.684969460409949,-0.360658666641428,7.647333317697503,2.422016086851859,1.8161998534711392,0.07722145091833046,-0.6938598227528169,2.0967792933238907,2.422091606799967,0.039479617574592646,-0.3566053873723053,4.471702482528624,-4.05387109471485,6.209405300639022,4.362365770346781,-1.4342436229741988,1.3068670157752027,4.136616903638309,5.793058321280289,2.05890409215978,-2.1020947864120125,-0.8885023242725824,3.105422696700638,4.500128875651237,-0.7075841190270717,-4.118039315418771,2.1101302809859974,3.238674665897766,7.350647429106527,0.35136985928160985,1.4083949686226807,2.6876889786160563,9.12885651725526,2.520895089045529,-1.3569599014491114,5.997127421140648,4.080021890504968,2.6300451475218294,-0.868160288417485,3.8877482290973124,5.117260448089463,0.5061816368479197,-1.811573196316091,-0.7507125964990209
19,110,6,0.7390593131777001,12.687545813776252,-2.705044408078962,-3.7950824641810064,-2.54581046299782,-2.0067134256951715,-0.34120552668847715,-2.402785216418393,-5.566593958746376,0.25151757839158595,-2.495455363470059,-4.132159160586395,-0.139794124352816,-2.9384065509274033,-2.9763483222142413,-2.813372241060548,1.3162892105784736,1.1498597281581775,-1.208299130735144,-1.3999950635337797,1.1842016442693077,-2.4378781195093935,-2.734119648693082,-1.9184432548027832,6.124343972707098,5.9370079892006,5.9362836063998525,6.036047074989205,7.703897245092003,7.448775288421755,-5.667677380689756,1.6351216964241928,-0.6232783291943174,-9.242362091817508,-3.062734192759706,-5.555056294426322,-3.2177681293701994,-0.3835917188609948,0.6767311095055655,-2.5331304745177907,-4.479920241641018,-1.7641691737467542,-2.261417624454026,1.4770964515145606,0.2014069325665418,0.21122462515968998,-2.5140062780460224,-1.063545054733392,-5.020208176668374,-0.5575945659926744,14.31260083456773,-4.820885618648874,-0.9160576330174168,-3.751665128179169,-3.1414000779026887,-0.8048719890052212,4.556781586128988,1.9350520023031228,2.0800417012466865,1.3055915315493536,5.1066694965461155,8.938991712843539
19,111,5,-23.844893181832838,-17.726500393709212,5.804724894691168,4.435778417698359,6.452340644080099,-8.153328321181332,-17.736638156379158,11.251008859693592,14.1151672853952,13.378138979862834,-1.8231153179914101,14.297583200849546,21.765064993129315,27.091874477976,25.226408569820826,5.130633762155989,26.35546403514539,35.10178655422315,41.7883514129534,34.40430901708398,32.51157660105424,40.699700148912456,49.62330085729678,49.61514099123999,40.80974356743802,20.631991689524998,43.75095891080249,44.18847897430745,46.1320552338914,23.421479749516028,-9.772152355985668,-9.44246673579442,-12.731971959469886,-44.75854005828136,4.641047463865905,1.9285587503733796,3.6652749176477872,-7.8967308498828235,2.504744135150005,9.8582626155623,13.106941576660956,10.24347212347316,-9.003177695476062,-17.37477500375542,18.50541716155869,28.72821387321483,22.43208965813605,13.136376811668464,19.127784266886188,30.735994211057342,42.31812851421718,38.50600643492326,23.440732903324257,42.83076352117268,43.867455404706114,50.08060287120863,49.95681771931305,41.59551327802788,50.71737450397593,51.85786102185164,56.75494585022693,50.577402705735516
19,112,3,12.963498703226813,20.120329987712015,12.293491843270091,12.422708275977795,15.07777999055276,10.09158026313455,8.661487786417327,8.548888891140315,10.012087714091711,7.713306053200877,6.349612800733799,6.595361457067181,8.282309233159875,12.844455297624622,11.954672932999625,3.0593208749551457,9.49331060902602,9.169624940588752,4.665393881715564,1.6977520933056758,3.2050483857463234,3.4300549786790557,3.337989265201386,-1.3624042964245127,-4.359343590169417,-4.274353358690149,-5.599117982632866,-6.500784710526648,-7.312234385983971,-6.6768985092299165,16.817842672601714,26.24277191063981,15.933131443200311,26.97426253121072,12.119449135620242,18.02665308156482,12.046840919863161,9.782956682006466,11.458277898613456,8.556066569758626,9.209842286095387,6.504006830998125,5.057314518089525,5.404657736329768,7.347651862300839,7.941992660302936,7.997236536497751,5.23140608728295,6.42034545672558,6.516957817048335,0.41904028171173735,3.334695960872055,-1.713556390789497,4.009538187168354,4.057053205738893,1.2335211242969377,-3.655466054952364,-3.6191953598271787,-2.6941733498626004,-2.6065253278740297,-5.063043312997296,-8.204465579241514
19,113,1,-9.071221421858889,1.5612067455743879,-4.003578255163147,-2.570707900676781,-0.0639371516228402,-3.0750007846324596,0.2913615648271281,-1.7538271380031887,7.726088145219652,0.3528898504290134,2.5718723738043576,0.48409297158260123,-1.4806074920769166,1.381257452366013,4.637989713287936,5.122380492143993,5.124891600503426,0.2384687996818684,4.714597924623819,7.213377670078286,5.849159979397749,4.480369047965945,3.074991846022697,5.908750589051079,10.617206167883985,7.105729797991309,4.102443891986296,6.657311924165343,5.794489390216768,4.753321887516393,-5.056772225422832,5.6382731465145755,-4.609198836882311,-7.182613471840939,-2.402656306489943,-0.1959625587503332,-3.827251038264219,-1.7688180680000576,-2.2426267439931116,-2.5902677077641,-1.3988261748639075,-0.434471267224408,1.172410652247293,1.3818885796339955,-5.33500954856891,1.3556221819868888,0.8384851184332853,4.865903035317344,3.203350618826622,1.9094967828359346,-3.580213466410739,4.519106461507519,8.853063657232445,6.150330358150801,3.2780608447870554,5.010870467598846,7.904064083335606,5.693952623573017,5.483870217985497,4.020818071848736,6.808861653286417,7.272230414719115
19,114,6,17.32895334764589,18.400596090075673,13.56067927836487,12.136262343299185,6.326373074885185,5.407493245976738,16.013886244871046,16.230288477478222,-2.8385452476625392,-0.9975323775135794,5.2721524016077,12.111400390242622,9.251961962796937,-9.27002402812969,0.1432918653846138,3.0888361175340138,7.121187455253676,-1.6540859002370114,-6.934847043940749,-7.011695165709568,1.1225487947600277,1.4199415284049954,-6.633712265549634,-11.228884642989161,-11.960348493169718,4.354019159502233,-1.769924759081135,-3.2841853172768207,-7.909330755790196,-1.6942988237161667,16.768372155419296,32.30385422225041,9.080350242373417,27.149229469851083,13.565034865486876,4.642011874900541,4.60856337356949,6.052433563623485,12.438628218250303,16.36192711306417,6.5153756619817225,2.2511555411421313,9.021368641906033,11.603418712118051,14.65932180272222,0.24847753729852973,-5.65375750977546,-0.6579001309554552,12.207586049692848,6.103144097783626,-5.494781210518826,-6.128077311498089,-7.662950961254301,2.2522444024045996,-1.1008157531997733,-7.763549977095751,-14.865270875791852,-1.2427699596510369,-2.5371482964014516,-6.350555060885661,-11.508113116048648,-12.964791924874417
19,115,5,-17.610306019281474,-14.903012753778038,-15.459113887261323,-14.884475176972218,-13.595083447173238,-13.385774547325035,-12.216443796187827,-14.68473049058868,-21.326735830513716,-16.38893576123945,-11.844202967661595,-10.417492618706223,-12.502872057202296,-21.441899234518438,-10.748796076968125,-10.969087209643384,-11.847265127631717,-16.4887171411637,-18.17701143904294,-10.132393151271819,-10.572317763731425,-9.982061380157011,-11.013588939427125,-11.773812599128066,-10.734382809843963,-11.202947100669865,-9.430937898163565,-9.590460827528712,-11.876744901034517,-7.3676205124115475,-16.210510942074126,-25.273101444790573,-11.011735635650597,-10.59332202790623,-15.462176146701253,-18.499652817890773,-14.257836981699237,-14.213939632220962,-8.064618125434382,-14.116189460747131,-14.220215039055162,-12.39580628680202,-9.96682597612735,-11.160703030971398,-11.85197621279555,-17.70046061636147,-11.25011556961846,-11.35607445767581,-9.456635426484302,-15.754222089402006,-18.691335301846266,-12.293816396478197,-11.347443439179985,-7.549534326419234,-12.223474821030374,-12.745029625829263,-11.27317752522735,-8.305957944328306,-8.906054245376192,-10.497909636713754,-9.497403924965305,-11.158107541404986
19,116,4,14.325409633788935,-1.5833709726107235,15.983277626824005,15.309150976015301,6.581037170185549,6.87666538403165,-0.8029564817098138,12.37978881647492,9.65904233191253,7.224515278641949,3.6612571290376152,9.855827106662638,11.265346460639243,-1.8811458030306734,12.889090423869735,1.1671307006987135,8.35749965836862,13.755464068057428,6.853421280455847,3.847886403000389,5.923505940224705,8.33068211230154,7.463881784822886,5.7428454793535355,2.7404884532642013,-1.7379116124314502,3.6244753796221105,3.2069950361349973,4.824783425142128,2.600134310674591,8.448565373606073,7.227288705274102,7.228612988982804,3.562738088232171,15.899740741520024,6.026824906337778,8.096715565066692,5.6023846235148955,12.005192499971253,12.790055807679892,12.130809074267745,7.059281371215859,-0.5829809120765361,-0.02154644218375698,10.786009061104828,8.548319954402384,11.313221537076481,3.26085667134967,5.815018083832067,12.92816558230396,6.009380651084229,6.15715692024224,1.5881265061566747,2.6787201814501116,9.62553599286007,7.418695641772415,5.12627384885464,2.318928173652327,5.445892885963363,6.519437753152461,5.807542658456396,6.6182635525332305
19,117,3,-9.603656203522938,-13.344099293871805,-12.764118256363968,-21.10498715846278,-24.422598791195124,-25.783620808182707,-10.435390212692367,-16.64255560498412,-28.664516881835187,-22.23756239635917,-14.92179039295013,-11.76885704951582,-18.73263262839215,-30.49524526952245,-28.46809200215629,-7.971401196247164,-17.397019214598785,-19.85904828340905,-24.076650935883922,-18.44710218056855,-15.890420831064134,-19.658703554705607,-22.96195085828261,-21.920445604022685,-17.176292558456208,-11.158885333024063,-14.28833439271534,-16.65013769886843,-17.26877611039616,-13.645642944495194,-14.166615596660067,-22.012733621045758,-19.248085437387953,-13.069928660443638,-20.710022025718914,-27.389947280605753,-20.779856871086636,-11.299803849218826,-12.889112652949525,-16.21075984610745,-21.15919544354718,-19.875208096351567,-8.49227611583703,-4.144203469020927,-18.10496778406839,-19.389541758269797,-26.501462613277873,-15.700311530563168,-14.329342903796489,-22.87777389685918,-24.305795391885237,-22.058333140139176,-11.370385459970635,-21.490343265899842,-18.873213536164258,-21.474001194827448,-20.878460443601384,-13.587754680120618,-19.538118032375113,-22.14533670301117,-24.318755239248276,-17.870179042027036
19,118,2,2.4076651147135135,-0.2634774230352449,-3.450219295818144,-9.780107825352788,-17.83159276098013,-8.007854234245487,2.3519101096856643,-9.674255539390552,-21.460032450989267,-19.36515081517125,-7.837824742666099,-4.954942118984122,-15.591525922733819,-29.550223668017896,-21.247985639177802,-4.272922285173723,-15.188929992205487,-23.96302560821357,-25.62904909551824,-20.351941062364634,-12.9408810146312,-20.609729732682055,-27.237459762459146,-26.281447020609214,-18.853253778524508,-5.3487160541174,-17.029925057346492,-16.881059870850763,-20.771852585487068,-10.466305465414754,-3.051960959462676,-13.922858008297114,-9.001480012314346,13.85288099520386,-9.322974578772742,-18.61962948791774,-16.904579789298236,-5.650846372420971,-7.708097157318411,-8.009623048781629,-13.81893897100873,-14.51647880839231,1.8491550951503302,6.899602927426559,-11.498895268455687,-22.125181315296384,-22.499271149622135,-12.084516132205007,-7.114071926607459,-20.892211242221155,-25.007561844478317,-24.5080379312063,-12.268207674391757,-16.409544543249577,-23.45782603387064,-28.340813271599128,-25.36277606647187,-14.127456008808734,-20.26167975693215,-23.66974391263523,-26.61817274915007,-20.891780217246303
19,119,4,-0.44254231748239237,2.590627710652969,-6.087384307404933,3.4985209771392225,7.59974712524109,15.62873002829985,4.636576393761149,-3.6652348762968665,-0.005426642961980144,10.641481513339212,7.156809268019547,-11.528637166793755,-0.6182205861195837,12.013645756671703,10.104749094013398,1.8708703926219254,-10.69315657174078,2.7704259033610175,11.143138826438568,3.618719768540071,-10.092806926178865,-4.455764875872194,2.210187039576562,2.3963585130291114,0.5591589262760125,-3.0927650111375318,-5.444746174054539,-3.6123065451023817,-1.9773493792290968,-3.2850208962080654,-1.2610719370564851,-6.225085130347533,6.975322147927862,-4.29843755248117,3.2466523547361543,4.270006704570091,13.085821836641648,12.591519999451279,-18.276188320866442,-4.871356326950395,2.8440696724290144,12.750509571556634,1.8828925403493744,-0.4850974187777353,-8.070302521179594,4.952026598053282,5.358818116461541,6.997388631625031,-8.662589958391896,-2.459557941342453,18.153438412925087,6.280915686697417,2.9851260740400813,-9.586274278296228,-3.958467524759925,4.447067190279684,1.5772110937424464,-6.8492034173275265,-4.909618092064817,-1.756791526974155,-1.3896529089727576,0.8016320807211917
